14	70	1
18	32	4
40	58	5
56	70	9
2	36	15
44	64	18
43	78	33
21	78	39
5	30	54
18	39	55
38	85	64
18	95	66
14	67	70
2	7	73
5	8	83
66	93	84
72	95	86
65	67	87
33	65	90
52	59	90
45	84	94
12	83	97
54	55	106
8	50	122
45	49	127
79	94	127
18	23	137
19	21	138
10	54	150
2	12	151
17	73	152
2	12	157
23	64	160
52	89	163
2	25	175
2	61	180
21	38	180
55	89	180
52	87	183
21	52	185
18	91	192
46	47	200
91	96	212
2	15	213
2	28	213
18	24	219
11	96	222
18	85	222
16	89	223
18	34	225
57	91	226
23	82	227
76	89	229
17	52	232
4	97	255
30	52	272
34	59	273
52	63	276
45	96	285
48	63	287
75	76	289
33	55	294
18	56	304
56	79	307
68	72	309
55	88	316
2	5	326
2	8	328
2	11	328
1	31	329
31	51	329
7	31	339
22	50	344
21	89	351
2	27	353
19	98	365
2	6	379
23	92	380
25	26	386
48	78	387
75	88	387
8	56	390
8	97	390
50	95	402
21	56	403
19	30	409
2	63	414
57	91	414
14	15	418
42	55	419
22	85	420
14	33	428
28	56	433
54	84	451
46	78	462
2	24	468
5	59	472
19	47	483
9	70	489
3	19	499
1	66	502
62	91	506
31	99	509
42	89	516
19	62	529
58	90	534
32	80	541
15	24	544
57	96	549
42	52	553
19	61	567
2	88	575
19	58	585
2	57	591
78	98	591
72	94	593
14	97	608
2	14	634
51	77	643
59	89	649
18	35	650
70	86	655
55	70	663
1	30	664
24	46	674
44	89	699
59	79	699
19	31	700
20	56	701
2	39	704
34	56	705
5	66	711
5	6	713
2	37	716
8	71	730
25	65	744
2	64	750
6	93	760
38	47	762
82	85	767
24	36	775
19	52	781
74	80	787
4	56	789
43	89	799
4	84	802
4	82	806
8	18	806
33	99	808
19	31	811
1	2	820
78	83	822
5	57	823
26	84	823
33	63	823
5	70	830
49	80	833
31	68	834
23	58	837
21	56	840
46	48	840
28	39	847
19	51	857
25	35	858
17	56	862
33	74	864
22	91	881
2	19	882
2	14	901
11	50	904
28	59	917
2	97	923
14	78	929
31	93	939
34	85	943
19	58	957
5	48	960
33	78	966
5	67	970
34	91	975
1	97	978
2	87	990
56	89	990
4	93	993
56	88	993
2	4	998
64	96	998
2	90	1001
45	74	1005
82	85	1007
9	45	1020
28	82	1031
21	55	1039
35	89	1042
13	15	1044
24	36	1052
9	19	1057
56	78	1059
0	46	1063
83	91	1073
29	84	1077
22	49	1080
2	4	1088
51	70	1100
24	52	1106
51	55	1113
29	89	1124
19	20	1129
2	16	1147
2	23	1154
10	19	1154
4	17	1165
2	91	1174
49	84	1176
15	19	1184
56	70	1185
2	82	1194
2	9	1195
23	34	1195
8	23	1201
56	98	1202
41	97	1203
15	43	1204
55	85	1205
11	17	1217
6	49	1221
68	79	1227
3	22	1229
31	46	1229
46	82	1243
74	82	1249
82	89	1257
22	95	1258
49	91	1275
12	72	1279
20	28	1284
79	82	1289
2	15	1290
4	68	1290
17	19	1293
31	55	1305
56	89	1316
2	43	1327
2	77	1332
55	62	1339
2	47	1345
82	91	1352
4	8	1354
79	93	1359
0	27	1379
20	29	1380
37	65	1383
36	82	1385
19	56	1386
2	3	1389
38	78	1389
31	55	1393
66	94	1394
7	22	1398
8	12	1405
4	46	1423
8	18	1431
2	15	1433
56	85	1440
27	95	1449
18	56	1453
27	90	1453
26	56	1454
2	72	1457
44	82	1458
19	79	1461
2	87	1464
37	38	1465
96	99	1468
4	89	1481
1	73	1485
23	83	1485
2	4	1486
10	77	1488
93	99	1489
60	92	1492
2	18	1495
34	97	1507
27	89	1508
2	14	1510
47	89	1512
12	84	1519
16	82	1521
34	64	1526
28	93	1535
39	82	1537
2	28	1539
14	50	1545
8	99	1546
24	37	1547
5	51	1559
19	54	1560
87	89	1563
19	66	1572
57	85	1575
1	11	1581
43	67	1583
86	89	1590
2	8	1596
21	78	1606
18	55	1615
45	99	1617
31	75	1633
35	48	1637
8	79	1638
2	22	1644
58	62	1644
52	98	1648
6	18	1649
17	86	1654
22	95	1658
2	89	1659
34	99	1664
2	82	1665
35	61	1667
2	54	1675
31	78	1686
25	56	1689
2	81	1692
2	19	1696
77	84	1696
55	67	1697
23	72	1704
60	99	1705
17	80	1706
10	42	1709
26	31	1709
56	97	1709
43	93	1712
19	97	1719
54	83	1721
1	17	1723
51	92	1736
2	52	1741
30	43	1743
2	63	1745
41	56	1768
49	66	1768
2	41	1777
22	92	1779
4	94	1781
68	84	1785
49	54	1793
7	35	1794
50	93	1794
3	66	1802
27	98	1812
18	93	1813
50	51	1816
2	72	1821
17	82	1824
5	89	1838
18	42	1841
17	19	1843
49	66	1846
13	64	1853
31	57	1854
40	75	1875
2	36	1878
31	98	1885
2	8	1905
46	78	1907
2	80	1909
53	85	1918
32	78	1921
45	89	1923
31	58	1931
21	27	1938
14	21	1945
31	32	1947
11	29	1952
4	52	1953
1	14	1959
45	52	1965
4	44	1968
84	92	1972
27	41	1979
40	83	1981
2	89	1990
2	57	2001
1	25	2003
5	72	2005
17	82	2015
31	85	2015
45	97	2016
68	86	2021
16	29	2037
86	93	2050
29	52	2057
47	49	2059
54	60	2059
28	31	2063
35	82	2067
86	89	2067
22	91	2069
2	60	2079
2	10	2087
19	60	2088
60	74	2093
2	41	2096
46	58	2098
94	99	2112
2	89	2113
81	91	2118
17	33	2131
2	30	2133
57	66	2136
5	64	2139
17	49	2141
30	44	2144
49	52	2146
22	70	2155
19	56	2158
13	18	2162
64	99	2162
9	22	2165
2	56	2176
48	82	2183
11	47	2192
2	96	2193
1	15	2196
89	94	2196
64	80	2197
18	27	2210
16	90	2212
78	96	2235
18	21	2241
92	94	2260
6	31	2261
36	43	2270
10	47	2282
91	98	2282
55	78	2283
1	81	2287
10	72	2289
2	56	2293
2	23	2301
19	99	2302
2	98	2303
11	15	2307
19	31	2309
31	84	2309
44	89	2319
2	49	2320
2	66	2323
20	36	2326
49	82	2328
18	89	2331
19	90	2331
81	93	2335
49	69	2340
6	23	2348
2	5	2349
8	83	2364
2	5	2369
2	97	2378
2	17	2381
8	92	2390
18	60	2393
7	89	2394
5	82	2395
2	79	2396
1	2	2397
6	87	2409
0	90	2412
2	15	2431
35	92	2436
38	77	2437
19	32	2439
18	30	2440
17	92	2443
1	75	2463
4	52	2467
0	23	2469
3	28	2481
31	49	2491
22	55	2492
0	35	2496
5	29	2504
9	79	2506
3	34	2511
31	71	2511
7	19	2525
45	87	2530
34	89	2546
2	48	2547
42	55	2549
2	12	2552
8	9	2560
2	25	2562
25	27	2572
29	49	2578
10	22	2581
2	51	2583
15	36	2584
2	50	2594
40	44	2596
0	2	2605
2	12	2615
23	79	2617
18	57	2631
93	98	2637
19	48	2639
48	55	2663
23	47	2664
70	92	2666
61	87	2668
63	85	2669
25	79	2673
2	36	2677
36	88	2684
2	27	2687
14	48	2698
22	97	2700
5	10	2701
19	26	2705
13	32	2708
15	61	2709
22	70	2712
33	66	2712
31	98	2713
12	87	2717
65	78	2719
4	35	2724
94	98	2724
2	39	2725
31	65	2725
32	83	2725
31	43	2731
23	79	2737
19	96	2759
19	72	2761
17	52	2794
4	96	2811
8	76	2815
4	34	2818
2	60	2821
4	76	2824
28	98	2833
31	89	2840
56	67	2843
18	60	2890
12	17	2899
37	54	2903
14	26	2904
2	42	2905
59	91	2915
39	47	2921
31	88	2926
2	17	2931
31	50	2931
67	94	2931
2	66	2941
13	69	2948
40	52	2951
4	45	2960
33	97	2964
17	95	2973
2	54	2984
24	36	2985
4	19	2986
15	29	2986
21	90	2995
21	45	2997
18	49	3003
45	77	3003
42	57	3008
47	58	3017
2	30	3022
18	93	3025
31	34	3032
13	27	3033
59	73	3049
2	17	3050
3	19	3055
5	14	3067
2	87	3073
40	83	3085
72	91	3096
27	82	3098
37	97	3100
76	96	3102
63	80	3104
2	16	3105
2	6	3107
23	98	3125
2	18	3131
17	81	3139
2	19	3151
31	94	3151
31	59	3155
82	99	3155
4	54	3159
16	89	3165
4	97	3179
2	98	3195
2	26	3196
39	65	3196
4	28	3197
3	28	3199
23	89	3206
2	54	3213
8	14	3222
23	84	3234
19	57	3242
68	95	3243
53	61	3249
31	56	3259
2	46	3270
2	59	3275
2	38	3281
55	79	3287
2	89	3295
66	91	3305
1	89	3309
4	7	3319
3	83	3323
2	85	3326
3	56	3327
17	60	3340
62	89	3341
19	29	3344
76	85	3345
29	65	3361
40	83	3362
18	38	3363
39	48	3372
19	35	3376
24	82	3380
48	74	3381
67	94	3391
13	74	3396
19	85	3413
7	37	3421
2	89	3422
19	47	3426
15	19	3428
2	25	3430
2	45	3460
31	53	3467
37	90	3467
12	38	3471
2	19	3490
19	78	3497
83	91	3497
51	55	3498
33	36	3499
40	85	3507
72	85	3517
2	55	3525
78	96	3525
2	91	3538
2	18	3539
26	72	3549
20	48	3550
48	95	3556
16	21	3563
8	24	3566
31	65	3567
42	98	3570
14	76	3573
48	93	3578
2	13	3579
2	80	3583
83	89	3584
4	56	3586
31	95	3588
2	22	3589
2	19	3590
5	88	3598
34	41	3604
5	37	3614
2	20	3615
17	93	3616
9	14	3622
58	73	3624
8	17	3628
15	78	3636
19	52	3639
29	85	3647
1	86	3648
18	22	3649
28	95	3649
2	14	3650
2	4	3658
14	90	3658
45	61	3663
84	85	3675
19	54	3678
53	71	3678
29	93	3686
52	56	3697
2	24	3699
13	85	3711
20	57	3720
6	59	3721
0	2	3723
16	59	3723
24	73	3725
0	44	3760
0	18	3774
19	75	3795
5	7	3800
61	87	3800
31	85	3806
63	93	3806
48	59	3824
31	68	3825
21	44	3830
2	85	3844
21	93	3846
18	91	3848
2	52	3864
11	56	3866
3	65	3868
11	19	3869
2	80	3878
33	92	3879
80	92	3881
42	59	3884
9	82	3897
25	27	3904
19	68	3908
2	43	3910
27	56	3912
31	74	3920
24	60	3940
0	17	3945
2	6	3952
66	96	3956
33	91	3957
3	76	3965
42	57	3969
59	86	3969
55	70	3970
14	62	3972
48	54	3975
19	29	3978
10	85	3979
16	56	4007
45	75	4008
19	57	4023
57	91	4025
7	68	4026
31	82	4028
52	69	4039
52	89	4043
2	30	4055
3	85	4057
39	98	4058
2	93	4060
2	31	4062
65	72	4067
2	44	4071
85	89	4080
89	91	4080
19	83	4090
51	87	4094
28	42	4096
2	96	4101
83	94	4111
24	78	4117
27	40	4126
24	99	4136
39	67	4136
53	74	4138
57	63	4140
16	76	4142
26	39	4144
32	52	4144
23	68	4154
14	16	4160
19	99	4161
15	48	4166
19	20	4173
9	52	4177
47	89	4177
21	77	4201
4	57	4202
74	75	4207
19	74	4212
50	60	4212
21	40	4231
49	64	4232
50	71	4232
33	93	4241
9	44	4243
36	40	4245
39	64	4247
36	38	4248
5	26	4249
19	56	4249
2	18	4251
8	19	4252
24	69	4263
41	66	4266
84	91	4271
12	21	4281
14	40	4299
15	97	4318
23	91	4324
67	82	4325
2	58	4332
25	31	4342
9	57	4344
5	38	4350
35	54	4352
2	90	4355
31	84	4356
12	19	4362
31	99	4366
7	89	4381
2	85	4390
0	89	4391
10	31	4391
43	78	4393
58	74	4395
6	96	4400
19	26	4404
16	72	4409
2	15	4426
8	20	4430
70	89	4432
22	94	4437
87	93	4442
48	59	4451
14	48	4452
8	68	4458
89	98	4464
56	82	4467
82	83	4468
0	11	4484
12	24	4484
2	71	4498
9	48	4502
3	71	4505
48	87	4511
17	73	4547
2	8	4548
16	63	4554
14	17	4558
24	32	4558
12	85	4562
5	89	4569
1	80	4581
1	45	4586
19	99	4588
56	87	4591
2	9	4603
26	55	4613
4	85	4621
18	31	4637
2	75	4644
31	98	4654
1	19	4655
2	56	4657
19	98	4657
78	96	4665
10	47	4674
24	52	4675
23	36	4681
2	28	4693
25	45	4694
31	71	4702
18	80	4706
4	58	4717
49	61	4717
0	58	4719
51	62	4731
2	96	4733
40	87	4743
0	88	4750
55	85	4753
2	53	4754
23	47	4757
6	12	4763
15	68	4781
58	91	4784
58	78	4787
85	94	4809
0	29	4816
84	93	4824
27	78	4832
1	12	4843
2	62	4851
15	81	4855
2	94	4861
17	99	4862
30	33	4866
10	75	4874
14	31	4876
12	70	4878
4	84	4883
27	93	4886
35	89	4886
4	30	4890
35	42	4894
1	31	4898
21	52	4901
2	3	4903
67	93	4908
2	92	4910
2	31	4923
2	79	4928
4	89	4941
39	62	4945
89	99	4948
45	60	4949
80	82	4950
24	96	4954
2	86	4957
6	67	4964
26	96	4984
58	94	4984
54	63	4986
55	89	4988
0	98	4990
21	70	5008
19	54	5012
44	50	5013
17	93	5015
2	52	5021
25	76	5022
19	57	5026
30	89	5031
29	52	5034
43	95	5053
26	29	5054
8	48	5064
19	87	5064
15	22	5072
57	96	5092
6	35	5098
10	17	5098
45	89	5103
2	55	5107
40	83	5111
23	51	5123
18	93	5132
8	35	5135
32	36	5146
52	70	5151
31	83	5154
7	88	5155
63	78	5158
31	56	5163
86	97	5177
31	54	5186
19	61	5189
89	95	5191
5	23	5194
6	8	5194
1	35	5201
14	17	5202
31	63	5204
51	57	5214
2	26	5216
5	30	5230
2	51	5233
18	82	5233
17	48	5242
4	54	5251
17	78	5256
2	92	5263
10	58	5263
71	93	5266
55	77	5285
11	82	5288
8	89	5290
18	38	5293
56	82	5294
18	31	5298
59	83	5300
2	8	5302
2	52	5302
18	19	5310
61	98	5318
2	32	5333
51	87	5333
78	87	5333
17	93	5335
2	17	5341
2	87	5347
2	37	5371
2	85	5373
17	78	5380
39	48	5384
43	86	5387
41	89	5396
28	91	5398
67	93	5398
2	8	5401
78	99	5402
23	52	5405
23	73	5411
69	87	5416
6	97	5417
23	33	5418
4	82	5432
49	56	5432
27	57	5439
2	18	5441
31	33	5442
68	89	5444
51	84	5448
32	48	5450
19	37	5456
69	85	5469
23	70	5470
52	94	5481
42	47	5482
18	36	5488
34	69	5498
2	59	5500
83	89	5511
21	93	5517
54	72	5524
17	76	5544
19	53	5544
36	57	5546
41	67	5546
19	29	5551
22	35	5551
26	67	5552
70	85	5559
21	71	5561
42	87	5562
79	81	5565
17	27	5579
31	82	5582
44	56	5586
5	18	5587
4	89	5591
2	87	5596
1	94	5609
2	18	5617
45	56	5620
51	55	5623
2	19	5632
8	77	5632
57	89	5642
2	78	5644
14	62	5649
30	92	5650
49	69	5655
17	93	5661
56	93	5669
18	52	5677
4	91	5679
2	46	5686
23	49	5689
31	82	5689
18	57	5694
34	88	5698
2	52	5703
18	19	5718
6	51	5720
14	93	5726
16	63	5732
20	92	5742
27	51	5750
2	5	5760
2	85	5763
59	63	5768
7	54	5771
2	15	5775
2	60	5779
13	23	5786
19	86	5801
19	48	5813
8	16	5818
3	52	5825
35	80	5833
22	72	5837
0	53	5845
25	91	5846
44	83	5853
40	83	5856
55	78	5860
61	73	5867
2	77	5869
2	93	5883
2	16	5896
2	11	5896
6	91	5899
84	87	5899
35	78	5907
32	86	5909
53	76	5915
56	78	5917
23	87	5918
48	52	5921
51	68	5923
44	64	5933
66	83	5940
16	22	5945
89	98	5967
56	59	5971
1	2	5978
0	95	5987
4	72	6000
2	61	6008
39	89	6016
22	74	6031
6	78	6038
12	97	6039
89	92	6043
24	64	6045
65	89	6045
18	21	6058
35	76	6065
24	75	6071
25	93	6079
31	70	6081
2	84	6087
68	98	6089
17	92	6090
21	44	6107
40	77	6107
53	81	6118
20	31	6120
43	85	6144
40	93	6148
9	91	6150
31	91	6152
16	73	6165
17	31	6177
19	53	6188
2	91	6190
6	83	6199
0	21	6200
80	90	6206
35	38	6212
2	5	6227
19	69	6230
70	98	6233
19	79	6240
6	48	6243
19	89	6247
22	31	6248
2	88	6252
5	34	6254
54	83	6254
10	54	6262
49	82	6266
93	95	6273
80	85	6283
45	89	6284
56	91	6297
8	19	6300
20	66	6300
7	36	6310
38	65	6319
1	32	6320
0	22	6323
12	95	6332
72	91	6338
36	47	6342
2	59	6344
21	52	6344
5	56	6346
45	92	6349
19	64	6351
15	68	6358
19	78	6365
80	89	6366
2	38	6368
44	49	6378
4	56	6380
67	91	6388
78	96	6393
67	69	6395
13	68	6404
22	31	6420
61	92	6422
51	55	6424
1	86	6428
91	98	6456
18	75	6457
36	90	6466
27	89	6467
13	64	6469
4	83	6481
18	22	6484
10	95	6489
6	60	6491
10	91	6496
18	54	6496
14	15	6505
19	89	6505
18	51	6509
32	44	6510
43	50	6513
22	84	6519
18	46	6528
73	85	6534
22	85	6535
19	51	6549
17	84	6558
23	77	6558
2	28	6559
22	74	6561
90	93	6564
19	40	6567
4	76	6568
19	93	6574
59	90	6577
42	56	6585
24	50	6586
66	72	6587
19	49	6595
14	44	6596
23	90	6598
5	15	6600
12	70	6604
8	18	6605
2	50	6608
15	85	6609
2	56	6610
2	85	6610
19	47	6614
12	59	6622
42	52	6630
8	31	6637
1	39	6642
56	73	6642
5	98	6649
69	85	6657
18	73	6661
15	91	6664
86	98	6667
2	19	6680
19	25	6696
2	11	6698
23	72	6698
2	31	6708
32	66	6710
27	94	6723
48	56	6726
53	72	6734
15	49	6737
2	31	6738
34	82	6739
2	92	6740
69	72	6744
50	93	6751
53	63	6751
2	18	6752
21	93	6753
32	83	6754
2	19	6758
19	87	6773
57	69	6776
18	31	6777
44	93	6785
8	29	6787
42	70	6792
26	85	6794
3	56	6796
20	78	6803
2	47	6804
0	92	6819
17	91	6820
18	22	6822
8	19	6827
9	55	6839
85	89	6845
31	45	6847
64	79	6847
38	82	6849
13	32	6851
10	60	6858
0	57	6887
2	71	6895
2	17	6898
81	82	6898
55	59	6900
87	94	6905
18	97	6912
33	46	6912
6	90	6914
37	68	6918
19	42	6930
57	85	6940
1	4	6942
2	46	6954
73	75	6963
11	17	6965
5	70	6969
41	96	6971
22	46	6986
34	95	6988
18	52	6994
19	85	7002
56	68	7009
24	58	7017
51	76	7025
1	31	7028
22	54	7042
4	71	7047
42	44	7052
61	93	7068
19	72	7069
17	79	7075
21	84	7076
19	88	7085
38	94	7088
9	87	7090
41	63	7100
18	43	7104
31	78	7119
15	30	7122
2	48	7130
2	70	7134
39	64	7143
72	81	7143
40	83	7144
0	31	7154
12	86	7154
4	24	7155
52	95	7157
31	87	7158
3	89	7166
56	89	7168
10	72	7176
2	25	7188
25	99	7202
22	64	7203
8	93	7212
45	52	7220
24	36	7227
18	98	7236
2	89	7242
2	34	7242
82	98	7246
35	89	7248
6	41	7251
76	89	7263
7	19	7269
54	95	7272
2	45	7285
46	81	7289
2	24	7304
18	80	7311
2	99	7312
19	40	7312
20	31	7314
38	68	7314
41	83	7314
70	85	7322
27	50	7324
18	49	7332
0	1	7338
38	89	7340
4	81	7341
2	89	7344
31	44	7346
31	67	7351
82	85	7354
22	62	7363
35	60	7366
24	26	7367
23	24	7369
2	60	7372
9	56	7372
50	85	7376
35	55	7380
43	45	7381
2	44	7387
26	80	7388
65	99	7397
8	45	7414
23	38	7418
9	24	7419
38	76	7419
18	64	7427
40	82	7432
14	48	7437
52	81	7442
2	25	7444
17	54	7446
26	35	7448
28	52	7456
33	56	7458
33	40	7458
10	29	7460
55	96	7463
19	29	7465
31	58	7474
10	45	7478
2	31	7480
2	44	7482
34	97	7489
78	98	7494
52	78	7495
2	46	7499
2	36	7502
2	88	7502
78	99	7519
2	66	7520
39	82	7520
3	18	7521
28	97	7530
54	60	7534
2	18	7535
10	14	7546
2	89	7548
54	83	7560
23	70	7563
2	24	7573
39	52	7573
19	28	7576
36	38	7578
2	92	7581
4	52	7585
54	68	7587
22	72	7591
2	49	7593
8	19	7604
65	84	7606
2	56	7609
27	42	7622
7	97	7623
2	61	7630
6	8	7633
63	78	7634
13	47	7644
23	35	7649
28	98	7649
2	96	7670
18	60	7670
2	81	7696
34	35	7696
19	31	7700
7	78	7701
33	72	7706
40	62	7725
4	79	7741
19	43	7755
54	56	7767
2	25	7777
85	97	7777
15	50	7790
8	85	7792
21	30	7795
29	62	7796
75	89	7799
2	44	7801
29	97	7807
15	54	7809
33	56	7811
4	16	7812
40	91	7813
6	91	7815
43	69	7822
19	85	7823
93	94	7844
0	37	7845
13	15	7849
37	70	7849
33	87	7856
2	19	7859
8	40	7861
31	83	7861
44	65	7873
40	52	7874
87	89	7889
83	89	7893
3	9	7902
56	69	7913
6	64	7925
48	59	7934
18	70	7943
2	18	7945
2	55	7946
67	93	7956
2	33	7971
12	17	7971
24	73	7974
4	36	7975
19	49	7978
58	60	7984
32	56	7990
19	56	7997
15	67	7998
83	91	8016
17	76	8019
12	52	8020
9	61	8021
24	31	8021
64	82	8025
2	83	8028
15	78	8028
58	91	8030
18	38	8067
2	68	8068
40	87	8072
3	82	8077
79	92	8077
19	94	8082
78	98	8082
2	11	8086
13	19	8087
8	46	8089
21	95	8095
60	66	8100
17	60	8102
2	21	8110
54	70	8111
24	98	8127
19	57	8138
15	87	8141
27	97	8150
14	48	8156
63	72	8166
33	83	8169
50	82	8169
29	66	8176
21	62	8189
79	89	8190
19	83	8191
2	32	8209
47	55	8210
24	64	8214
25	81	8220
23	31	8223
40	88	8244
56	94	8248
82	83	8248
3	89	8255
2	44	8259
42	57	8261
45	51	8271
31	74	8274
2	35	8277
20	78	8282
2	8	8293
2	37	8300
22	55	8301
11	83	8304
15	17	8308
3	34	8316
2	63	8317
23	29	8319
8	12	8325
12	37	8329
2	57	8331
61	89	8344
39	58	8348
2	76	8351
39	65	8353
49	55	8365
12	27	8371
24	54	8387
58	89	8389
24	99	8391
21	84	8398
66	99	8402
19	37	8418
17	36	8422
15	19	8424
50	82	8424
8	56	8429
2	35	8433
41	61	8444
19	49	8466
31	92	8473
17	48	8481
79	85	8492
28	62	8494
34	83	8495
90	91	8497
51	78	8511
9	79	8512
54	78	8515
54	72	8516
2	17	8517
31	96	8532
43	76	8534
35	55	8537
49	55	8538
18	87	8546
19	25	8546
8	86	8552
67	99	8568
31	56	8583
19	96	8586
2	36	8590
38	56	8599
58	74	8615
51	88	8626
2	56	8639
46	91	8642
30	82	8646
78	96	8650
2	58	8652
2	17	8657
2	23	8670
29	50	8673
68	96	8676
17	46	8682
28	46	8692
50	56	8708
70	86	8710
2	52	8718
15	94	8721
51	87	8721
12	24	8725
19	89	8740
34	73	8741
51	82	8758
2	23	8765
42	94	8767
79	82	8769
19	85	8773
8	89	8774
31	91	8774
2	56	8780
67	89	8787
4	56	8802
78	99	8802
35	89	8808
19	30	8810
49	59	8812
37	78	8814
2	31	8816
17	52	8817
66	78	8817
2	25	8823
14	66	8823
2	14	8824
18	61	8836
19	54	8841
2	57	8855
16	67	8855
2	50	8869
2	91	8874
19	36	8875
18	37	8878
3	5	8881
82	85	8884
2	4	8892
2	91	8895
31	39	8896
46	91	8903
44	47	8906
9	82	8910
31	52	8922
34	91	8923
2	6	8946
31	89	8946
31	78	8957
14	77	8959
17	85	8974
0	19	8982
20	42	8987
56	59	8989
21	92	8993
2	19	8994
2	37	8997
2	62	8997
45	78	8998
5	75	9017
8	52	9021
41	67	9022
6	54	9026
17	56	9031
19	31	9031
18	31	9039
57	65	9041
12	91	9053
24	33	9056
41	99	9059
11	87	9060
19	71	9061
19	68	9063
4	35	9066
19	64	9070
2	39	9082
2	9	9089
5	25	9096
6	85	9098
13	82	9100
52	59	9109
37	51	9111
1	89	9115
31	99	9117
91	92	9127
0	55	9130
25	75	9135
77	83	9144
49	75	9146
25	26	9147
2	35	9157
4	58	9159
2	89	9168
11	17	9171
68	85	9172
18	31	9193
30	89	9198
3	20	9200
29	35	9201
33	98	9210
7	31	9213
77	86	9213
48	87	9217
56	66	9219
9	50	9226
34	86	9241
84	89	9253
2	67	9254
46	76	9276
2	65	9290
48	93	9296
4	19	9299
4	87	9301
12	61	9310
23	57	9312
2	68	9326
48	87	9327
35	66	9344
11	27	9348
28	89	9353
39	87	9356
19	34	9357
44	68	9358
5	94	9363
40	82	9364
2	95	9368
26	58	9373
56	89	9378
34	93	9379
64	70	9380
31	37	9381
24	91	9409
20	46	9410
4	53	9420
18	47	9425
19	94	9432
33	59	9434
2	76	9435
50	54	9436
26	57	9442
28	84	9443
2	72	9445
34	75	9447
2	10	9453
17	81	9467
2	11	9470
4	91	9485
21	33	9500
85	90	9506
46	81	9510
14	78	9515
21	97	9519
70	77	9539
55	99	9545
18	85	9548
41	78	9549
18	73	9552
66	86	9552
52	77	9555
2	93	9557
17	67	9558
19	55	9561
37	76	9575
57	89	9576
14	19	9582
5	72	9583
36	56	9584
29	47	9586
9	49	9598
7	15	9599
7	19	9603
48	80	9605
87	88	9608
54	79	9613
57	68	9622
2	56	9627
2	44	9628
17	76	9635
26	89	9642
31	46	9648
2	79	9650
66	91	9654
4	71	9668
42	85	9680
8	83	9689
23	49	9706
6	28	9707
4	19	9712
22	57	9712
9	40	9714
18	70	9725
27	76	9735
28	62	9736
2	79	9753
10	76	9754
2	69	9760
54	59	9768
41	66	9769
2	21	9775
60	87	9780
84	95	9780
64	87	9784
25	46	9787
11	48	9791
54	58	9791
5	23	9795
23	96	9800
0	88	9803
2	93	9807
9	35	9808
2	39	9821
55	78	9825
19	21	9833
19	54	9834
54	62	9835
18	39	9870
27	96	9878
33	78	9880
57	94	9899
28	46	9901
2	62	9903
0	77	9905
2	15	9909
56	82	9912
8	65	9913
8	19	9925
1	14	9926
68	78	9929
11	67	9934
19	24	9940
44	52	9940
29	89	9944
6	27	9946
3	86	9958
72	82	9961
2	99	9963
0	89	9964
2	6	9972
3	31	9975
19	24	9975
22	82	9982
32	51	9982
49	83	9985
2	85	9988
4	56	9991
45	54	9991
4	71	9995
18	98	10000
19	47	10000
2	19	10025
17	72	10029
26	39	10036
39	71	10041
25	61	10042
6	45	10043
57	90	10043
15	19	10045
64	79	10059
34	51	10061
31	94	10064
52	64	10066
2	56	10071
49	78	10077
35	93	10079
36	48	10081
15	68	10090
12	91	10095
5	18	10096
2	69	10105
4	19	10106
33	65	10112
0	13	10120
22	56	10122
9	49	10124
24	82	10128
4	19	10141
13	93	10148
3	49	10154
1	89	10169
56	86	10169
32	98	10177
4	58	10192
1	19	10195
4	14	10199
9	17	10210
10	54	10227
42	67	10227
22	46	10241
5	46	10243
17	31	10255
31	89	10262
12	40	10264
19	55	10265
24	47	10268
2	22	10277
24	92	10277
3	4	10280
31	63	10289
62	89	10295
17	80	10299
75	84	10303
16	25	10304
2	24	10307
4	56	10314
79	93	10315
35	80	10317
2	19	10321
53	69	10322
12	15	10327
39	94	10348
2	16	10364
25	50	10369
54	92	10370
14	18	10385
55	83	10386
35	99	10387
57	69	10388
28	32	10391
2	4	10396
52	55	10396
7	26	10402
83	91	10410
2	89	10411
19	98	10423
2	26	10424
17	91	10425
69	82	10429
53	96	10436
2	67	10442
15	19	10445
2	31	10458
21	89	10459
11	88	10461
4	22	10466
68	98	10466
19	47	10476
6	33	10477
29	78	10478
11	97	10480
5	54	10508
18	26	10509
5	79	10511
0	90	10515
18	39	10515
6	23	10517
52	89	10524
77	93	10531
55	70	10537
83	87	10538
32	45	10539
77	88	10539
1	85	10540
9	57	10540
3	91	10543
2	67	10551
78	92	10557
15	96	10561
4	31	10565
87	91	10566
2	83	10573
8	91	10582
24	80	10590
20	31	10593
15	27	10599
2	95	10605
44	57	10607
23	64	10620
36	87	10623
85	88	10629
31	62	10631
43	78	10633
9	89	10637
35	97	10652
26	74	10655
44	97	10659
84	89	10660
28	96	10662
2	52	10666
22	97	10670
35	56	10671
8	19	10674
9	61	10682
11	96	10691
70	99	10693
2	66	10702
47	54	10707
43	91	10708
62	69	10711
19	21	10727
2	91	10728
2	94	10737
24	52	10743
18	66	10749
15	56	10750
31	87	10771
8	89	10784
24	27	10803
2	23	10811
2	83	10816
2	87	10819
2	20	10819
31	93	10819
14	89	10820
2	46	10832
19	21	10833
2	89	10836
14	69	10837
20	99	10843
73	76	10843
2	22	10844
35	41	10854
2	59	10855
24	56	10858
1	2	10867
29	63	10869
31	97	10875
19	89	10897
29	59	10899
12	54	10903
17	18	10904
87	94	10905
23	24	10909
7	13	10910
22	90	10917
83	91	10917
9	78	10919
84	90	10922
39	75	10924
82	89	10936
11	20	10937
18	96	10966
29	64	10967
27	56	10969
5	26	10972
8	59	10992
2	40	11005
36	81	11025
2	31	11032
31	92	11038
9	84	11041
57	73	11041
2	98	11042
84	85	11045
55	87	11046
32	52	11048
48	54	11048
42	98	11058
2	22	11068
30	42	11070
6	19	11074
55	87	11082
48	98	11087
8	78	11090
2	55	11091
5	37	11094
21	78	11117
46	57	11119
55	95	11119
41	89	11123
9	83	11128
16	92	11134
22	29	11143
2	48	11145
33	89	11148
18	40	11151
64	93	11152
16	31	11153
2	89	11157
19	49	11160
42	69	11160
75	80	11163
2	45	11168
2	18	11173
5	89	11173
2	54	11174
2	49	11176
34	92	11176
34	78	11177
49	54	11181
30	31	11188
2	19	11195
2	71	11195
4	11	11195
15	69	11200
87	98	11209
26	47	11211
5	39	11213
2	24	11217
26	83	11219
72	94	11225
32	61	11233
13	80	11235
18	27	11238
17	27	11245
62	80	11249
8	82	11258
2	73	11261
2	36	11267
19	56	11272
2	26	11275
46	57	11290
4	19	11291
17	96	11296
67	93	11306
19	71	11315
35	57	11317
75	93	11319
8	31	11328
18	95	11334
36	80	11335
7	84	11337
18	97	11338
6	49	11343
22	56	11350
34	66	11350
12	18	11357
8	22	11360
27	62	11366
2	30	11378
5	87	11386
26	58	11387
48	52	11399
31	99	11404
13	76	11406
60	80	11406
78	86	11410
14	18	11412
38	60	11421
2	4	11427
13	25	11429
19	54	11436
75	85	11439
13	33	11452
18	56	11458
86	90	11470
19	42	11489
28	44	11494
1	12	11503
2	74	11506
0	91	11510
91	97	11510
3	24	11513
80	89	11515
48	55	11519
7	48	11527
38	68	11532
18	74	11556
7	56	11563
63	67	11566
27	68	11567
4	50	11572
22	69	11580
40	55	11589
2	18	11590
22	49	11596
36	76	11596
46	93	11598
4	87	11602
17	36	11606
58	89	11616
19	80	11620
29	48	11621
42	85	11624
30	65	11628
13	51	11629
53	74	11629
15	89	11632
51	61	11635
28	75	11640
52	84	11651
2	79	11666
31	49	11666
82	85	11669
72	98	11670
18	76	11673
38	51	11685
2	44	11687
58	85	11688
0	31	11698
17	56	11709
14	80	11710
1	6	11721
35	56	11724
0	45	11729
72	89	11730
19	49	11732
26	68	11751
57	98	11751
38	43	11757
56	89	11758
2	78	11768
29	56	11775
35	86	11777
89	98	11783
4	78	11786
21	47	11788
13	86	11811
88	93	11816
4	5	11836
17	24	11839
19	73	11840
2	14	11875
19	64	11884
27	64	11884
86	93	11885
78	85	11891
39	89	11894
9	31	11895
51	83	11895
19	61	11896
56	69	11896
17	43	11900
8	31	11903
85	87	11910
6	52	11912
9	47	11919
26	81	11924
2	54	11933
35	98	11933
2	20	11938
22	39	11938
31	54	11953
2	49	11961
93	95	11982
2	97	11987
57	65	11987
19	86	11991
17	56	11999
31	37	11999
4	89	12008
3	93	12010
2	9	12028
8	9	12037
30	78	12043
35	53	12045
40	85	12058
0	39	12061
18	64	12070
82	89	12075
38	96	12078
16	49	12081
24	78	12081
23	41	12087
19	80	12090
37	48	12090
75	96	12131
86	99	12132
79	90	12135
20	97	12141
1	29	12145
63	83	12150
51	82	12158
14	49	12168
27	56	12181
79	98	12182
11	15	12191
71	78	12209
24	86	12212
4	69	12217
24	91	12238
2	33	12249
18	22	12251
8	27	12259
33	70	12264
15	94	12269
37	71	12269
56	95	12271
19	21	12273
7	89	12282
2	30	12284
54	65	12319
13	15	12330
40	65	12340
27	46	12342
59	61	12342
2	4	12358
15	51	12359
1	19	12360
16	58	12370
27	31	12375
2	82	12389
2	83	12391
2	54	12410
8	28	12415
71	80	12420
83	93	12425
2	83	12427
49	85	12443
11	72	12445
37	38	12451
48	77	12457
0	6	12488
81	94	12491
2	22	12505
19	25	12508
45	70	12516
54	63	12522
20	56	12524
36	64	12528
18	44	12531
27	32	12534
6	91	12536
2	5	12539
66	78	12549
2	56	12560
1	44	12564
16	48	12567
27	52	12571
56	89	12583
44	50	12588
2	59	12596
48	54	12598
38	83	12600
82	93	12601
60	76	12603
19	54	12608
45	97	12609
4	8	12610
52	72	12612
8	98	12618
1	68	12624
63	98	12625
36	74	12627
19	60	12634
2	42	12642
49	52	12644
2	31	12655
67	87	12656
0	53	12669
16	97	12682
4	31	12692
19	28	12692
15	48	12694
2	43	12704
2	36	12707
5	83	12722
58	98	12725
46	69	12728
8	12	12731
19	77	12731
32	97	12739
51	61	12739
34	38	12740
57	72	12744
2	77	12749
56	93	12757
2	93	12759
22	81	12759
22	47	12764
22	26	12765
21	91	12770
8	37	12771
4	97	12774
2	23	12775
24	27	12778
78	89	12784
19	51	12786
5	82	12801
9	14	12805
56	70	12805
31	51	12812
43	72	12824
26	97	12825
1	8	12827
4	79	12828
77	87	12836
2	49	12853
70	78	12857
18	50	12866
17	21	12872
65	66	12875
53	91	12877
6	93	12880
29	98	12892
19	91	12898
34	90	12898
1	2	12902
35	71	12909
2	16	12914
31	45	12917
17	27	12930
26	85	12938
7	64	12940
4	29	12955
31	89	12958
77	93	12960
19	53	12964
45	49	12964
12	95	12966
7	26	12983
2	3	12986
56	91	12990
53	55	12997
4	34	13010
21	81	13017
68	70	13019
4	93	13021
8	66	13038
5	15	13043
2	58	13044
37	83	13046
36	42	13049
51	99	13060
14	23	13062
96	97	13064
2	89	13078
0	9	13091
5	31	13091
72	82	13098
59	66	13103
28	95	13106
2	89	13109
48	54	13118
48	57	13121
3	49	13124
41	80	13138
18	34	13142
43	83	13145
2	46	13150
1	78	13154
19	30	13154
4	35	13155
19	78	13157
17	85	13167
26	28	13167
18	85	13180
75	90	13187
0	19	13197
57	62	13198
52	93	13201
45	62	13202
49	59	13226
19	97	13230
2	6	13232
14	45	13239
2	82	13252
91	96	13252
2	54	13254
25	57	13254
22	59	13264
50	73	13265
47	91	13269
56	77	13274
2	61	13292
19	97	13305
27	44	13306
7	18	13310
9	16	13310
88	97	13312
2	19	13323
23	85	13337
2	17	13340
17	38	13348
77	85	13357
66	72	13361
8	33	13364
4	6	13367
18	78	13367
83	85	13369
47	78	13377
56	86	13384
26	46	13392
0	44	13394
78	80	13401
17	33	13403
77	78	13407
3	5	13408
41	62	13420
2	92	13426
15	97	13431
14	15	13437
22	24	13446
5	6	13458
18	45	13462
5	31	13475
15	42	13475
4	6	13483
26	98	13492
7	89	13496
22	49	13496
11	37	13497
5	17	13501
83	89	13512
8	20	13514
2	15	13525
9	15	13528
18	42	13529
16	22	13532
19	37	13532
2	75	13533
18	61	13543
17	52	13556
38	87	13563
67	76	13567
2	4	13569
5	70	13569
33	97	13581
31	56	13584
17	39	13592
66	83	13592
4	24	13597
18	97	13607
66	98	13608
8	19	13611
27	67	13617
52	99	13624
10	63	13627
4	92	13643
2	24	13650
8	35	13653
8	78	13654
2	41	13656
18	24	13656
8	31	13658
31	85	13661
53	75	13667
62	82	13678
8	29	13683
37	91	13686
31	88	13688
19	91	13693
2	99	13694
12	83	13704
8	68	13705
8	76	13714
67	89	13716
19	48	13718
53	87	13718
19	59	13720
37	66	13720
18	64	13726
2	4	13729
56	89	13729
28	78	13770
8	50	13771
55	92	13773
21	78	13777
64	74	13779
0	92	13793
0	65	13795
54	72	13803
2	51	13815
3	64	13820
19	52	13823
57	81	13823
2	63	13844
2	96	13845
35	50	13854
40	72	13861
23	36	13862
48	56	13872
52	62	13879
55	89	13879
5	31	13889
44	96	13889
1	52	13894
8	96	13895
56	71	13924
31	78	13947
34	89	13952
79	90	13952
31	96	13955
6	20	13960
2	27	13970
4	14	13974
37	58	13974
26	35	13977
18	31	13986
49	57	13996
35	99	14009
4	8	14014
78	83	14015
7	93	14016
2	24	14028
44	52	14028
42	74	14033
2	61	14035
2	84	14036
26	78	14036
2	66	14042
43	48	14043
16	95	14044
13	40	14047
61	82	14061
8	56	14068
19	47	14074
56	78	14074
30	91	14081
25	60	14086
19	82	14088
53	72	14094
19	53	14097
2	74	14098
33	88	14100
2	9	14102
2	26	14107
17	78	14118
36	99	14118
2	96	14120
7	17	14122
53	87	14122
12	35	14127
16	77	14131
78	91	14138
24	98	14147
88	89	14155
20	54	14157
18	27	14165
20	56	14177
2	41	14178
20	31	14180
54	78	14182
57	82	14197
2	21	14209
85	87	14215
15	88	14218
54	55	14237
27	89	14238
18	58	14241
17	90	14245
17	52	14247
25	44	14260
18	73	14269
2	49	14283
7	19	14296
75	91	14300
2	7	14302
4	29	14310
5	93	14316
47	56	14320
24	34	14323
79	81	14327
1	31	14332
3	28	14333
2	16	14338
27	85	14339
47	75	14343
22	91	14344
48	66	14351
2	61	14353
6	57	14357
40	82	14369
54	85	14369
4	87	14380
55	78	14382
9	88	14384
82	98	14385
59	82	14387
89	96	14399
9	25	14425
55	65	14428
2	50	14430
7	96	14435
48	96	14462
56	95	14464
16	37	14465
2	31	14471
13	46	14473
22	43	14473
5	85	14477
17	31	14482
49	98	14485
30	72	14488
19	24	14502
62	68	14506
17	57	14513
19	90	14519
56	92	14522
18	76	14528
54	68	14538
1	52	14547
31	35	14564
19	23	14579
4	67	14580
23	27	14580
33	36	14580
19	25	14594
2	85	14596
42	83	14597
2	51	14606
2	38	14607
80	98	14609
13	26	14612
23	72	14612
2	93	14614
38	84	14615
4	93	14616
1	19	14632
19	31	14642
15	36	14646
83	84	14653
22	71	14654
2	70	14655
46	81	14662
27	42	14663
20	59	14664
82	88	14665
5	75	14669
32	88	14671
25	91	14673
34	99	14673
6	52	14678
18	38	14680
68	89	14687
2	22	14688
2	24	14693
21	66	14699
83	99	14704
24	38	14712
33	93	14717
62	68	14720
18	91	14723
45	56	14731
64	85	14731
57	87	14732
2	89	14760
2	82	14763
34	75	14775
11	72	14781
21	49	14800
2	96	14808
23	98	14821
0	26	14830
52	61	14830
22	48	14833
22	58	14833
5	17	14837
35	54	14846
2	9	14856
12	97	14870
39	66	14872
57	91	14872
48	93	14873
4	19	14881
7	27	14883
12	97	14883
54	65	14893
93	99	14893
19	84	14897
1	67	14918
46	79	14918
1	17	14927
74	84	14940
23	70	14943
6	56	14953
19	70	14955
22	82	14956
48	89	14963
39	66	14975
19	25	14976
82	91	14981
2	9	14984
24	31	14990
54	69	14992
67	99	14998
15	87	14999
6	18	15004
31	63	15005
2	9	15006
31	98	15018
24	91	15019
15	19	15036
19	30	15048
2	57	15053
31	96	15057
31	45	15066
30	55	15075
15	23	15079
18	85	15088
56	84	15093
27	32	15112
2	16	15118
62	85	15120
23	34	15123
84	88	15124
77	97	15126
40	58	15131
9	42	15132
31	93	15133
5	95	15134
29	51	15141
9	17	15143
40	44	15143
32	97	15149
15	33	15150
16	91	15183
16	85	15187
2	76	15191
56	91	15194
15	63	15208
19	31	15208
11	89	15209
24	26	15211
19	63	15215
2	18	15216
2	25	15217
66	81	15217
27	65	15228
6	22	15242
4	8	15243
19	85	15243
24	37	15243
9	82	15252
2	97	15261
2	26	15268
2	93	15269
23	82	15271
62	66	15278
29	94	15286
19	40	15287
78	93	15291
0	62	15295
7	31	15309
14	89	15318
42	98	15329
26	96	15341
2	18	15343
16	79	15360
1	30	15362
2	18	15364
13	68	15368
54	83	15375
15	83	15382
2	22	15402
43	89	15422
2	34	15430
5	78	15437
39	56	15438
6	44	15447
11	22	15448
14	82	15449
11	19	15455
29	43	15457
50	74	15462
2	82	15467
2	55	15472
18	85	15476
45	64	15476
2	25	15484
4	19	15487
8	94	15493
2	18	15494
16	96	15496
66	91	15496
31	97	15506
66	74	15510
7	38	15517
49	86	15520
12	54	15521
2	82	15523
69	98	15532
2	85	15538
10	56	15539
64	82	15546
56	78	15547
12	74	15565
37	44	15566
31	70	15567
2	60	15572
4	79	15573
8	42	15580
24	56	15583
80	93	15584
35	87	15586
9	35	15592
30	31	15593
18	68	15597
0	60	15607
2	32	15609
56	88	15609
8	56	15610
48	89	15612
5	82	15618
8	96	15618
2	16	15620
22	55	15620
2	62	15625
9	49	15627
31	61	15628
8	76	15639
5	19	15662
19	81	15663
6	41	15666
72	84	15671
31	91	15673
2	82	15675
17	86	15676
17	79	15682
15	96	15686
18	24	15707
8	15	15708
9	36	15714
72	74	15717
63	85	15721
0	96	15727
2	99	15727
2	39	15737
56	72	15741
80	83	15744
2	36	15750
6	37	15756
2	18	15761
66	99	15761
2	84	15764
39	79	15777
17	61	15781
30	62	15793
23	42	15797
48	92	15801
27	75	15802
29	31	15802
42	52	15813
42	44	15816
53	56	15818
4	22	15821
76	81	15824
1	5	15825
2	72	15827
29	32	15830
1	91	15845
35	93	15848
69	89	15849
2	6	15851
17	19	15865
43	90	15877
18	90	15880
2	4	15881
6	51	15885
2	89	15887
50	91	15887
2	31	15891
2	5	15896
27	72	15899
41	50	15903
51	87	15912
2	76	15917
6	83	15917
22	49	15920
16	93	15926
24	56	15936
52	56	15938
36	63	15986
22	91	15989
31	48	16001
32	34	16005
66	83	16025
2	35	16027
58	74	16043
59	84	16045
41	83	16047
1	2	16050
11	98	16053
11	70	16064
57	80	16065
34	51	16074
2	94	16093
2	52	16094
2	31	16097
2	91	16099
3	17	16100
61	78	16105
76	98	16111
83	94	16120
16	20	16122
17	39	16124
27	30	16137
2	34	16140
2	93	16144
42	70	16144
17	89	16154
81	85	16156
63	92	16158
5	19	16166
37	56	16166
48	95	16168
50	78	16168
45	66	16181
37	95	16193
10	98	16196
52	78	16206
43	93	16209
2	65	16218
56	89	16226
13	61	16227
14	78	16227
2	60	16232
13	89	16233
15	44	16244
4	83	16246
2	37	16248
7	93	16252
41	91	16266
55	97	16270
2	79	16272
18	29	16275
31	87	16278
6	46	16284
83	91	16289
50	66	16290
2	96	16293
2	54	16300
6	91	16308
14	19	16309
2	9	16310
13	66	16314
6	22	16319
4	55	16328
38	68	16330
19	95	16351
18	49	16356
79	93	16358
22	33	16359
2	22	16366
79	89	16367
19	85	16369
29	74	16371
82	91	16372
9	84	16382
2	33	16383
27	98	16403
2	62	16407
55	95	16407
1	6	16411
4	15	16420
19	48	16428
2	99	16430
41	81	16430
16	80	16439
85	89	16448
26	82	16459
51	88	16460
2	14	16464
19	47	16465
2	34	16467
2	22	16469
2	67	16474
63	79	16489
51	80	16490
60	66	16490
35	76	16491
65	79	16507
27	89	16509
34	53	16512
31	64	16535
48	77	16537
27	31	16538
36	57	16540
34	67	16543
37	96	16545
5	62	16548
15	19	16549
40	72	16557
80	86	16559
56	76	16562
4	47	16564
26	56	16570
48	76	16601
2	55	16602
72	85	16603
16	83	16608
10	16	16622
68	75	16624
11	19	16629
68	73	16641
25	43	16651
67	96	16652
51	56	16678
1	2	16684
11	60	16686
14	51	16687
4	13	16694
85	95	16695
39	66	16699
0	2	16700
40	89	16704
55	81	16704
9	95	16717
79	97	16718
2	78	16727
38	45	16730
81	88	16733
6	31	16735
18	54	16735
45	84	16735
4	5	16736
2	14	16750
0	65	16751
26	51	16752
22	91	16757
33	56	16767
56	90	16767
23	56	16770
72	76	16780
2	18	16781
8	9	16785
22	33	16787
33	93	16793
2	19	16808
22	80	16818
67	97	16820
4	55	16824
28	89	16824
24	68	16825
2	31	16826
2	59	16827
2	64	16828
48	55	16829
38	76	16834
15	31	16837
42	79	16842
2	89	16843
19	30	16844
5	95	16846
23	92	16847
42	89	16847
15	34	16850
19	48	16852
15	91	16868
5	31	16874
2	63	16877
17	93	16877
4	99	16886
69	72	16889
69	82	16891
17	56	16896
5	9	16897
35	56	16900
31	70	16902
17	81	16916
2	17	16918
2	12	16918
7	25	16921
19	93	16924
21	41	16926
25	89	16926
56	78	16943
4	63	16950
2	75	16970
58	87	16971
54	57	16976
2	94	16977
17	24	16981
26	39	16991
91	97	16992
2	4	17001
1	17	17004
29	83	17004
43	87	17013
54	72	17015
37	88	17020
2	97	17029
8	71	17030
2	78	17035
8	35	17054
2	74	17066
14	57	17066
29	52	17071
15	16	17078
78	89	17078
2	70	17080
15	85	17087
2	77	17088
0	32	17089
2	43	17097
1	99	17100
14	91	17100
2	51	17102
13	33	17103
4	97	17115
38	91	17130
89	92	17135
56	86	17138
55	89	17144
5	83	17155
19	45	17160
86	90	17171
8	19	17177
5	64	17183
15	19	17202
2	75	17212
51	78	17214
0	78	17230
55	61	17232
55	59	17235
2	85	17240
42	78	17242
78	82	17243
82	98	17244
18	78	17250
80	87	17255
16	34	17273
7	19	17277
38	69	17285
31	54	17296
78	80	17300
2	5	17302
2	34	17302
2	19	17303
2	56	17303
28	70	17307
56	97	17307
18	77	17314
17	49	17318
6	85	17323
2	89	17325
2	17	17342
29	60	17345
89	92	17345
2	22	17347
35	40	17350
53	56	17350
84	89	17352
17	47	17353
9	54	17377
31	54	17392
2	83	17394
19	27	17394
39	82	17399
22	33	17409
2	74	17416
20	67	17419
2	82	17429
31	98	17430
65	71	17430
2	94	17431
75	98	17442
2	13	17445
9	89	17451
28	37	17458
2	92	17460
34	85	17469
10	77	17471
2	10	17482
53	96	17487
56	89	17488
19	60	17501
29	56	17504
2	35	17507
26	85	17509
2	89	17514
42	66	17514
31	46	17530
28	35	17533
78	93	17536
9	57	17537
16	31	17543
49	85	17550
56	75	17563
23	67	17567
2	17	17576
31	92	17577
2	29	17591
9	79	17599
23	55	17600
46	49	17601
42	85	17603
3	88	17604
26	88	17606
48	64	17608
13	54	17611
22	69	17646
0	37	17650
15	37	17654
2	89	17659
62	85	17659
61	94	17664
19	35	17668
15	87	17676
29	91	17692
37	95	17695
62	66	17695
85	91	17695
14	82	17698
7	59	17712
58	78	17714
29	99	17722
39	83	17728
69	91	17737
2	4	17739
3	62	17745
19	94	17745
16	58	17750
4	8	17752
19	41	17753
2	89	17763
14	26	17765
23	56	17766
2	18	17774
2	22	17775
19	96	17778
2	6	17786
45	88	17794
2	17	17796
8	20	17796
19	95	17796
2	19	17808
19	29	17821
19	96	17822
58	84	17827
24	28	17829
2	33	17833
27	65	17837
18	36	17841
17	26	17844
76	82	17855
15	89	17856
41	70	17858
19	31	17864
19	52	17867
19	27	17868
2	56	17869
22	32	17870
22	52	17873
19	91	17877
15	99	17879
42	89	17880
78	80	17880
4	70	17887
45	89	17892
2	89	17899
19	56	17901
58	92	17913
19	97	17914
4	87	17917
11	59	17930
6	47	17933
2	56	17957
18	28	17961
0	42	17963
13	31	17977
8	37	17982
15	46	17987
56	79	17999
1	17	18009
2	51	18010
15	82	18010
49	66	18026
34	85	18028
2	32	18041
15	27	18051
49	56	18069
6	92	18072
32	85	18073
17	22	18075
18	36	18084
27	86	18084
23	85	18086
2	67	18099
74	84	18102
18	33	18103
11	89	18111
2	6	18112
2	49	18116
49	89	18132
12	88	18134
16	54	18136
2	96	18145
2	54	18153
4	30	18153
5	47	18157
32	64	18157
51	97	18159
44	82	18172
72	78	18172
1	78	18174
2	22	18175
17	85	18176
20	68	18176
38	85	18183
2	72	18190
15	48	18212
73	91	18212
2	66	18213
8	50	18218
48	90	18223
35	90	18224
8	54	18239
5	57	18245
2	89	18251
57	99	18252
26	83	18254
31	54	18259
18	37	18262
52	94	18266
2	55	18267
2	18	18268
2	54	18268
11	27	18272
14	93	18272
22	68	18276
2	8	18282
29	67	18294
19	91	18295
66	95	18298
18	96	18315
0	18	18322
17	25	18322
2	21	18330
78	79	18337
5	77	18343
26	54	18343
73	75	18345
3	41	18349
8	93	18354
18	47	18358
5	94	18362
31	78	18362
67	70	18387
2	90	18388
31	65	18388
22	28	18395
2	22	18397
8	93	18400
5	76	18402
25	81	18404
2	9	18410
1	54	18411
5	66	18418
6	30	18425
19	91	18429
64	85	18430
2	89	18433
2	71	18438
4	91	18441
10	24	18446
17	44	18446
24	64	18448
52	53	18455
31	65	18456
9	82	18459
29	52	18466
19	31	18468
34	64	18471
83	96	18472
11	84	18473
19	33	18481
4	81	18482
16	34	18487
25	71	18492
4	15	18509
21	72	18510
44	57	18513
27	68	18518
33	45	18523
7	55	18532
52	82	18534
35	79	18538
51	80	18538
5	28	18540
82	87	18540
9	92	18542
13	56	18550
41	84	18551
19	69	18556
9	16	18566
49	72	18573
2	8	18583
5	26	18592
2	82	18599
33	87	18605
36	53	18605
14	50	18608
4	92	18609
1	8	18615
19	74	18616
1	2	18621
4	41	18622
1	19	18626
17	72	18641
55	93	18641
32	74	18649
35	96	18654
13	91	18660
44	98	18660
2	30	18675
50	61	18675
4	18	18677
8	98	18682
61	83	18685
7	48	18686
31	98	18686
45	83	18686
19	66	18690
36	89	18693
93	94	18696
19	21	18699
19	94	18700
2	12	18702
10	47	18712
19	95	18713
1	41	18725
22	89	18729
18	23	18754
11	44	18761
2	85	18763
2	4	18774
19	69	18775
11	96	18785
2	96	18786
2	24	18796
48	87	18797
4	52	18806
2	9	18807
2	53	18811
6	16	18816
53	89	18828
60	71	18842
6	56	18851
16	54	18856
4	18	18861
37	99	18864
1	10	18866
26	78	18870
29	59	18875
4	48	18877
31	45	18879
2	18	18887
19	91	18891
0	96	18892
13	93	18893
17	90	18907
5	6	18919
52	75	18920
1	31	18931
59	92	18931
81	90	18932
89	93	18932
9	91	18942
2	28	18957
9	54	18976
27	56	18978
36	78	18978
4	90	18983
2	36	18987
5	47	19002
56	68	19003
4	49	19010
27	31	19012
18	52	19013
64	80	19014
33	54	19016
2	64	19017
77	99	19021
18	53	19043
23	36	19049
2	16	19068
46	95	19070
2	93	19084
2	78	19087
18	67	19091
20	73	19093
2	99	19094
2	23	19096
36	41	19100
41	48	19107
17	54	19115
2	13	19118
2	16	19121
31	92	19128
5	93	19129
18	93	19129
37	93	19144
52	85	19148
2	27	19155
54	83	19173
56	98	19179
19	34	19183
71	85	19185
2	31	19192
4	19	19193
35	83	19193
31	80	19198
19	96	19201
2	95	19206
7	28	19208
22	89	19211
2	85	19217
0	39	19221
9	82	19222
19	85	19225
22	83	19231
6	82	19238
22	70	19243
17	19	19249
2	5	19251
2	4	19252
23	28	19255
11	81	19259
0	82	19267
64	67	19272
31	56	19273
67	84	19277
87	93	19287
2	35	19290
4	27	19293
2	8	19296
16	93	19298
18	85	19299
56	84	19312
25	39	19317
34	78	19318
35	56	19323
14	19	19325
4	42	19333
47	86	19349
86	99	19350
2	4	19351
56	81	19353
2	74	19355
18	65	19371
37	74	19375
39	48	19381
17	19	19383
32	89	19384
48	94	19384
20	90	19385
11	19	19388
30	62	19403
83	91	19405
68	90	19407
2	72	19426
16	27	19433
19	31	19434
29	35	19436
48	89	19439
8	89	19443
48	84	19446
2	42	19452
10	22	19452
3	32	19453
2	21	19456
18	39	19460
22	45	19463
10	16	19464
17	56	19481
4	24	19484
43	78	19485
67	89	19486
17	91	19491
18	55	19495
47	58	19495
15	18	19501
71	87	19504
4	13	19511
28	91	19513
56	78	19522
31	57	19523
56	93	19523
78	91	19525
0	27	19528
31	80	19538
8	59	19539
2	68	19541
4	31	19561
2	49	19567
31	67	19568
39	58	19568
1	10	19576
38	77	19576
45	82	19577
18	27	19578
14	64	19600
22	85	19600
31	78	19600
42	89	19600
59	89	19601
2	24	19606
1	2	19607
57	91	19620
79	83	19620
28	82	19624
44	56	19634
18	79	19635
2	65	19638
30	82	19639
6	56	19647
18	91	19649
2	10	19650
0	19	19661
6	75	19661
18	72	19662
85	87	19673
8	24	19689
19	85	19692
8	17	19705
91	96	19708
4	91	19709
52	62	19714
2	14	19719
10	76	19721
2	60	19722
31	60	19743
2	55	19745
37	72	19753
72	78	19760
41	91	19763
73	93	19766
31	44	19767
31	39	19774
56	75	19774
38	83	19786
2	29	19799
28	72	19802
2	32	19810
8	73	19816
83	93	19816
37	69	19818
28	48	19827
33	83	19841
4	87	19848
21	28	19858
31	45	19867
15	85	19884
0	87	19886
2	19	19893
7	36	19898
1	2	19899
47	78	19903
2	18	19922
45	74	19922
71	93	19929
2	19	19936
34	77	19949
21	27	19970
89	96	19975
15	20	19995
31	59	20000
