22	79	1
3	43	18
45	86	18
56	86	18
61	84	36
12	76	41
9	86	54
38	45	57
56	98	87
18	88	95
44	80	101
57	86	105
63	91	109
35	51	118
6	95	126
6	71	128
45	78	137
82	83	138
11	12	146
7	82	153
4	36	158
44	68	164
69	87	171
45	61	185
3	14	192
26	44	192
45	48	198
13	81	204
26	72	204
23	34	207
55	70	216
12	76	218
6	43	257
28	97	261
10	20	268
10	93	269
5	54	270
86	96	273
64	86	274
6	71	287
36	86	287
86	99	321
33	83	332
10	76	339
25	78	341
17	71	347
13	90	352
24	86	372
84	85	383
39	62	385
10	12	392
59	86	399
11	29	400
76	83	400
6	87	401
2	72	408
51	86	419
27	48	420
18	79	426
9	44	429
12	25	429
66	73	434
26	86	440
23	92	445
76	92	466
5	6	469
75	78	476
38	95	479
8	38	484
26	46	487
12	54	490
22	66	494
53	65	504
5	46	513
14	36	526
44	72	527
11	69	542
47	56	546
71	91	548
91	98	559
43	78	576
53	71	580
6	37	593
44	84	598
45	50	598
51	84	600
12	42	609
56	90	628
12	61	645
6	17	646
0	14	653
41	65	655
49	57	669
6	75	683
64	80	694
42	48	696
3	23	699
3	22	700
79	85	700
71	78	704
6	97	712
6	9	716
82	97	719
25	53	722
27	55	724
6	44	728
8	76	730
48	71	735
3	25	741
48	70	742
51	92	744
1	6	745
7	39	748
55	96	754
10	12	772
78	85	773
8	44	791
29	46	793
14	55	798
34	86	799
57	72	802
53	70	805
37	85	822
44	47	827
26	42	833
65	69	838
32	93	847
16	67	850
71	98	870
14	25	875
13	86	876
34	86	876
10	52	880
8	44	881
32	71	886
59	74	887
11	52	901
12	60	904
32	72	916
18	53	920
5	40	923
36	91	925
18	46	933
32	99	935
10	54	938
7	81	940
12	43	941
80	81	941
37	89	944
8	59	948
12	69	954
25	36	959
64	71	959
75	78	979
20	65	1006
38	56	1007
45	84	1011
37	68	1012
76	91	1012
7	25	1016
11	30	1019
8	62	1030
45	65	1034
84	92	1037
60	99	1041
37	92	1061
54	86	1064
40	60	1071
36	60	1073
26	63	1074
66	98	1080
44	45	1083
81	89	1083
10	52	1087
27	31	1091
65	86	1094
46	68	1098
12	13	1103
4	79	1105
38	51	1113
47	67	1115
6	42	1122
12	44	1123
6	92	1125
24	41	1133
22	89	1151
92	98	1153
31	48	1155
16	27	1174
21	86	1181
35	43	1181
9	89	1183
32	99	1185
74	79	1185
14	74	1187
71	84	1189
48	71	1193
44	48	1197
26	51	1201
84	91	1212
67	68	1217
10	18	1225
17	54	1227
44	80	1227
10	76	1236
23	37	1253
6	48	1255
34	73	1261
39	44	1261
11	30	1263
37	40	1268
3	75	1271
12	53	1275
41	92	1282
3	46	1288
13	90	1288
86	97	1289
19	51	1290
23	59	1303
50	51	1306
12	51	1319
14	78	1319
43	46	1319
45	69	1323
75	81	1328
3	24	1345
12	85	1345
11	29	1347
3	44	1359
33	46	1373
46	86	1376
28	82	1382
48	74	1388
81	98	1400
47	95	1404
3	99	1410
61	86	1411
26	52	1412
76	82	1424
44	86	1430
31	78	1434
48	76	1435
44	95	1441
12	68	1454
48	65	1454
13	66	1456
11	41	1463
47	71	1471
8	12	1479
54	68	1482
40	96	1490
7	51	1498
36	71	1506
46	47	1512
44	65	1514
71	82	1519
21	75	1521
19	65	1527
43	65	1534
67	72	1539
64	76	1548
21	99	1549
52	65	1553
6	12	1561
57	67	1562
6	85	1570
20	84	1571
27	38	1573
30	47	1596
1	27	1598
42	86	1599
39	86	1600
46	50	1616
4	8	1632
1	44	1637
22	35	1642
11	83	1645
27	85	1647
46	93	1647
41	46	1651
6	36	1654
43	76	1656
26	71	1671
97	98	1680
45	59	1682
12	25	1685
64	83	1694
35	48	1698
6	48	1706
36	85	1708
31	38	1711
6	92	1716
12	52	1751
75	98	1757
71	78	1764
78	81	1770
68	71	1779
17	51	1787
44	86	1790
38	53	1792
0	41	1797
9	98	1800
57	83	1810
40	86	1834
12	66	1835
53	73	1843
81	86	1843
6	12	1848
34	52	1853
13	48	1855
38	50	1858
30	34	1859
86	98	1862
13	84	1868
20	23	1884
12	49	1904
23	81	1907
23	71	1912
72	98	1913
48	82	1923
59	99	1934
37	79	1942
6	38	1943
47	53	1948
67	95	1971
31	83	1979
47	90	1980
68	94	1982
61	74	1990
21	35	1996
5	78	1999
63	92	2010
2	11	2014
75	85	2016
44	71	2017
37	39	2022
4	31	2026
75	89	2027
3	95	2041
16	70	2044
38	63	2046
40	86	2052
37	44	2053
50	73	2060
29	46	2072
34	81	2075
0	13	2078
71	96	2094
37	46	2099
78	91	2112
73	89	2129
25	93	2131
52	98	2132
74	80	2136
12	80	2137
40	71	2138
29	89	2140
12	83	2142
38	53	2150
53	69	2157
49	84	2158
86	96	2165
71	81	2176
3	46	2180
87	92	2182
44	59	2188
11	91	2194
78	79	2202
68	71	2210
19	78	2215
1	88	2216
46	75	2232
43	74	2244
15	32	2246
66	86	2260
86	87	2261
25	75	2263
10	94	2265
12	60	2269
6	92	2272
74	98	2274
14	35	2275
6	71	2279
28	62	2288
3	16	2290
78	93	2294
48	75	2310
22	71	2314
21	59	2315
45	75	2330
61	69	2373
12	91	2380
52	74	2380
38	76	2382
12	74	2396
37	59	2396
7	50	2403
56	61	2405
47	66	2409
67	76	2422
84	99	2426
18	84	2441
5	44	2442
51	63	2443
59	84	2450
51	71	2455
28	37	2457
44	96	2457
26	94	2466
23	46	2470
10	86	2479
12	60	2479
6	18	2484
19	25	2490
37	71	2490
48	68	2492
32	81	2498
37	69	2498
33	61	2507
8	45	2515
6	61	2518
32	59	2526
40	53	2526
2	27	2531
80	90	2544
9	36	2546
27	82	2546
52	67	2553
48	67	2555
44	53	2557
12	48	2561
53	65	2571
44	52	2576
81	89	2588
19	82	2592
59	93	2601
41	92	2604
58	92	2608
12	28	2617
37	53	2617
12	71	2618
3	96	2619
51	91	2622
26	72	2627
7	45	2630
0	47	2631
1	86	2633
47	91	2633
9	25	2643
45	78	2644
23	37	2655
53	81	2660
22	46	2661
6	12	2675
34	71	2680
37	72	2684
71	80	2684
15	47	2685
2	3	2690
14	26	2695
16	37	2706
14	55	2716
10	66	2719
41	73	2721
52	97	2722
8	31	2723
20	86	2726
37	95	2726
44	76	2731
10	71	2741
21	72	2749
26	71	2753
23	54	2763
31	48	2765
44	77	2780
22	52	2781
21	44	2782
40	41	2782
73	90	2784
46	86	2785
11	38	2787
29	77	2787
65	81	2791
32	93	2799
6	71	2803
12	45	2803
39	73	2803
48	50	2807
2	83	2808
5	67	2813
49	89	2816
7	83	2822
9	65	2834
68	94	2834
18	59	2843
3	86	2855
6	12	2865
9	86	2865
86	92	2882
37	86	2883
0	36	2891
12	30	2893
30	53	2893
1	99	2896
11	21	2900
12	86	2906
47	95	2914
37	61	2928
34	37	2931
11	86	2934
36	79	2936
47	51	2952
13	81	2953
20	22	2968
19	64	2979
44	86	2985
6	7	2987
24	82	2988
26	93	3004
72	99	3009
37	59	3012
52	84	3016
47	86	3027
8	25	3029
32	62	3029
44	83	3036
26	84	3043
53	81	3043
12	48	3049
38	77	3072
46	57	3074
16	89	3075
27	96	3082
42	46	3082
48	54	3086
71	82	3086
45	99	3105
52	59	3107
71	81	3111
0	71	3127
8	64	3128
79	97	3128
9	18	3132
69	91	3135
92	95	3135
63	67	3136
6	10	3153
6	9	3153
4	62	3164
18	93	3170
1	9	3180
21	46	3186
14	68	3190
1	29	3199
50	68	3209
71	91	3211
4	35	3224
72	86	3227
20	76	3228
0	81	3229
46	51	3230
12	86	3235
24	40	3248
33	64	3248
71	75	3248
12	81	3256
8	77	3257
38	86	3270
10	55	3277
12	79	3278
41	51	3280
6	92	3286
79	99	3292
28	65	3294
4	21	3297
14	44	3300
38	93	3302
35	86	3307
29	70	3309
75	86	3310
10	21	3319
36	99	3320
14	80	3324
76	92	3324
0	84	3337
37	79	3340
35	96	3343
16	25	3349
35	58	3352
80	82	3352
2	38	3354
39	45	3359
81	86	3366
23	28	3369
12	59	3373
45	46	3381
25	76	3390
12	51	3391
11	45	3412
82	99	3413
8	44	3421
38	46	3423
60	73	3427
2	36	3431
40	77	3433
38	98	3434
14	44	3441
22	50	3449
40	43	3454
44	77	3461
81	98	3474
12	86	3475
67	96	3490
71	88	3492
12	60	3502
31	95	3507
12	39	3512
37	84	3521
21	85	3535
1	40	3560
4	5	3562
47	94	3563
51	67	3564
44	86	3567
10	12	3574
50	86	3574
38	86	3577
50	61	3599
98	99	3600
39	86	3610
43	52	3621
47	99	3631
12	40	3635
1	12	3636
52	73	3638
38	43	3646
59	98	3650
86	93	3650
82	86	3661
32	38	3665
47	96	3672
1	29	3675
26	40	3677
6	8	3688
44	45	3695
14	46	3713
44	52	3715
13	75	3721
60	96	3729
6	77	3735
39	66	3735
22	38	3738
44	86	3741
12	26	3755
28	73	3755
44	60	3755
12	18	3757
7	19	3770
10	97	3771
48	91	3776
64	71	3782
45	62	3797
63	64	3799
45	95	3800
6	36	3802
21	98	3808
26	37	3814
29	64	3822
8	51	3829
0	4	3834
10	12	3835
4	8	3849
69	86	3855
23	86	3860
13	92	3876
84	94	3899
16	36	3901
2	56	3911
14	66	3914
12	59	3923
4	73	3938
6	53	3944
33	38	3944
37	48	3955
12	92	3962
34	93	3967
37	71	3976
2	81	3990
9	75	4000
22	44	4008
4	84	4020
17	76	4025
24	64	4033
37	86	4040
3	75	4041
44	89	4044
0	50	4045
46	86	4045
19	23	4049
29	48	4055
48	69	4057
55	56	4063
44	84	4066
35	36	4067
67	84	4069
43	92	4071
5	39	4073
5	46	4074
13	47	4074
3	14	4075
12	78	4083
46	60	4096
37	96	4119
30	62	4124
24	51	4126
33	56	4132
44	50	4139
66	70	4145
72	97	4148
0	42	4151
12	46	4157
25	26	4164
33	57	4172
41	83	4177
45	85	4177
82	86	4181
50	51	4189
37	97	4197
34	37	4204
75	88	4218
49	69	4227
72	75	4230
44	64	4234
12	90	4238
10	98	4240
15	56	4243
48	66	4247
44	65	4248
4	75	4261
44	76	4263
44	66	4264
10	68	4275
38	66	4290
32	38	4303
65	94	4304
6	14	4316
37	86	4322
10	16	4325
19	24	4329
46	81	4331
18	47	4346
10	65	4350
76	79	4354
9	19	4360
55	86	4370
3	33	4399
70	97	4400
0	45	4405
11	29	4410
38	77	4411
6	32	4413
9	44	4418
31	47	4457
67	89	4470
26	32	4473
34	86	4479
52	86	4489
51	99	4493
52	78	4493
18	37	4495
71	97	4501
26	99	4505
38	71	4510
11	69	4515
60	86	4517
6	23	4523
0	26	4524
53	58	4526
6	50	4529
27	98	4531
29	44	4547
5	78	4574
64	99	4581
31	80	4588
9	44	4590
22	87	4595
6	10	4596
9	81	4604
37	52	4608
4	5	4615
12	69	4627
71	75	4627
6	86	4628
30	36	4632
38	39	4637
48	64	4646
76	92	4653
44	51	4661
48	85	4673
38	52	4681
46	87	4682
32	95	4685
33	48	4691
3	32	4697
83	84	4702
17	41	4706
0	12	4708
88	92	4710
46	70	4726
44	88	4728
59	86	4728
14	84	4732
14	77	4739
32	34	4741
52	94	4745
39	72	4746
9	76	4748
47	99	4750
34	48	4753
7	10	4754
6	92	4760
44	86	4766
15	44	4769
44	85	4773
18	37	4783
28	45	4788
44	53	4788
52	92	4788
29	92	4795
15	31	4797
16	82	4818
89	93	4823
27	84	4828
14	20	4847
9	71	4854
38	46	4857
43	48	4858
5	61	4865
23	47	4871
60	86	4871
2	48	4875
21	71	4877
37	99	4877
58	86	4888
10	15	4890
75	85	4901
71	86	4903
27	53	4905
31	53	4905
11	69	4918
10	53	4926
44	52	4929
46	71	4933
25	71	4948
44	46	4951
66	81	4960
46	97	4962
52	76	4966
16	64	4968
74	91	4970
10	92	4977
61	86	4985
52	71	4992
3	78	5000
12	29	5005
86	92	5005
12	18	5007
0	18	5011
7	88	5035
52	59	5044
10	59	5047
70	80	5051
64	69	5061
12	46	5062
10	75	5063
14	44	5071
69	71	5075
3	53	5078
11	95	5090
5	44	5110
39	51	5117
64	67	5122
30	59	5126
38	64	5127
32	36	5148
35	85	5159
17	49	5165
65	86	5182
11	35	5183
64	96	5189
47	52	5192
6	69	5193
44	62	5194
36	86	5198
38	86	5198
6	51	5202
12	20	5211
13	59	5216
45	97	5218
18	29	5220
12	98	5225
12	77	5226
74	85	5226
11	28	5239
17	51	5252
22	91	5252
24	55	5252
10	80	5254
6	10	5258
24	70	5260
9	37	5265
71	86	5270
65	99	5271
73	86	5289
1	41	5290
48	86	5291
10	14	5298
44	52	5298
32	71	5301
4	12	5302
71	86	5311
26	55	5326
86	96	5327
13	86	5329
15	45	5330
75	79	5331
69	71	5338
76	94	5340
59	65	5347
22	99	5364
8	81	5372
38	86	5372
60	61	5378
44	50	5398
20	52	5401
21	22	5410
44	95	5416
20	52	5421
48	86	5427
43	54	5435
50	79	5440
14	47	5457
20	48	5460
52	60	5474
76	99	5482
12	71	5488
34	75	5491
40	69	5497
26	37	5499
66	98	5507
41	44	5510
11	24	5513
12	44	5517
74	97	5528
82	90	5529
52	83	5532
11	22	5540
53	71	5541
24	59	5544
6	55	5557
7	37	5565
4	87	5568
53	56	5580
78	80	5581
15	48	5586
89	94	5587
41	58	5588
10	88	5591
7	10	5592
26	71	5594
12	87	5596
36	99	5607
43	47	5613
77	78	5615
52	95	5616
80	94	5620
50	64	5635
44	45	5636
43	76	5638
87	92	5642
24	54	5645
0	47	5656
62	74	5673
32	90	5681
70	84	5681
45	46	5684
32	82	5703
43	91	5703
13	88	5708
23	82	5717
22	75	5736
11	64	5739
1	3	5742
51	55	5754
1	51	5762
87	99	5764
6	31	5774
12	82	5777
2	89	5794
6	78	5794
53	59	5795
6	7	5804
31	41	5813
8	86	5816
27	66	5816
44	91	5817
57	98	5819
12	64	5820
3	40	5845
62	71	5847
41	54	5851
12	85	5866
5	31	5871
4	30	5879
4	31	5880
0	59	5885
33	44	5887
80	86	5889
55	92	5891
42	95	5913
38	45	5924
81	86	5927
28	42	5932
59	90	5946
35	85	5977
26	44	5981
37	86	5993
0	12	5998
18	82	6000
81	99	6007
2	99	6015
12	62	6016
7	48	6020
28	59	6047
10	75	6050
26	95	6056
36	59	6060
44	60	6062
15	53	6067
25	89	6081
9	15	6086
3	59	6089
33	77	6093
27	81	6096
14	71	6099
12	46	6100
79	83	6102
3	85	6107
20	87	6110
26	70	6113
10	88	6116
18	97	6122
11	71	6125
59	86	6125
5	48	6129
37	43	6134
1	44	6148
11	57	6149
19	44	6151
84	86	6163
55	88	6164
17	64	6169
9	17	6177
3	12	6183
11	22	6184
8	13	6187
65	71	6187
21	71	6195
57	80	6197
12	48	6201
7	12	6212
6	86	6217
44	95	6221
55	81	6223
12	58	6225
14	86	6235
34	48	6244
32	45	6248
10	88	6249
21	38	6252
21	86	6274
39	75	6274
71	97	6275
68	89	6276
3	14	6278
23	36	6279
15	21	6282
6	55	6288
14	90	6292
69	99	6292
19	74	6299
81	86	6299
18	45	6300
12	32	6303
46	52	6303
87	88	6304
53	86	6306
3	4	6309
6	86	6314
26	73	6315
66	74	6317
71	81	6327
59	99	6337
72	86	6340
2	12	6346
26	97	6348
76	90	6357
18	69	6358
3	33	6361
55	67	6362
12	69	6374
1	90	6379
3	71	6380
12	33	6380
27	88	6381
41	57	6388
75	97	6392
18	75	6393
86	91	6395
12	64	6400
45	59	6400
8	12	6401
23	69	6407
70	86	6418
38	59	6419
6	59	6420
16	70	6420
18	81	6453
44	57	6453
37	80	6462
49	97	6464
44	86	6479
42	84	6491
12	76	6498
20	36	6501
26	52	6501
6	93	6514
37	55	6516
13	66	6525
58	74	6529
35	62	6536
12	39	6538
46	53	6543
3	6	6551
12	99	6554
43	71	6554
42	46	6562
39	85	6564
2	68	6565
1	48	6566
70	94	6569
49	86	6603
11	49	6606
8	55	6620
19	92	6625
29	45	6625
23	70	6633
6	74	6637
3	86	6643
33	97	6646
4	73	6648
24	52	6653
27	38	6654
29	97	6659
23	26	6664
24	46	6698
9	64	6703
6	46	6713
30	69	6717
50	86	6723
12	44	6726
12	68	6731
12	28	6740
43	75	6753
80	92	6762
77	81	6771
12	52	6774
44	82	6781
45	72	6789
86	93	6789
4	12	6790
76	86	6792
34	44	6799
39	95	6824
26	39	6838
37	65	6845
44	64	6845
6	34	6847
46	65	6849
59	84	6860
28	84	6862
19	41	6869
45	71	6872
18	35	6875
22	74	6879
48	64	6891
10	92	6911
15	54	6913
82	85	6916
46	48	6918
62	82	6918
20	68	6922
9	82	6927
53	86	6932
54	97	6934
48	81	6937
56	86	6943
22	75	6944
14	86	6946
33	81	6946
44	92	6972
10	71	6973
47	92	6975
46	91	6983
12	69	6995
6	62	6998
55	66	7000
36	42	7007
30	53	7009
70	95	7010
52	71	7016
35	37	7031
14	23	7038
3	65	7045
62	87	7056
22	49	7064
64	79	7070
7	87	7075
48	91	7081
0	30	7087
28	93	7087
38	75	7103
14	47	7106
22	57	7107
32	89	7107
44	46	7108
24	71	7113
6	45	7115
81	86	7130
12	63	7141
20	75	7144
44	88	7145
19	44	7159
29	86	7161
30	44	7165
9	81	7177
6	45	7187
39	69	7195
12	22	7197
12	37	7202
44	73	7203
59	82	7203
12	53	7208
16	49	7209
4	59	7210
6	87	7227
27	69	7227
37	59	7270
75	86	7270
93	97	7277
12	97	7290
44	71	7290
56	95	7291
33	53	7298
2	57	7300
54	59	7305
17	31	7310
47	59	7310
6	15	7315
21	67	7325
42	48	7327
30	89	7330
42	95	7340
64	86	7348
73	88	7350
44	68	7352
36	69	7364
37	66	7368
11	91	7370
26	86	7373
11	43	7375
38	56	7380
38	69	7394
20	55	7399
64	93	7402
48	71	7409
74	92	7414
6	79	7421
28	86	7431
46	89	7432
12	84	7433
43	71	7444
81	98	7447
44	47	7452
49	74	7452
24	37	7465
75	89	7475
12	57	7485
23	69	7488
75	97	7489
34	91	7492
5	12	7493
6	46	7504
23	26	7507
73	98	7508
41	91	7509
9	91	7511
38	66	7511
12	24	7513
21	44	7516
47	76	7516
9	75	7522
37	84	7533
47	51	7542
9	91	7543
44	46	7543
45	76	7545
64	83	7550
6	60	7553
2	19	7554
56	68	7558
50	86	7560
9	62	7578
38	58	7578
21	54	7585
37	41	7591
53	80	7599
0	35	7602
88	99	7605
29	57	7608
2	71	7615
79	82	7617
7	84	7622
45	53	7623
38	87	7626
24	54	7633
51	99	7637
12	92	7640
48	86	7652
47	48	7653
41	75	7658
45	53	7662
39	58	7666
1	27	7677
38	99	7681
36	87	7685
59	89	7691
4	26	7696
12	68	7705
38	99	7709
40	65	7714
14	46	7717
70	86	7725
38	43	7734
41	59	7734
18	33	7741
74	78	7753
42	48	7755
3	54	7757
25	74	7760
5	13	7766
89	96	7767
32	74	7772
16	68	7787
4	46	7788
28	48	7799
32	50	7800
2	72	7805
14	28	7823
14	74	7824
6	43	7835
35	47	7844
39	55	7851
53	98	7853
16	38	7862
10	92	7865
4	82	7869
38	45	7871
23	81	7874
5	52	7892
59	85	7907
12	31	7911
42	75	7919
7	20	7920
86	99	7923
7	10	7928
17	86	7930
11	65	7932
9	25	7947
10	52	7949
68	86	7949
12	72	7950
45	92	7961
18	52	7964
20	62	7969
34	82	7972
18	35	7973
20	28	7981
37	48	7984
53	64	7985
26	89	7988
6	73	7991
59	62	7994
77	79	7995
52	68	7998
82	86	8007
9	92	8009
79	84	8010
2	84	8019
34	37	8030
9	81	8045
4	50	8049
9	37	8050
59	66	8054
5	57	8058
40	78	8062
29	83	8068
12	50	8074
59	72	8074
48	97	8083
48	96	8087
42	44	8099
12	30	8119
51	71	8128
71	88	8137
8	32	8154
73	83	8163
46	73	8180
32	53	8194
46	52	8196
8	46	8201
8	26	8208
67	97	8218
29	35	8220
44	53	8226
86	97	8226
10	83	8236
19	74	8237
8	46	8241
6	57	8242
48	70	8252
45	73	8253
6	17	8254
21	79	8261
10	13	8269
19	71	8286
66	86	8295
44	92	8297
22	42	8308
64	65	8314
12	48	8316
25	68	8326
26	59	8326
48	62	8326
51	64	8336
27	78	8337
29	97	8340
8	38	8345
12	49	8355
12	49	8356
10	17	8360
53	86	8360
10	43	8365
86	96	8370
44	86	8374
30	62	8378
26	92	8383
78	89	8398
12	44	8399
75	76	8401
12	76	8407
33	61	8413
12	36	8414
17	26	8422
57	86	8432
24	68	8442
27	81	8442
33	35	8458
20	29	8459
26	59	8459
45	86	8461
21	83	8469
48	63	8474
53	97	8488
57	92	8493
74	77	8493
29	63	8494
53	61	8497
43	74	8499
49	81	8513
20	86	8517
66	73	8517
46	88	8519
49	73	8520
12	49	8525
26	58	8525
44	92	8533
46	48	8534
2	57	8537
32	69	8548
32	40	8549
12	78	8553
31	47	8557
39	82	8559
52	99	8567
40	62	8572
53	59	8572
0	19	8573
21	65	8580
19	47	8591
45	92	8610
12	68	8640
52	91	8640
3	32	8644
13	65	8644
11	80	8653
13	18	8653
18	29	8663
65	80	8663
46	71	8664
38	53	8675
74	75	8675
24	67	8680
37	83	8681
70	96	8690
41	76	8698
16	78	8710
32	59	8715
9	89	8716
45	69	8718
4	59	8724
14	31	8737
18	99	8740
34	99	8743
46	97	8747
12	20	8763
12	67	8772
38	79	8772
47	54	8776
74	80	8779
24	62	8787
16	86	8798
22	44	8798
12	63	8799
12	56	8807
86	92	8820
43	85	8833
16	47	8840
10	15	8842
7	81	8853
14	46	8862
37	95	8863
68	85	8863
47	65	8865
8	10	8868
60	65	8874
51	75	8877
12	73	8882
69	87	8902
10	76	8910
44	47	8916
50	78	8917
18	91	8920
69	92	8922
10	51	8924
6	12	8931
26	86	8937
32	77	8940
37	73	8942
73	88	8953
45	90	8954
12	52	8960
15	19	8966
38	98	8977
10	44	8989
25	83	9003
79	95	9008
3	94	9020
32	71	9021
54	64	9022
72	75	9032
12	71	9037
21	26	9038
3	28	9042
28	61	9049
12	86	9074
32	73	9081
71	72	9083
81	98	9084
78	86	9092
38	52	9104
66	76	9111
6	22	9113
15	48	9124
7	80	9125
12	86	9147
5	76	9149
19	62	9151
19	84	9154
7	95	9161
7	44	9180
50	80	9181
12	52	9187
74	98	9195
60	71	9204
52	71	9250
74	85	9259
37	76	9262
66	90	9262
48	67	9263
45	58	9264
27	44	9278
10	72	9289
11	40	9296
8	50	9301
1	44	9303
71	83	9312
43	50	9318
17	88	9327
47	86	9329
47	52	9333
12	93	9344
2	65	9346
86	90	9352
63	81	9355
48	92	9356
7	23	9369
37	44	9386
43	78	9392
12	93	9396
12	48	9400
46	80	9400
37	93	9410
12	69	9415
27	97	9420
50	88	9435
12	78	9436
13	16	9436
22	65	9444
24	86	9450
2	53	9460
12	73	9465
55	64	9468
19	52	9470
0	57	9472
24	34	9474
36	65	9477
6	7	9484
38	49	9487
42	53	9506
4	48	9507
79	97	9521
9	40	9524
25	52	9532
6	31	9537
6	17	9542
15	26	9548
19	84	9550
12	96	9552
46	65	9556
9	26	9561
51	71	9566
37	39	9567
6	54	9575
76	97	9577
12	35	9583
11	19	9585
73	78	9588
6	71	9589
18	43	9589
30	47	9598
85	93	9599
12	86	9603
12	51	9612
5	39	9615
23	76	9623
6	44	9638
57	78	9653
47	54	9657
12	17	9669
11	32	9674
36	61	9683
11	49	9688
27	59	9695
71	97	9697
38	82	9721
6	46	9744
45	47	9749
71	83	9750
39	48	9755
12	88	9765
30	50	9765
17	83	9766
13	53	9768
28	86	9773
19	97	9774
38	82	9777
41	52	9778
35	59	9785
11	51	9787
22	68	9806
26	70	9811
79	97	9813
71	89	9815
1	87	9817
32	35	9825
7	53	9828
36	40	9832
33	50	9834
32	78	9835
50	81	9836
10	83	9849
12	70	9849
11	66	9863
71	95	9865
6	64	9878
48	59	9878
91	98	9878
41	56	9881
31	64	9886
66	76	9894
12	76	9900
2	22	9908
6	64	9908
44	50	9908
4	96	9924
4	76	9934
5	42	9935
44	99	9943
14	76	9944
17	29	9946
44	81	9955
70	71	9957
12	53	9958
12	97	9960
1	37	9961
12	86	9966
12	43	9966
2	32	9968
6	48	9972
25	85	9979
44	52	9982
12	30	9986
38	45	9986
6	18	9990
28	29	9990
17	21	9997
67	99	10012
46	67	10017
6	44	10029
21	45	10032
42	99	10038
26	71	10040
39	87	10059
55	99	10062
10	41	10068
43	52	10069
12	71	10076
12	77	10083
12	80	10087
33	80	10092
12	26	10097
7	44	10116
44	91	10122
67	69	10123
2	37	10128
12	44	10132
72	97	10144
27	86	10159
51	83	10159
12	97	10180
12	69	10181
15	66	10181
35	77	10184
77	92	10186
6	53	10189
41	53	10191
10	75	10209
44	95	10215
62	81	10216
33	71	10229
10	12	10230
29	80	10230
34	56	10253
21	58	10263
44	53	10281
12	14	10289
43	89	10296
13	97	10298
81	90	10303
34	40	10305
75	84	10315
17	86	10319
58	82	10333
0	86	10350
27	66	10354
44	86	10356
27	50	10367
45	57	10369
47	79	10375
48	86	10375
62	71	10377
46	87	10380
5	38	10384
71	82	10385
39	59	10387
22	76	10389
82	91	10390
9	86	10393
10	44	10397
37	61	10415
23	33	10421
8	37	10422
28	31	10422
0	64	10433
22	50	10433
64	86	10435
6	65	10439
12	60	10450
54	81	10452
31	62	10454
22	49	10455
19	51	10458
18	93	10464
82	86	10465
12	23	10467
15	30	10475
16	45	10483
71	99	10491
25	83	10503
24	40	10506
89	92	10506
26	41	10508
31	92	10508
6	68	10512
60	72	10514
43	58	10517
12	75	10524
24	84	10531
67	86	10531
62	74	10535
50	59	10540
86	98	10550
49	86	10552
10	50	10557
50	59	10560
7	9	10564
38	40	10569
18	84	10575
81	88	10582
9	68	10585
33	87	10585
3	86	10587
10	32	10591
13	81	10600
94	99	10623
9	40	10626
8	26	10627
1	89	10633
53	66	10633
13	43	10635
42	72	10636
48	54	10638
0	43	10639
12	44	10654
46	76	10655
33	76	10659
27	86	10664
71	74	10668
2	35	10676
38	86	10677
94	99	10681
4	84	10684
12	71	10689
2	70	10699
16	24	10709
27	60	10720
65	97	10724
17	55	10726
81	95	10729
11	65	10734
44	69	10741
10	20	10744
10	79	10750
9	12	10766
3	41	10782
23	71	10786
48	91	10790
6	37	10791
33	86	10796
45	57	10801
86	91	10808
10	13	10809
59	63	10809
22	80	10810
3	11	10818
6	80	10833
56	62	10845
12	38	10846
12	49	10848
43	44	10848
12	23	10856
12	52	10859
65	87	10862
19	30	10866
12	71	10870
71	86	10876
17	48	10879
40	78	10883
9	70	10885
21	49	10913
35	44	10915
12	20	10918
12	85	10918
29	55	10925
3	95	10931
12	82	10932
53	86	10940
23	84	10943
10	77	10958
10	16	10959
39	80	10975
38	44	10976
53	71	10983
42	67	10991
8	44	11003
15	71	11005
12	19	11007
7	57	11010
22	86	11010
52	94	11016
35	67	11023
42	57	11023
64	76	11030
1	69	11047
4	12	11066
46	91	11071
42	86	11085
4	24	11088
71	84	11090
10	58	11092
0	76	11094
36	74	11095
24	63	11098
5	34	11101
44	65	11103
45	81	11103
59	67	11110
38	53	11119
48	63	11125
56	66	11130
0	91	11132
12	86	11145
11	37	11148
59	92	11155
5	33	11166
13	27	11167
4	99	11180
9	24	11183
38	97	11185
53	94	11189
6	47	11194
57	78	11210
49	80	11222
41	86	11229
51	75	11230
46	91	11238
36	91	11240
45	66	11240
12	32	11245
40	47	11245
16	47	11256
32	92	11268
50	87	11269
38	86	11271
71	91	11275
12	43	11291
11	73	11294
4	46	11308
71	75	11309
53	71	11313
1	99	11325
65	72	11337
12	34	11344
28	93	11346
55	68	11347
9	22	11356
65	84	11366
16	99	11370
65	73	11372
23	74	11374
44	98	11385
10	44	11392
13	48	11393
3	48	11400
37	46	11402
12	93	11406
64	95	11414
8	40	11416
33	37	11420
38	99	11428
72	94	11429
12	20	11431
55	86	11436
71	86	11438
39	43	11441
41	86	11442
7	19	11451
11	37	11451
53	86	11452
10	50	11464
20	57	11464
50	97	11466
8	12	11467
12	62	11467
45	46	11469
65	78	11475
0	12	11477
23	33	11485
64	91	11493
6	52	11496
44	81	11503
60	71	11506
9	57	11510
61	74	11511
71	86	11516
43	44	11529
12	62	11538
64	97	11541
5	81	11549
12	30	11562
31	50	11563
36	93	11572
65	66	11574
22	95	11598
34	54	11598
80	99	11598
15	92	11611
25	53	11636
37	80	11637
6	86	11639
13	66	11641
43	61	11648
48	66	11648
38	57	11652
12	34	11667
6	44	11670
48	76	11670
50	73	11673
14	62	11678
30	32	11695
12	38	11720
6	93	11721
3	6	11723
36	53	11724
53	82	11738
69	86	11748
53	68	11750
9	80	11758
66	80	11760
8	12	11767
81	86	11793
6	26	11804
12	71	11808
10	71	11814
37	44	11814
1	99	11820
17	94	11823
92	98	11826
24	33	11831
40	46	11832
12	91	11855
12	51	11856
65	96	11863
33	92	11864
27	46	11879
48	50	11879
12	59	11885
9	97	11887
44	62	11893
44	91	11905
10	55	11908
11	51	11923
20	23	11925
81	83	11928
55	87	11933
3	31	11953
6	65	11953
41	76	11960
53	82	11964
31	99	11978
9	48	11982
12	91	11982
55	69	11987
12	30	11989
2	47	11998
60	63	12000
75	78	12000
12	98	12002
81	89	12005
1	53	12009
6	21	12016
37	83	12016
44	55	12022
60	73	12025
9	16	12032
17	93	12032
12	71	12043
61	70	12045
12	48	12049
33	65	12050
12	14	12052
12	21	12052
15	38	12053
9	37	12065
41	44	12072
25	27	12075
63	81	12077
4	88	12080
80	96	12099
43	76	12115
6	44	12117
12	19	12121
41	78	12123
17	99	12136
22	45	12149
7	43	12162
21	39	12169
8	91	12171
54	78	12177
62	97	12177
9	87	12184
19	92	12199
53	81	12202
6	59	12205
57	94	12208
4	94	12210
26	71	12211
38	74	12211
42	44	12213
5	46	12216
4	40	12218
46	90	12222
15	86	12223
27	92	12228
23	51	12229
47	94	12230
91	92	12235
3	93	12239
40	71	12240
77	95	12253
70	83	12267
9	93	12271
51	97	12285
10	99	12293
17	52	12313
21	48	12322
47	86	12329
15	36	12331
44	71	12337
31	65	12339
40	44	12346
50	53	12350
9	12	12358
3	35	12360
43	85	12362
34	71	12364
52	92	12368
41	53	12379
46	69	12387
71	84	12388
55	92	12389
77	86	12392
51	78	12397
44	90	12398
12	46	12415
31	52	12422
7	85	12423
41	83	12425
37	78	12430
13	33	12432
50	86	12438
19	91	12439
44	60	12444
44	99	12450
28	76	12465
28	99	12478
12	62	12480
37	64	12485
68	76	12486
20	49	12487
1	6	12492
44	94	12497
30	45	12499
33	73	12510
14	97	12511
38	58	12527
21	45	12530
13	15	12533
37	90	12535
32	76	12537
12	48	12554
48	51	12563
46	58	12566
48	50	12571
37	86	12577
12	36	12581
48	86	12586
3	82	12588
16	51	12589
23	46	12602
6	71	12608
6	54	12609
38	84	12610
11	65	12616
77	82	12622
18	22	12623
49	53	12625
35	79	12631
48	69	12634
25	97	12635
12	34	12642
34	37	12644
6	67	12647
23	91	12649
7	51	12652
44	81	12653
31	44	12662
39	93	12684
42	68	12687
12	44	12691
78	86	12698
22	81	12718
1	44	12720
23	46	12730
0	23	12732
10	12	12736
42	53	12742
48	82	12743
59	71	12750
54	62	12756
24	38	12758
60	90	12766
7	86	12769
44	47	12769
32	47	12775
12	17	12782
10	66	12786
45	93	12792
21	77	12797
47	53	12810
9	19	12828
29	79	12830
53	85	12847
18	71	12867
9	80	12869
48	89	12870
0	32	12882
21	53	12883
46	75	12885
27	71	12891
53	71	12900
23	74	12904
30	85	12938
32	38	12967
26	28	12968
28	87	12977
81	85	12977
84	92	12983
43	44	12989
6	12	12993
12	46	13014
44	68	13021
32	76	13023
53	86	13024
30	46	13027
16	71	13029
12	76	13031
33	95	13033
46	86	13036
20	75	13038
12	60	13045
9	86	13049
24	96	13059
12	25	13060
61	64	13068
56	58	13080
40	55	13085
81	88	13087
10	78	13089
59	67	13090
5	39	13100
62	92	13112
40	48	13114
74	76	13119
6	64	13120
79	80	13120
63	66	13122
52	75	13129
11	72	13130
34	86	13139
14	46	13141
76	98	13142
12	39	13144
11	88	13147
12	50	13148
2	45	13151
12	71	13156
11	51	13174
47	86	13180
16	24	13198
3	8	13206
66	78	13214
12	41	13220
44	59	13220
71	86	13227
81	91	13228
12	77	13235
18	68	13235
21	44	13254
59	74	13254
71	86	13259
10	93	13268
63	65	13270
51	75	13287
13	32	13301
15	46	13330
28	76	13335
53	82	13350
43	71	13353
44	51	13366
51	92	13387
12	61	13400
12	29	13403
46	69	13426
6	59	13445
25	36	13447
8	15	13450
12	66	13462
63	87	13476
37	44	13477
44	62	13484
40	69	13500
46	83	13508
2	45	13515
39	49	13522
45	91	13529
52	75	13529
11	45	13531
45	56	13534
48	71	13539
8	19	13541
17	89	13545
8	56	13552
6	36	13553
12	74	13555
6	34	13558
31	45	13559
44	59	13559
6	37	13565
47	71	13566
67	69	13567
12	89	13570
12	86	13571
32	51	13573
46	93	13575
7	9	13576
69	87	13583
11	64	13586
37	99	13588
32	46	13589
71	76	13596
12	71	13599
44	86	13607
30	75	13629
6	71	13635
22	54	13635
12	44	13636
31	75	13636
62	70	13643
12	99	13686
40	57	13695
54	68	13699
12	53	13703
10	15	13706
48	97	13708
60	69	13744
20	73	13747
31	98	13748
23	45	13751
32	85	13756
12	58	13759
10	34	13769
34	36	13769
73	81	13769
22	34	13774
54	63	13776
12	78	13784
70	86	13784
29	68	13786
41	47	13798
12	85	13805
11	70	13823
69	71	13831
9	55	13835
44	95	13835
2	72	13841
48	86	13843
3	67	13844
2	41	13848
40	90	13855
21	62	13864
65	92	13889
22	76	13896
7	31	13901
68	71	13912
8	38	13919
8	50	13925
12	86	13926
84	86	13928
2	82	13931
66	97	13936
6	37	13939
12	38	13940
12	86	13941
45	60	13962
11	55	13964
1	39	13965
72	81	13970
28	62	13984
13	86	13985
18	23	13990
65	98	13992
1	9	14014
6	20	14014
48	52	14017
10	12	14023
17	38	14023
44	47	14023
50	69	14023
43	48	14035
6	32	14040
41	81	14044
57	69	14049
47	84	14051
76	81	14052
37	97	14053
34	55	14063
37	53	14063
55	92	14064
22	91	14065
43	94	14066
44	69	14067
10	44	14071
36	44	14095
36	65	14097
6	96	14098
2	38	14105
25	41	14110
71	84	14112
8	22	14118
44	59	14118
34	44	14124
50	92	14139
23	86	14142
11	65	14144
44	51	14147
53	76	14149
59	79	14164
25	76	14169
61	82	14178
36	66	14185
65	97	14199
26	40	14206
22	52	14223
39	44	14240
27	48	14241
34	44	14242
14	53	14248
0	9	14253
19	92	14263
1	28	14264
6	47	14273
45	53	14277
12	82	14293
6	97	14295
15	39	14297
48	59	14298
48	72	14300
11	59	14315
47	76	14321
2	31	14329
9	71	14334
52	63	14353
12	76	14354
37	96	14355
12	76	14356
25	77	14358
8	59	14361
21	48	14362
12	29	14370
6	96	14376
50	59	14377
2	24	14383
40	53	14395
67	85	14412
10	82	14423
37	64	14423
12	86	14427
10	86	14428
5	37	14430
57	76	14438
69	86	14452
48	71	14456
23	57	14463
12	41	14473
52	65	14475
12	57	14483
32	78	14498
16	60	14500
34	42	14501
0	44	14519
12	96	14522
12	47	14524
14	69	14527
0	47	14534
29	37	14534
36	86	14534
12	73	14539
12	59	14544
46	51	14558
54	83	14567
29	92	14575
37	92	14575
11	54	14583
9	83	14584
21	65	14593
39	44	14599
19	43	14602
72	99	14603
76	82	14612
41	71	14615
8	44	14624
48	89	14630
7	12	14639
40	69	14642
6	50	14650
12	24	14650
17	20	14650
60	62	14683
28	53	14687
37	86	14687
37	80	14696
41	69	14703
10	96	14711
95	97	14714
48	94	14729
55	84	14733
81	84	14739
15	51	14750
48	57	14750
2	19	14764
6	33	14774
12	35	14789
42	80	14793
25	91	14799
7	91	14804
4	76	14805
12	62	14807
49	81	14817
53	71	14823
45	97	14825
37	59	14835
11	40	14853
45	69	14858
36	82	14862
46	83	14870
47	72	14871
8	99	14880
6	53	14882
8	75	14883
69	95	14891
3	46	14903
45	71	14903
15	76	14905
10	48	14906
19	48	14911
37	94	14916
44	53	14919
12	28	14920
64	67	14932
35	97	14943
45	79	14953
7	33	14960
12	21	14964
12	73	14974
6	61	14975
47	81	14985
47	97	14992
65	70	14996
75	81	15002
71	76	15013
13	81	15019
8	26	15022
45	86	15026
57	60	15027
46	64	15029
46	51	15033
19	38	15035
93	97	15038
44	86	15075
10	39	15081
36	50	15089
6	99	15100
45	63	15102
59	86	15102
9	14	15107
59	71	15109
44	71	15111
59	80	15118
33	60	15124
23	62	15138
73	97	15151
39	46	15152
28	48	15156
6	99	15160
7	8	15165
12	20	15170
44	60	15171
27	32	15172
44	62	15174
50	85	15184
37	76	15193
52	61	15210
3	37	15211
6	18	15220
42	46	15225
59	65	15228
47	67	15235
18	35	15237
36	37	15275
50	59	15281
71	84	15285
23	44	15286
45	72	15289
66	81	15300
16	79	15306
69	75	15309
4	47	15312
28	38	15312
24	25	15314
86	94	15317
32	48	15318
52	75	15324
65	72	15325
59	78	15329
19	45	15330
38	99	15330
23	81	15337
48	81	15342
51	68	15348
75	86	15358
45	84	15359
10	53	15362
6	26	15364
19	48	15371
3	52	15375
46	62	15377
48	86	15379
48	50	15384
33	87	15389
44	58	15393
46	81	15414
40	73	15417
46	98	15417
76	90	15418
71	87	15421
12	52	15427
33	86	15433
49	83	15451
79	98	15458
7	59	15462
44	52	15470
12	94	15476
24	35	15476
32	48	15484
28	74	15485
40	92	15494
73	92	15497
46	95	15503
72	86	15503
84	86	15530
6	76	15569
5	50	15590
27	30	15592
5	93	15594
4	69	15598
60	77	15599
60	82	15611
3	65	15624
44	92	15626
81	86	15628
12	38	15643
59	76	15646
15	26	15659
38	63	15665
16	62	15683
37	76	15692
40	58	15693
12	40	15699
86	94	15704
67	95	15714
36	67	15724
19	44	15727
22	95	15737
66	90	15745
11	74	15750
17	93	15765
12	45	15786
27	63	15795
41	46	15797
12	32	15800
75	77	15801
17	52	15802
13	42	15812
44	56	15817
64	86	15822
46	65	15841
14	86	15845
71	99	15845
15	52	15852
52	58	15853
48	97	15866
35	68	15893
32	44	15902
25	49	15903
3	47	15906
6	26	15911
9	89	15918
44	63	15922
9	10	15924
6	61	15926
71	87	15927
71	77	15930
22	88	15932
54	55	15934
78	85	15951
58	64	15955
47	80	15959
8	46	15965
30	45	15969
51	84	15970
40	44	15987
55	69	15988
52	54	16008
1	28	16010
5	44	16014
1	16	16018
37	78	16018
50	74	16018
54	82	16022
22	68	16028
12	99	16029
27	99	16040
12	81	16041
3	71	16045
85	97	16049
56	71	16050
0	89	16052
0	81	16062
14	15	16063
26	38	16070
71	99	16073
44	65	16074
17	86	16075
10	80	16077
66	70	16086
33	47	16091
52	86	16093
12	14	16100
61	67	16101
38	87	16112
29	48	16115
34	37	16115
41	99	16140
14	87	16161
51	77	16161
45	48	16162
45	46	16163
38	92	16166
64	71	16186
64	69	16187
52	65	16191
0	11	16194
46	57	16199
8	71	16204
35	54	16211
44	54	16215
6	15	16220
20	52	16229
14	75	16237
11	86	16241
44	59	16243
12	59	16249
8	63	16256
6	12	16265
4	64	16266
22	92	16266
9	48	16282
10	12	16282
6	24	16290
15	19	16290
40	71	16290
12	45	16294
5	10	16297
33	74	16299
40	44	16309
19	44	16313
31	83	16322
10	86	16324
39	64	16325
1	71	16327
80	95	16332
7	64	16337
36	84	16337
29	86	16343
4	14	16344
6	48	16345
40	76	16360
7	69	16370
13	24	16386
6	47	16392
14	44	16392
11	86	16399
53	91	16413
44	48	16421
9	54	16439
51	60	16446
20	60	16448
44	95	16454
3	34	16468
10	11	16475
19	98	16475
26	76	16483
11	89	16489
43	78	16501
28	65	16506
49	51	16511
48	83	16512
4	99	16516
12	84	16525
13	44	16536
9	15	16537
5	44	16539
32	75	16544
44	52	16546
27	95	16547
48	83	16560
28	87	16561
41	60	16565
33	62	16576
10	47	16587
71	79	16588
6	46	16589
34	65	16590
47	69	16598
35	63	16600
9	43	16608
17	51	16614
16	78	16615
72	87	16616
6	78	16618
12	20	16623
12	97	16625
46	48	16626
14	52	16632
37	54	16633
86	99	16635
28	51	16643
71	78	16648
65	96	16656
43	59	16659
12	94	16661
66	98	16662
11	42	16663
14	44	16665
39	44	16675
25	32	16677
1	86	16684
35	45	16691
0	73	16692
54	86	16700
60	82	16701
76	97	16706
12	55	16714
30	53	16723
23	47	16737
44	46	16739
6	52	16742
6	50	16750
12	86	16752
12	46	16753
38	68	16762
38	42	16764
44	93	16791
12	86	16800
48	92	16808
20	97	16811
40	95	16812
14	99	16813
48	50	16816
19	20	16825
37	61	16830
77	78	16849
0	36	16852
12	40	16877
90	97	16878
11	38	16880
52	74	16891
63	64	16896
55	64	16898
0	27	16904
47	86	16906
75	92	16907
50	90	16915
22	90	16916
73	74	16924
6	71	16932
19	44	16933
12	27	16936
44	63	16936
3	86	16941
19	52	16946
44	87	16955
2	46	16958
33	43	16966
37	66	16971
77	81	16974
10	91	16981
14	37	16983
11	12	16985
2	46	16986
44	45	16997
33	85	16999
5	48	17003
48	99	17003
22	84	17009
60	78	17020
6	10	17024
28	58	17024
45	59	17031
35	92	17051
76	89	17051
21	38	17055
44	95	17063
64	71	17063
6	20	17066
40	92	17075
17	55	17079
54	83	17083
38	83	17090
6	48	17097
24	46	17098
71	81	17106
13	53	17108
12	40	17117
79	99	17120
50	53	17121
29	82	17128
10	13	17134
49	50	17140
60	93	17142
12	55	17147
4	12	17149
32	89	17154
3	69	17156
20	74	17160
12	52	17162
6	16	17165
14	71	17170
12	34	17186
40	97	17202
6	12	17208
1	56	17220
12	95	17238
43	86	17239
14	69	17240
30	46	17243
72	83	17244
20	87	17261
76	83	17263
86	91	17264
45	90	17268
4	12	17271
40	48	17276
23	44	17291
44	93	17308
2	86	17314
38	98	17324
14	51	17327
12	75	17347
28	60	17348
35	62	17348
44	61	17365
19	95	17384
12	48	17394
13	49	17395
41	44	17401
62	64	17414
70	98	17418
86	98	17419
12	75	17420
3	61	17433
56	84	17434
20	37	17437
30	50	17438
10	21	17449
10	37	17451
25	57	17468
24	59	17469
48	99	17470
50	66	17470
1	7	17481
13	44	17485
44	61	17489
12	48	17493
51	92	17494
56	65	17497
12	42	17498
15	86	17509
6	71	17511
38	80	17513
16	91	17514
29	97	17517
86	92	17522
35	52	17523
1	40	17525
32	91	17533
12	98	17539
33	48	17544
46	98	17556
46	83	17572
6	51	17574
7	12	17590
4	5	17592
38	84	17603
50	80	17604
16	80	17606
68	78	17611
44	88	17623
45	90	17624
44	59	17634
59	93	17636
6	48	17637
53	71	17641
25	44	17651
10	48	17660
86	93	17660
23	67	17661
13	42	17662
19	77	17664
6	34	17673
25	71	17685
46	71	17692
10	58	17697
12	44	17701
22	61	17736
40	48	17738
9	78	17740
3	19	17742
34	73	17742
53	99	17742
20	72	17745
41	86	17745
59	76	17751
12	21	17757
19	40	17761
60	64	17762
6	92	17764
76	99	17770
63	86	17799
97	99	17803
38	44	17805
23	65	17822
46	89	17826
47	52	17829
12	26	17837
60	86	17850
10	29	17855
7	76	17874
37	64	17875
21	37	17882
56	99	17885
12	21	17891
38	59	17895
1	50	17897
0	32	17899
46	59	17904
37	66	17909
75	93	17916
18	39	17921
48	54	17929
76	84	17941
44	61	17947
0	30	17948
51	76	17950
2	76	17965
71	80	17965
44	47	17969
64	75	17981
88	95	17983
56	67	17991
0	12	17998
28	98	18002
22	58	18010
3	65	18017
3	12	18027
27	90	18030
39	44	18033
44	83	18036
5	44	18047
13	81	18052
28	53	18052
25	26	18065
2	99	18068
71	89	18076
43	56	18087
14	71	18098
10	12	18100
6	38	18101
12	26	18119
6	57	18123
11	64	18123
29	31	18147
16	94	18156
44	83	18158
48	56	18169
25	86	18170
33	66	18170
38	70	18189
44	52	18190
34	97	18193
17	42	18202
43	74	18211
55	62	18217
44	80	18232
14	23	18235
59	95	18239
12	60	18241
1	12	18270
52	87	18276
44	56	18282
46	86	18283
46	87	18284
66	74	18288
37	78	18301
6	71	18304
66	85	18319
15	45	18321
92	94	18323
33	81	18326
14	24	18328
6	11	18340
12	23	18344
40	85	18344
30	46	18346
29	77	18347
6	86	18351
9	14	18355
40	47	18355
30	55	18357
0	86	18358
2	10	18365
9	68	18367
77	78	18368
38	81	18370
40	84	18375
6	32	18380
21	50	18381
7	80	18384
28	93	18395
53	58	18398
12	55	18403
12	55	18404
24	53	18416
20	74	18418
6	88	18419
22	69	18419
63	87	18426
74	86	18429
76	99	18443
12	22	18444
12	76	18458
53	99	18463
48	73	18469
1	84	18477
3	86	18479
6	10	18481
62	81	18495
6	59	18496
36	65	18501
60	86	18502
29	44	18509
24	77	18511
12	65	18515
47	53	18533
58	71	18533
18	44	18534
19	29	18537
38	40	18557
11	86	18563
53	92	18563
22	53	18564
10	75	18570
37	71	18570
42	77	18580
12	13	18582
12	35	18586
40	71	18586
23	81	18587
59	75	18601
19	75	18606
50	78	18611
76	86	18624
42	95	18632
45	90	18634
54	94	18641
27	86	18650
2	32	18655
12	71	18656
42	74	18657
37	86	18659
13	82	18662
45	75	18670
35	72	18673
18	44	18674
47	78	18680
79	88	18693
52	53	18694
71	94	18706
33	76	18709
55	59	18712
22	92	18718
34	97	18726
7	86	18731
48	63	18735
3	92	18743
53	98	18743
5	44	18749
8	9	18753
9	45	18754
34	89	18754
62	83	18756
41	71	18758
46	65	18772
48	71	18773
33	46	18774
7	22	18782
44	65	18788
12	54	18790
52	75	18791
21	79	18796
22	39	18798
14	44	18801
22	97	18801
31	74	18802
44	84	18816
9	41	18817
63	97	18823
51	71	18830
10	55	18843
22	36	18844
45	99	18846
10	65	18851
19	41	18856
10	78	18860
5	60	18864
50	76	18864
8	65	18866
3	12	18875
32	91	18875
71	84	18875
12	96	18877
48	97	18889
14	46	18901
44	75	18913
38	50	18919
18	68	18924
31	86	18943
14	20	18947
3	75	18963
30	44	18965
74	99	18967
55	71	18973
50	54	18981
17	20	18985
11	95	18986
19	98	18992
75	81	18995
12	52	19008
2	91	19016
36	76	19017
68	86	19037
44	75	19048
1	85	19061
44	73	19066
12	65	19080
21	82	19081
9	86	19086
37	80	19099
38	86	19106
44	53	19116
8	27	19120
13	33	19126
39	67	19127
10	88	19149
44	81	19159
53	78	19178
1	70	19185
39	41	19186
51	73	19196
39	44	19205
59	82	19218
19	69	19227
33	97	19231
12	36	19236
54	68	19243
71	79	19244
54	94	19250
12	44	19251
11	92	19252
71	86	19252
23	34	19257
27	43	19277
84	91	19284
34	84	19298
80	97	19304
12	24	19306
18	26	19306
50	64	19313
3	84	19315
10	67	19319
12	36	19323
8	18	19326
33	71	19332
80	87	19349
40	86	19354
65	98	19354
1	12	19369
37	73	19388
57	86	19391
15	51	19399
36	75	19399
46	87	19401
12	48	19410
57	81	19412
6	41	19418
73	86	19423
12	64	19426
54	62	19429
36	38	19438
90	99	19439
89	97	19444
13	86	19451
33	56	19452
23	52	19456
86	99	19469
32	88	19481
52	59	19488
52	64	19490
12	94	19524
4	82	19526
36	57	19526
6	7	19528
51	98	19528
56	61	19533
46	71	19534
3	12	19545
62	92	19546
27	97	19548
51	68	19553
61	71	19557
15	21	19566
38	70	19566
59	76	19569
70	75	19571
31	62	19573
18	44	19575
39	59	19585
45	88	19589
16	50	19606
23	44	19613
31	41	19623
65	86	19628
10	51	19657
44	59	19664
9	17	19672
67	84	19675
41	78	19680
50	86	19682
73	78	19682
12	75	19684
14	93	19687
15	50	19693
4	78	19695
62	86	19701
37	39	19706
12	86	19712
71	77	19714
78	96	19716
53	92	19734
53	96	19735
35	84	19742
12	55	19744
44	57	19744
4	50	19753
80	86	19759
0	86	19760
76	90	19760
51	95	19764
70	75	19765
38	86	19770
79	86	19798
24	81	19809
7	64	19811
26	47	19813
32	86	19820
25	86	19823
8	17	19841
29	44	19842
7	97	19848
38	73	19851
6	83	19853
12	48	19853
32	99	19865
10	15	19869
44	68	19879
2	10	19885
19	71	19892
19	24	19910
88	99	19911
32	52	19912
37	55	19913
14	85	19924
5	36	19926
12	74	19926
13	38	19935
54	67	19943
77	85	19967
16	86	19974
44	92	20000
