41	70	1
21	72	5
18	53	8
50	67	8
42	45	11
51	67	17
63	67	26
18	99	28
22	70	32
34	62	40
37	75	41
20	86	46
16	65	47
18	67	47
23	86	47
18	46	52
19	33	54
16	67	56
54	98	56
11	96	60
53	67	62
9	65	63
16	28	71
18	55	71
23	64	78
47	65	85
18	65	86
18	55	88
16	18	90
22	59	92
8	18	93
38	91	99
52	65	101
38	97	103
79	98	103
1	17	109
2	11	109
6	53	113
15	67	113
47	49	122
21	67	123
0	18	128
16	68	132
47	93	140
51	67	144
19	22	150
61	87	152
21	67	161
63	74	164
4	11	165
35	83	166
65	97	166
29	93	167
18	77	169
25	65	172
41	67	187
19	53	188
31	82	189
18	91	191
13	67	195
18	65	197
19	75	199
85	95	201
19	40	205
18	67	208
10	11	210
22	30	210
62	81	212
0	51	218
49	75	218
23	67	224
83	97	230
75	99	235
75	92	235
6	65	238
65	91	239
2	18	240
6	16	245
22	38	245
34	67	245
53	67	245
65	67	246
62	67	250
18	98	260
21	55	262
17	30	268
18	65	268
63	65	270
67	74	272
63	67	279
64	91	281
65	75	281
18	67	283
21	67	283
13	75	285
18	82	285
44	75	285
17	88	290
11	67	294
8	75	298
18	40	304
16	81	307
19	22	310
67	97	311
65	86	316
23	65	317
36	45	324
18	64	334
18	55	338
16	29	341
54	81	342
65	67	342
8	18	343
13	95	343
65	67	344
2	55	345
86	92	345
23	34	346
16	67	351
40	67	352
67	68	354
47	95	361
82	98	362
65	67	363
22	65	368
47	61	372
72	95	378
8	54	392
27	55	397
13	22	403
31	51	405
18	84	409
63	96	416
18	95	420
31	62	425
18	54	426
63	65	428
65	67	429
65	79	430
16	95	451
2	17	453
8	65	459
18	37	465
4	34	466
36	67	466
67	75	467
19	65	470
42	53	474
22	67	484
22	99	491
37	45	492
7	67	496
7	65	497
25	49	497
42	76	498
18	20	499
22	65	499
65	67	502
13	75	503
18	67	507
6	19	510
21	41	512
23	27	513
65	72	513
11	18	517
18	67	517
25	87	519
17	74	524
41	76	524
68	82	525
55	65	526
39	65	530
17	53	531
19	25	532
11	16	534
7	82	536
14	47	536
40	72	537
23	27	538
18	35	540
21	75	548
67	72	548
18	22	553
54	65	554
34	67	558
33	65	559
18	19	564
19	49	564
44	91	568
23	67	569
18	23	570
12	96	575
18	72	579
83	98	579
67	70	580
19	67	582
14	22	585
65	90	587
72	87	588
22	23	589
65	67	589
65	67	590
67	83	590
67	68	591
19	65	593
31	67	593
18	75	599
23	67	603
23	39	603
70	75	605
38	67	606
6	82	607
23	67	607
23	93	607
23	91	622
68	99	624
46	96	627
7	67	629
10	20	634
56	67	634
22	31	639
58	60	642
11	14	659
18	86	660
10	58	662
16	98	662
68	82	663
53	80	664
16	67	670
19	97	676
67	68	678
18	68	680
1	43	686
46	50	687
17	19	695
36	67	696
18	38	700
26	38	700
46	49	706
50	95	708
38	67	711
47	79	712
18	47	714
22	75	714
18	23	715
65	96	717
67	88	721
23	29	723
9	88	725
34	49	731
35	67	735
16	67	742
51	67	748
16	18	751
16	67	754
88	95	759
22	65	763
22	97	763
26	36	764
15	44	766
65	96	766
74	89	768
15	87	769
16	22	769
17	67	769
45	83	773
98	99	775
23	67	778
22	32	784
16	67	789
0	75	796
53	67	799
10	56	801
18	56	803
18	45	805
28	65	806
23	30	811
28	67	812
23	99	816
16	49	819
16	67	820
19	83	820
18	89	826
15	55	829
8	67	832
67	79	835
9	93	842
58	65	842
59	65	844
2	26	849
16	23	856
23	97	859
55	67	860
8	45	866
19	64	866
30	87	868
33	42	869
27	83	871
60	68	871
9	64	884
22	72	884
29	30	885
51	67	889
10	75	890
9	72	893
4	14	894
23	65	901
2	35	904
16	52	904
16	67	907
16	19	912
11	51	916
46	67	922
23	65	923
5	44	925
1	67	927
67	89	928
20	56	931
1	67	934
26	67	934
6	55	935
7	72	935
33	48	936
18	40	939
55	65	940
67	75	945
11	77	951
18	31	951
65	67	953
65	91	954
65	71	954
66	75	955
65	94	968
75	83	977
16	81	980
33	65	984
31	67	985
75	91	990
22	28	991
9	65	992
18	67	993
55	68	993
22	65	994
19	52	998
55	65	1005
18	65	1007
18	22	1012
67	85	1013
9	67	1015
16	64	1017
67	98	1022
65	72	1028
56	65	1029
11	22	1032
16	72	1034
7	55	1036
18	87	1038
18	95	1038
9	67	1039
28	67	1043
67	88	1044
45	65	1047
18	65	1048
43	67	1050
56	72	1050
67	75	1052
34	65	1057
51	63	1058
74	75	1062
29	65	1063
8	18	1069
16	65	1069
67	81	1070
2	44	1075
9	69	1075
13	18	1077
18	26	1081
72	80	1081
65	97	1082
41	65	1084
27	51	1087
17	65	1089
7	18	1091
31	67	1091
18	37	1092
67	81	1094
67	91	1094
22	75	1095
45	72	1095
55	66	1095
18	67	1099
3	65	1102
65	67	1102
47	65	1103
23	67	1109
18	65	1113
18	78	1116
19	93	1119
42	67	1126
26	90	1128
22	55	1129
0	72	1131
9	19	1133
59	65	1136
55	65	1137
16	99	1141
18	67	1142
23	65	1142
6	18	1144
19	38	1149
36	65	1153
5	58	1156
37	97	1161
48	86	1161
64	86	1162
65	67	1172
44	77	1174
67	98	1178
14	74	1182
96	98	1183
55	79	1187
19	29	1188
16	18	1189
21	67	1189
67	72	1189
67	86	1192
18	80	1196
36	65	1196
23	72	1199
23	42	1199
13	34	1201
60	85	1209
11	67	1211
90	99	1212
50	74	1214
22	40	1218
61	67	1219
52	65	1221
18	35	1223
18	54	1223
14	22	1228
8	65	1229
9	68	1229
67	89	1229
19	65	1233
2	19	1234
81	82	1234
9	23	1235
13	74	1235
29	48	1235
18	56	1241
35	67	1244
55	57	1245
31	67	1247
6	82	1257
67	98	1259
22	23	1262
23	75	1267
22	51	1270
35	67	1276
22	27	1277
29	65	1278
55	67	1279
18	82	1281
65	67	1281
65	75	1282
26	66	1283
45	99	1283
73	84	1289
81	90	1290
14	22	1293
55	67	1293
67	84	1293
18	67	1294
65	67	1295
9	67	1303
49	67	1306
18	62	1314
33	67	1315
65	88	1317
29	67	1324
19	67	1327
55	74	1330
67	82	1330
67	81	1330
38	67	1331
56	67	1331
18	67	1336
22	67	1336
45	67	1340
17	97	1342
68	75	1346
22	23	1350
49	75	1355
18	65	1356
37	88	1359
30	73	1361
15	67	1362
18	65	1364
18	67	1367
62	88	1369
18	67	1371
63	67	1371
67	82	1371
9	96	1373
16	88	1373
18	19	1376
6	65	1379
11	23	1379
23	82	1383
16	29	1385
39	80	1387
65	93	1387
22	26	1390
42	67	1394
55	65	1394
55	67	1403
67	83	1403
7	86	1406
65	67	1408
4	65	1410
15	91	1412
19	90	1418
67	95	1421
45	75	1429
63	81	1431
16	33	1434
8	18	1438
13	67	1438
16	67	1440
65	67	1442
65	77	1443
47	55	1446
17	50	1447
18	45	1450
18	75	1453
67	83	1453
11	49	1455
18	65	1465
19	86	1466
55	67	1466
65	67	1467
15	57	1468
11	67	1470
18	77	1472
58	67	1474
47	78	1475
21	91	1476
18	23	1480
53	81	1480
67	82	1481
7	9	1484
74	93	1485
8	54	1487
65	67	1494
28	40	1502
58	75	1503
18	67	1508
43	67	1511
23	75	1515
23	97	1515
3	61	1516
44	67	1516
45	65	1522
8	65	1525
20	67	1525
65	67	1526
14	91	1533
35	93	1541
75	94	1545
21	67	1548
46	50	1551
67	82	1556
19	65	1558
15	46	1566
35	75	1568
5	67	1572
18	80	1572
5	76	1573
23	92	1573
18	36	1574
67	86	1576
53	55	1582
23	67	1587
61	67	1589
14	67	1592
47	63	1598
0	16	1599
21	51	1600
9	18	1601
67	82	1603
11	36	1604
19	34	1604
67	75	1607
68	97	1608
6	44	1609
37	38	1609
16	86	1613
18	67	1615
67	89	1624
10	44	1626
11	67	1626
51	98	1626
15	72	1630
67	75	1639
67	68	1640
47	67	1646
67	75	1646
23	65	1647
67	86	1647
65	67	1649
18	67	1651
35	67	1656
31	91	1657
55	65	1657
18	65	1659
31	41	1661
65	76	1663
67	80	1666
18	68	1668
65	67	1672
13	96	1674
65	67	1676
16	18	1682
65	67	1682
14	97	1683
13	91	1687
67	99	1687
36	84	1688
23	75	1689
35	78	1691
16	67	1692
29	67	1693
67	97	1694
65	67	1695
22	75	1697
6	23	1699
10	18	1708
13	39	1712
67	88	1712
12	67	1716
8	84	1718
85	88	1721
3	97	1725
63	67	1725
43	68	1728
6	95	1729
11	74	1729
6	60	1730
16	72	1730
11	19	1739
18	29	1744
8	65	1751
7	9	1757
23	69	1759
45	67	1759
11	18	1763
67	97	1766
70	72	1766
18	21	1773
63	65	1775
1	24	1778
66	68	1778
10	75	1787
22	58	1789
5	65	1791
21	63	1793
14	72	1802
16	67	1808
2	16	1811
25	80	1812
34	67	1822
32	65	1823
38	67	1823
18	99	1826
47	74	1826
16	67	1827
4	65	1833
18	24	1834
42	89	1837
65	67	1841
14	36	1842
65	68	1843
67	87	1844
30	80	1845
2	67	1846
65	67	1851
23	87	1852
18	23	1861
19	78	1861
33	50	1861
52	67	1861
11	67	1862
17	18	1862
67	71	1862
67	81	1864
23	55	1866
41	65	1868
65	99	1875
18	79	1877
7	75	1882
55	74	1882
67	94	1883
19	51	1889
18	67	1895
39	67	1899
29	97	1900
55	93	1905
18	65	1910
38	65	1912
2	49	1914
8	18	1915
8	93	1918
31	67	1918
16	59	1919
31	67	1921
17	65	1925
21	50	1925
22	65	1925
2	16	1928
26	67	1934
16	25	1936
13	40	1946
18	67	1952
5	45	1953
37	61	1958
67	84	1958
9	96	1959
64	65	1960
6	33	1965
34	67	1966
67	80	1968
30	76	1970
65	67	1976
20	94	1977
18	75	1978
28	67	1979
38	73	1979
13	23	1982
23	70	1983
8	27	1989
16	18	1990
18	29	1992
1	67	1994
18	80	1996
44	67	1996
22	67	1997
13	57	2000
16	18	2001
36	90	2001
45	52	2002
0	40	2003
9	22	2003
18	48	2005
67	91	2006
18	77	2008
27	92	2008
2	87	2012
46	67	2012
23	65	2014
47	91	2016
59	86	2018
13	67	2021
18	82	2022
55	65	2022
67	94	2045
32	67	2047
64	81	2052
36	59	2053
16	77	2055
65	83	2055
51	67	2058
18	55	2067
35	67	2076
67	89	2076
65	86	2078
36	65	2082
65	67	2084
80	91	2085
22	92	2089
67	95	2093
15	16	2100
16	62	2100
65	99	2100
97	99	2100
44	67	2106
16	42	2107
47	55	2113
67	97	2114
36	63	2124
15	73	2127
67	86	2127
18	67	2129
19	72	2130
18	63	2136
18	65	2141
3	65	2143
16	88	2147
21	67	2147
38	63	2147
35	65	2154
43	89	2156
16	67	2157
67	80	2157
31	67	2158
53	57	2158
36	55	2161
18	98	2162
45	67	2163
22	77	2174
78	80	2174
44	67	2177
45	62	2178
65	71	2182
22	67	2186
68	76	2188
18	67	2202
18	35	2207
23	55	2207
11	74	2213
27	55	2213
75	81	2213
47	59	2222
9	67	2226
16	97	2228
18	67	2228
65	76	2231
55	64	2234
48	65	2240
18	75	2247
22	67	2251
27	67	2258
5	67	2261
55	67	2262
65	71	2268
55	68	2270
45	64	2272
18	23	2273
37	88	2278
67	81	2279
74	97	2281
16	48	2282
38	67	2282
49	80	2283
62	67	2285
65	76	2287
19	56	2291
44	86	2291
51	92	2292
33	74	2294
18	21	2298
6	35	2303
23	36	2304
17	56	2306
18	36	2308
7	23	2319
63	67	2320
74	98	2320
18	31	2322
55	67	2323
36	77	2324
65	89	2329
7	65	2330
17	18	2330
18	67	2332
11	72	2333
31	65	2336
13	64	2343
18	72	2344
23	89	2352
55	67	2353
21	65	2354
14	99	2363
67	97	2366
54	67	2369
67	75	2371
9	18	2372
65	84	2373
36	53	2374
67	86	2375
18	65	2378
16	68	2380
65	67	2381
11	36	2382
67	82	2382
22	67	2383
56	67	2383
63	65	2384
29	32	2389
65	67	2391
46	52	2392
67	75	2392
26	35	2395
65	97	2395
6	27	2397
34	67	2399
23	64	2400
50	67	2401
65	77	2402
29	59	2403
28	67	2407
65	67	2407
9	65	2409
18	50	2410
16	96	2415
71	84	2417
17	67	2418
0	41	2423
18	36	2427
13	35	2435
47	97	2436
9	86	2443
7	23	2445
22	67	2453
11	72	2460
5	67	2461
82	99	2465
8	72	2467
80	82	2468
22	65	2472
43	55	2474
67	89	2477
16	67	2478
31	60	2478
18	67	2479
18	94	2479
18	67	2481
23	31	2482
67	78	2484
64	85	2491
10	67	2495
9	16	2496
41	65	2496
18	72	2497
24	68	2503
26	67	2503
6	18	2513
65	95	2514
22	37	2519
61	65	2520
36	60	2528
23	73	2530
53	55	2535
33	51	2540
9	13	2542
19	45	2543
55	68	2544
39	67	2545
58	97	2547
8	18	2548
29	75	2550
2	11	2552
65	69	2553
9	67	2559
18	84	2560
17	38	2568
61	94	2574
38	67	2576
11	18	2577
17	48	2578
37	68	2582
19	67	2583
36	67	2583
14	72	2586
37	55	2586
47	71	2587
15	65	2592
18	80	2595
55	65	2597
22	67	2601
22	64	2601
47	57	2605
13	40	2607
22	28	2608
19	72	2610
23	67	2611
25	97	2612
19	65	2613
17	67	2618
18	74	2619
53	79	2620
72	74	2620
31	36	2623
16	67	2627
16	90	2631
75	79	2631
60	94	2632
45	82	2636
67	72	2639
25	75	2642
19	22	2643
23	96	2643
65	95	2644
19	90	2648
38	65	2653
18	67	2654
18	67	2657
15	19	2663
83	98	2665
15	65	2666
45	54	2668
23	67	2670
65	72	2670
19	23	2671
60	93	2671
9	78	2674
89	97	2680
14	98	2683
18	65	2683
9	67	2685
19	90	2687
49	67	2691
9	13	2692
23	65	2692
22	67	2697
8	75	2700
22	54	2706
59	65	2713
16	36	2715
47	75	2717
8	86	2719
16	29	2719
35	67	2719
36	65	2719
18	38	2724
29	51	2729
18	51	2736
67	97	2738
65	68	2739
47	55	2741
21	67	2743
64	67	2743
31	65	2745
23	88	2746
21	77	2752
39	97	2752
65	72	2755
9	23	2757
23	67	2761
21	55	2766
23	74	2772
29	63	2775
22	95	2778
65	71	2779
45	50	2781
63	67	2785
44	67	2787
45	75	2791
11	67	2792
16	73	2793
11	93	2799
18	65	2802
16	98	2804
18	75	2809
8	22	2813
49	67	2815
0	72	2817
7	75	2817
18	90	2817
16	18	2834
26	65	2839
71	81	2841
44	52	2844
67	80	2844
36	67	2850
67	74	2851
2	81	2854
23	47	2860
16	68	2862
68	85	2865
31	42	2870
16	54	2871
18	80	2881
36	75	2881
9	27	2883
47	65	2884
67	77	2885
7	56	2886
2	74	2889
42	88	2891
18	28	2895
18	67	2897
16	78	2900
31	61	2904
9	67	2907
18	98	2907
65	67	2913
67	74	2916
2	67	2924
14	99	2924
31	67	2925
31	61	2925
14	67	2927
67	81	2928
23	67	2931
31	65	2936
16	67	2941
22	23	2941
20	80	2943
6	67	2944
29	90	2945
35	67	2947
50	67	2947
8	31	2949
51	89	2953
16	44	2954
65	74	2954
60	67	2955
9	83	2960
65	67	2962
37	67	2964
65	67	2968
55	67	2972
23	67	2974
61	75	2981
8	72	2987
63	67	2988
63	65	2988
14	23	2992
21	68	2996
19	35	3000
63	67	3001
23	67	3004
2	65	3005
19	97	3005
11	65	3006
11	22	3012
75	76	3012
55	73	3014
19	87	3015
38	56	3017
18	67	3020
27	41	3023
22	65	3025
21	22	3026
18	67	3029
19	23	3033
36	78	3033
11	21	3034
67	68	3037
23	59	3038
18	22	3039
19	67	3040
31	74	3041
45	69	3045
58	96	3046
77	80	3047
47	75	3049
5	55	3050
18	21	3058
57	65	3060
4	67	3061
23	98	3062
8	16	3064
18	55	3064
65	67	3064
15	21	3071
19	67	3073
17	74	3074
54	67	3093
38	65	3094
65	67	3097
18	67	3100
65	90	3105
5	49	3111
3	68	3122
8	18	3124
11	17	3124
44	72	3125
72	94	3129
23	37	3133
67	89	3136
19	22	3137
66	80	3137
9	65	3138
22	96	3138
53	86	3145
1	18	3149
65	82	3154
18	67	3155
22	49	3157
1	26	3158
26	65	3158
69	97	3163
19	56	3166
55	69	3168
8	65	3169
16	22	3170
72	75	3171
97	99	3179
82	97	3180
18	65	3181
11	65	3182
16	17	3183
18	35	3185
47	67	3187
18	36	3189
14	60	3200
3	65	3203
55	86	3208
3	67	3210
4	67	3210
16	52	3216
23	67	3216
86	98	3217
7	33	3222
18	66	3224
78	96	3230
67	98	3231
67	81	3232
67	84	3237
52	91	3243
18	91	3244
65	80	3244
95	97	3247
18	67	3251
20	67	3258
18	67	3259
9	29	3260
38	85	3261
47	74	3264
75	76	3269
2	73	3278
90	95	3284
42	84	3287
67	92	3287
7	67	3294
16	31	3294
35	97	3295
25	91	3296
45	67	3296
17	75	3299
18	48	3300
40	41	3304
11	37	3308
18	67	3308
18	67	3313
11	65	3314
23	67	3318
17	21	3320
8	18	3327
13	67	3328
67	96	3328
35	65	3332
65	67	3332
55	67	3333
18	29	3334
18	53	3345
62	80	3347
36	65	3348
67	79	3353
8	18	3354
14	65	3360
19	67	3360
33	36	3360
33	80	3361
18	22	3372
19	29	3372
5	55	3378
18	49	3379
67	75	3379
31	97	3386
67	76	3388
72	75	3394
8	68	3396
32	97	3405
8	65	3406
23	52	3410
60	92	3411
18	56	3412
16	90	3415
18	45	3418
39	45	3419
31	67	3425
18	25	3427
93	97	3434
18	39	3436
23	71	3437
8	19	3438
56	65	3440
3	67	3442
19	29	3445
67	74	3446
9	99	3447
6	77	3448
67	74	3448
7	77	3450
65	90	3453
39	63	3457
35	67	3458
23	67	3462
5	65	3467
50	80	3471
24	67	3472
27	38	3473
55	67	3473
18	23	3481
9	67	3484
18	65	3485
43	67	3487
8	68	3489
16	67	3489
18	96	3489
19	97	3490
9	77	3492
11	72	3492
22	72	3492
16	65	3496
23	67	3496
30	67	3497
16	77	3498
18	67	3498
57	65	3499
35	40	3503
18	45	3508
36	67	3514
67	80	3515
35	67	3516
65	67	3516
34	75	3517
56	67	3517
65	79	3517
53	55	3522
6	18	3528
23	37	3528
67	96	3528
17	65	3529
35	55	3535
13	67	3536
65	98	3537
18	29	3540
11	67	3543
23	99	3545
56	71	3545
6	67	3546
22	67	3546
18	67	3547
18	42	3547
14	36	3549
59	75	3551
65	67	3551
22	75	3553
8	99	3554
83	85	3554
19	65	3556
55	67	3557
65	80	3558
8	18	3561
19	75	3564
52	63	3564
13	82	3570
4	67	3574
11	55	3578
14	67	3578
8	45	3584
18	72	3596
4	67	3599
6	82	3599
14	67	3599
67	75	3600
18	67	3602
10	72	3605
47	65	3606
17	45	3607
4	13	3610
18	65	3611
19	67	3611
46	73	3611
16	67	3614
90	92	3618
7	64	3625
41	67	3630
65	67	3630
67	68	3630
1	67	3632
8	72	3639
16	22	3642
6	36	3644
29	55	3644
38	75	3645
21	65	3651
21	50	3651
11	72	3653
32	68	3653
10	23	3654
20	65	3654
23	45	3662
8	65	3670
19	47	3672
9	47	3675
8	18	3680
18	67	3682
65	67	3682
9	63	3683
43	58	3684
56	64	3684
4	17	3685
19	67	3686
29	88	3688
40	47	3690
22	60	3692
30	67	3697
65	67	3697
22	70	3703
26	59	3705
51	55	3708
18	22	3709
65	68	3709
37	65	3710
11	53	3716
79	82	3716
30	99	3719
61	67	3732
24	65	3733
24	77	3737
55	75	3737
8	97	3738
18	65	3738
18	55	3739
22	38	3748
8	65	3750
10	67	3752
16	81	3755
80	89	3756
18	97	3757
29	99	3767
14	67	3768
67	74	3768
29	56	3769
16	65	3772
35	67	3790
8	22	3791
4	75	3792
10	65	3795
22	52	3796
34	52	3797
8	75	3799
11	65	3803
19	58	3805
27	31	3805
59	67	3807
16	23	3814
18	60	3817
65	68	3817
7	47	3818
67	97	3822
22	67	3823
1	67	3827
18	33	3829
1	99	3833
18	27	3835
11	67	3836
67	81	3837
49	67	3839
6	75	3842
23	67	3846
63	65	3847
44	77	3850
18	65	3853
19	67	3854
22	67	3854
11	54	3856
5	55	3857
18	67	3857
45	67	3863
23	96	3870
6	23	3874
72	95	3875
21	91	3876
3	67	3878
5	88	3879
16	31	3879
23	96	3883
4	90	3884
29	75	3885
18	65	3887
65	91	3889
18	67	3891
14	16	3894
38	65	3903
79	98	3904
4	81	3905
23	94	3905
55	75	3919
19	96	3930
67	72	3934
65	74	3938
22	35	3939
67	75	3939
8	56	3946
67	76	3946
53	79	3947
55	81	3948
1	19	3953
24	67	3953
18	63	3954
9	67	3955
67	72	3956
27	72	3957
67	95	3957
65	81	3958
47	67	3961
55	67	3961
1	99	3967
2	19	3971
30	35	3974
42	82	3975
91	98	3978
67	92	3979
67	75	3980
12	65	3982
23	67	3983
45	67	3983
1	67	3985
23	97	3986
18	95	3987
16	18	3988
65	86	3988
37	75	3989
65	67	3990
26	59	3995
55	80	3998
11	85	4006
55	67	4008
16	23	4020
19	40	4022
74	86	4027
79	93	4032
61	98	4034
67	68	4034
56	72	4041
1	63	4044
30	94	4048
18	23	4050
18	38	4053
14	36	4065
11	75	4068
12	78	4070
14	46	4077
14	67	4078
22	65	4080
18	67	4083
26	37	4083
8	40	4084
18	50	4084
57	72	4084
18	67	4086
7	82	4089
16	67	4091
50	95	4098
14	19	4101
18	77	4107
67	75	4107
74	87	4107
22	67	4109
23	67	4109
15	59	4114
22	66	4115
23	67	4115
25	67	4117
57	72	4117
36	82	4119
6	72	4122
22	75	4125
17	67	4133
16	57	4137
40	88	4137
11	56	4141
18	67	4141
18	67	4155
61	65	4157
25	59	4161
18	67	4165
65	67	4167
22	67	4173
6	9	4175
35	93	4177
87	97	4177
22	77	4179
16	45	4182
14	74	4184
5	65	4185
16	33	4193
67	68	4194
67	72	4200
58	76	4203
16	67	4206
93	99	4206
23	67	4208
38	53	4211
75	99	4211
18	35	4215
8	22	4217
50	90	4218
39	67	4219
67	82	4221
19	63	4223
18	97	4224
23	52	4226
5	16	4229
67	90	4229
19	82	4236
68	99	4239
6	65	4243
1	22	4245
31	75	4247
55	89	4247
11	31	4254
74	81	4258
19	22	4260
16	67	4261
63	96	4262
16	83	4263
18	77	4272
44	58	4272
36	67	4278
65	96	4283
26	75	4301
1	18	4303
16	97	4305
22	23	4305
14	45	4309
38	89	4311
62	65	4312
67	69	4313
16	65	4316
21	56	4316
8	17	4322
3	22	4326
6	16	4329
19	97	4330
65	72	4330
17	67	4331
23	43	4332
21	65	4337
23	46	4342
16	65	4344
21	67	4344
28	86	4346
19	65	4347
65	81	4349
11	25	4351
47	77	4354
65	67	4356
18	22	4359
7	32	4373
18	22	4376
18	67	4381
8	67	4390
6	67	4392
16	67	4392
25	97	4393
82	97	4395
5	6	4396
54	82	4397
64	67	4404
19	67	4408
65	75	4408
74	75	4409
45	93	4412
1	19	4414
19	23	4415
67	75	4418
16	75	4420
16	67	4426
16	18	4427
18	68	4433
22	65	4433
23	67	4433
18	61	4434
65	67	4436
9	65	4441
29	63	4449
3	74	4453
27	87	4453
67	93	4453
13	23	4454
31	88	4458
19	35	4461
65	90	4462
31	82	4463
23	67	4465
17	75	4467
10	79	4470
65	71	4475
10	51	4482
65	67	4482
23	51	4488
5	78	4491
61	67	4494
38	40	4495
36	86	4500
13	17	4501
16	82	4501
38	97	4504
29	64	4508
22	92	4509
55	65	4513
14	77	4516
65	80	4516
67	75	4516
23	53	4520
9	87	4525
19	67	4526
60	67	4526
18	67	4528
36	67	4529
2	19	4531
4	65	4538
18	23	4540
18	49	4540
65	67	4545
37	72	4546
18	67	4549
11	95	4552
38	45	4557
59	66	4559
65	67	4575
31	78	4576
19	55	4579
51	69	4581
6	38	4586
22	53	4588
18	73	4601
77	97	4601
67	97	4605
67	77	4606
15	65	4608
65	72	4616
18	75	4621
67	97	4623
14	31	4626
18	77	4627
67	82	4627
36	94	4631
16	25	4637
19	65	4638
18	45	4639
19	67	4639
65	88	4639
13	49	4643
80	97	4644
16	65	4648
26	87	4648
29	58	4650
18	50	4651
48	67	4653
46	72	4654
64	97	4663
16	17	4671
89	90	4683
18	91	4684
16	55	4685
74	75	4688
8	42	4691
2	65	4693
84	95	4696
18	21	4700
7	67	4702
18	65	4710
18	65	4713
67	99	4715
36	67	4725
65	67	4726
20	37	4727
6	99	4734
1	67	4743
17	99	4750
43	95	4756
23	39	4764
65	98	4773
7	78	4780
16	67	4781
19	23	4781
18	97	4782
71	77	4788
51	98	4791
23	45	4797
2	67	4801
55	67	4806
56	90	4811
8	93	4814
28	67	4817
31	99	4818
67	72	4818
11	18	4823
29	65	4823
7	14	4825
15	70	4825
16	65	4827
18	83	4828
67	75	4837
37	72	4838
67	89	4840
18	49	4850
67	80	4854
16	65	4856
22	46	4858
67	72	4858
75	78	4865
65	85	4875
65	90	4887
9	11	4893
26	65	4895
18	67	4897
33	75	4899
19	28	4904
67	98	4909
18	67	4911
22	67	4911
18	86	4913
12	65	4914
18	86	4914
11	67	4919
31	67	4920
18	67	4934
67	75	4935
18	24	4940
45	94	4941
23	67	4942
23	72	4947
8	67	4950
5	15	4952
19	47	4954
2	53	4955
72	75	4956
18	38	4957
21	80	4959
56	75	4965
42	73	4967
84	96	4970
8	26	4976
16	52	4976
25	75	4979
19	82	4987
21	95	4988
21	55	4993
35	87	4997
17	67	4998
67	75	4998
67	94	5000
18	72	5002
6	71	5003
59	67	5003
7	9	5004
22	35	5004
22	29	5004
22	38	5006
31	75	5008
47	66	5008
19	96	5011
49	75	5014
8	19	5019
55	65	5019
16	18	5021
75	85	5022
13	18	5037
25	36	5039
37	65	5040
45	91	5043
0	67	5045
67	72	5045
65	72	5051
16	71	5053
17	22	5055
18	67	5056
25	73	5057
17	86	5060
67	90	5060
18	66	5072
18	21	5078
23	30	5081
67	75	5084
23	82	5085
70	74	5087
67	77	5094
16	77	5095
14	72	5096
7	80	5102
65	75	5102
38	67	5110
6	41	5111
8	86	5111
23	77	5116
67	98	5117
18	45	5119
16	59	5122
18	97	5122
53	67	5123
18	67	5126
22	92	5128
35	72	5129
18	80	5135
61	96	5140
41	75	5141
0	67	5143
1	74	5144
23	65	5149
42	53	5152
51	59	5152
2	15	5157
65	80	5158
19	67	5165
67	77	5165
65	67	5173
38	45	5174
18	97	5175
23	73	5178
18	65	5186
27	67	5186
65	67	5186
16	18	5188
2	32	5190
16	44	5193
18	67	5197
65	86	5197
17	42	5199
67	98	5199
16	72	5201
23	67	5205
40	65	5212
18	65	5213
23	61	5214
49	90	5216
49	60	5220
16	87	5227
67	72	5227
63	97	5236
18	97	5240
14	53	5241
50	96	5241
16	67	5246
31	75	5247
23	51	5248
45	68	5248
5	75	5255
13	95	5259
5	45	5260
77	99	5265
18	52	5267
8	67	5273
11	99	5274
50	93	5274
34	67	5278
2	50	5282
58	67	5290
22	82	5298
8	63	5301
63	67	5302
67	86	5305
18	47	5307
55	67	5312
55	70	5312
29	65	5313
75	88	5313
35	98	5314
64	67	5315
7	41	5317
82	93	5319
14	67	5322
22	87	5329
64	65	5333
67	85	5334
18	73	5335
15	70	5339
18	74	5339
30	36	5342
87	88	5346
18	54	5348
22	65	5351
67	75	5355
65	67	5358
16	75	5360
9	56	5361
8	47	5364
31	95	5364
9	18	5368
5	88	5369
42	67	5376
47	77	5378
14	97	5384
47	90	5384
23	42	5386
57	67	5390
6	53	5391
6	22	5394
65	95	5396
56	65	5397
67	71	5397
18	23	5399
64	65	5406
7	16	5407
16	18	5412
18	23	5417
17	19	5421
65	97	5423
55	92	5424
3	67	5426
8	37	5428
22	90	5434
65	75	5435
67	75	5445
14	18	5447
19	65	5452
8	84	5455
48	67	5458
18	33	5460
25	65	5461
67	96	5463
7	14	5469
31	65	5470
8	63	5474
65	97	5475
18	55	5483
67	69	5483
18	72	5485
47	67	5485
28	31	5487
13	65	5492
16	53	5492
39	75	5494
65	67	5499
8	67	5502
18	67	5503
23	67	5503
18	72	5504
43	75	5504
18	26	5506
65	72	5511
36	67	5525
18	67	5529
67	75	5538
63	67	5539
55	65	5545
29	65	5546
60	72	5546
57	67	5547
22	86	5548
22	40	5557
55	87	5557
18	67	5558
30	61	5559
24	99	5560
65	96	5560
67	68	5567
76	85	5568
47	67	5569
11	22	5575
22	52	5575
67	97	5575
67	82	5575
7	55	5577
45	65	5588
6	49	5591
14	22	5591
2	18	5602
2	18	5608
55	63	5608
23	50	5609
35	80	5611
18	31	5618
65	67	5621
30	80	5624
1	95	5629
8	67	5629
19	21	5630
67	82	5636
16	72	5637
67	75	5637
16	18	5638
1	67	5639
16	96	5643
9	67	5648
65	86	5655
18	65	5656
16	82	5658
19	63	5661
9	55	5665
54	67	5666
65	67	5666
65	67	5667
11	68	5671
45	67	5674
72	75	5674
10	77	5676
41	67	5677
6	67	5680
18	97	5681
23	67	5682
18	82	5687
19	65	5687
45	57	5690
67	72	5694
18	46	5697
7	75	5698
11	67	5698
65	97	5701
23	97	5703
35	38	5708
0	65	5710
17	67	5710
10	67	5712
35	97	5712
18	87	5714
16	18	5715
17	85	5715
23	85	5717
10	17	5720
11	55	5721
17	36	5722
31	67	5727
55	65	5727
22	67	5729
74	81	5733
21	67	5734
27	44	5735
67	72	5738
16	65	5746
18	72	5747
29	65	5747
22	72	5748
18	65	5751
35	67	5757
94	99	5759
23	27	5761
72	82	5764
18	65	5767
58	67	5778
50	65	5782
67	84	5784
64	86	5796
40	67	5799
23	97	5800
98	99	5800
18	22	5802
18	52	5802
47	75	5812
16	52	5813
18	82	5817
4	55	5819
14	65	5820
68	89	5827
77	99	5827
18	30	5829
16	67	5833
23	49	5833
6	37	5838
67	78	5838
63	99	5839
18	80	5841
52	65	5849
6	31	5850
9	59	5851
51	67	5851
19	96	5852
14	19	5854
12	65	5856
10	16	5860
67	74	5860
38	80	5862
65	83	5869
21	67	5872
36	63	5873
67	98	5881
24	59	5882
4	65	5888
6	47	5890
25	65	5894
29	65	5894
22	38	5900
18	49	5901
45	53	5912
72	75	5912
13	67	5916
30	82	5920
2	8	5924
18	67	5924
23	61	5924
2	18	5926
50	65	5926
23	65	5929
29	52	5932
80	82	5934
13	82	5939
22	68	5942
23	35	5943
65	99	5943
67	90	5943
38	93	5946
16	46	5947
55	98	5952
18	28	5953
10	67	5955
15	97	5955
62	67	5957
19	37	5959
37	99	5959
16	80	5961
64	67	5961
17	68	5966
6	41	5969
55	65	5969
18	19	5970
19	75	5972
11	75	5974
19	75	5975
11	16	5985
17	78	5992
1	16	5996
35	55	5996
23	76	6002
23	65	6004
67	74	6004
67	75	6012
16	82	6014
18	65	6016
67	84	6016
19	23	6019
6	19	6020
30	51	6023
19	91	6028
28	75	6033
36	60	6033
9	18	6035
11	16	6041
2	65	6042
22	25	6043
16	23	6044
42	82	6044
37	77	6045
22	47	6049
16	70	6050
11	97	6053
19	65	6053
67	81	6059
37	67	6072
16	33	6074
11	76	6075
53	67	6076
9	25	6082
16	18	6083
2	19	6086
18	55	6090
16	67	6097
35	55	6103
45	64	6110
11	50	6111
39	67	6112
23	51	6113
49	67	6113
18	19	6114
11	72	6115
23	34	6117
65	98	6120
18	96	6124
51	97	6133
11	33	6140
12	18	6148
18	45	6148
11	45	6154
8	9	6157
14	18	6160
5	95	6163
42	65	6163
10	65	6164
15	95	6165
18	40	6172
23	67	6175
41	67	6175
22	67	6179
18	56	6182
4	84	6187
31	75	6188
48	65	6191
44	65	6194
53	68	6195
0	67	6198
22	67	6199
65	90	6201
23	98	6203
9	87	6209
11	23	6212
59	67	6213
11	65	6214
47	76	6214
18	67	6216
18	67	6224
6	20	6225
1	49	6231
21	56	6233
18	19	6235
6	31	6239
12	35	6240
80	98	6241
56	65	6242
12	18	6248
22	65	6248
22	67	6249
49	65	6249
78	91	6249
18	97	6257
58	67	6258
60	98	6262
50	65	6263
61	65	6264
22	79	6269
65	93	6271
15	50	6274
65	82	6277
67	82	6279
18	22	6280
18	65	6288
88	97	6298
8	23	6299
16	67	6299
38	65	6299
67	76	6301
37	65	6302
40	65	6303
5	29	6305
3	31	6306
26	67	6307
63	67	6308
19	23	6312
16	18	6313
22	37	6336
36	75	6345
6	67	6348
18	65	6349
22	67	6350
19	83	6353
55	98	6361
19	65	6363
1	18	6368
65	67	6370
5	18	6371
16	36	6373
30	98	6373
18	75	6377
16	18	6378
9	35	6379
10	53	6379
63	67	6381
48	67	6383
67	90	6384
88	97	6384
16	77	6385
0	52	6386
67	74	6387
19	74	6395
79	97	6396
16	92	6406
18	77	6406
7	97	6408
13	90	6408
10	67	6410
22	65	6411
34	67	6412
18	67	6413
30	74	6413
22	29	6414
20	44	6416
17	97	6420
6	48	6429
11	35	6438
44	67	6440
65	67	6445
44	90	6446
72	75	6448
22	86	6449
9	31	6455
11	97	6455
18	40	6455
22	67	6459
2	33	6461
36	88	6462
55	67	6464
7	49	6467
13	80	6467
16	49	6469
7	12	6474
62	80	6475
75	76	6477
23	40	6481
55	74	6481
67	99	6482
55	64	6483
54	67	6485
35	61	6486
65	67	6491
67	99	6491
18	43	6492
65	67	6492
26	67	6495
23	67	6497
37	67	6498
67	98	6502
45	72	6503
16	65	6511
15	75	6523
55	65	6530
16	67	6533
19	65	6539
75	97	6541
16	18	6544
78	82	6546
66	95	6548
67	77	6548
16	21	6556
11	55	6557
5	18	6558
11	67	6563
23	26	6566
12	16	6567
18	85	6567
65	79	6568
67	75	6569
67	71	6570
72	80	6574
65	72	6575
68	71	6575
67	70	6576
22	65	6577
11	21	6578
28	67	6580
30	67	6581
18	22	6592
1	56	6594
18	67	6597
11	56	6600
12	72	6601
17	74	6602
23	67	6603
54	67	6608
8	59	6614
23	38	6619
67	77	6621
19	36	6624
31	47	6625
40	67	6631
56	98	6631
2	29	6632
9	72	6632
25	65	6632
65	67	6633
8	18	6636
19	34	6638
55	65	6642
17	55	6648
6	37	6650
67	91	6653
22	72	6656
63	67	6659
16	94	6661
67	81	6662
23	67	6671
19	27	6677
42	52	6677
18	71	6678
2	19	6679
36	65	6680
16	72	6682
17	87	6683
18	55	6685
34	67	6685
18	82	6687
14	55	6689
21	65	6689
11	42	6690
13	63	6691
84	92	6694
0	67	6695
22	85	6695
5	84	6697
65	89	6710
18	65	6716
23	67	6717
67	86	6724
75	86	6726
22	23	6727
38	67	6727
67	80	6729
67	95	6731
14	72	6735
18	94	6735
78	96	6739
57	75	6740
19	23	6742
19	96	6745
55	67	6745
20	23	6748
65	72	6748
18	67	6752
61	67	6756
51	67	6760
6	22	6765
22	36	6771
16	31	6772
18	19	6772
55	86	6777
7	82	6782
18	37	6783
19	65	6784
22	67	6788
31	67	6795
65	67	6798
42	84	6801
18	31	6802
65	68	6802
19	83	6806
18	68	6807
11	33	6812
10	55	6814
45	67	6817
82	99	6817
9	75	6818
15	81	6823
17	74	6824
18	67	6824
18	40	6824
29	67	6827
22	67	6832
11	72	6833
14	22	6838
33	46	6838
8	99	6839
22	67	6848
54	72	6849
7	39	6853
51	80	6854
37	98	6869
65	67	6869
65	75	6872
2	76	6875
11	23	6875
22	75	6880
11	67	6886
23	97	6887
51	67	6889
19	96	6891
18	86	6895
34	52	6896
2	59	6899
18	44	6899
8	19	6901
23	47	6901
67	99	6901
11	65	6902
65	67	6902
15	97	6907
33	55	6914
67	91	6915
17	75	6917
65	78	6918
13	90	6919
3	87	6922
18	99	6922
18	75	6928
6	67	6931
65	67	6932
18	97	6939
3	58	6944
10	65	6944
25	82	6944
47	86	6945
18	26	6950
9	45	6952
18	83	6952
78	82	6952
36	67	6958
65	67	6960
18	65	6963
45	67	6963
31	65	6969
75	91	6973
33	67	6974
67	72	6978
45	97	6983
65	97	6983
17	84	6990
19	33	6991
13	65	6995
26	98	6995
32	72	6999
69	90	6999
17	19	7003
2	7	7007
65	67	7008
12	46	7009
24	67	7011
22	80	7014
75	87	7017
4	65	7021
18	75	7027
7	56	7029
35	65	7030
19	40	7042
51	67	7042
67	74	7045
75	97	7048
52	64	7050
13	51	7051
18	65	7051
23	65	7051
60	97	7051
52	75	7053
31	65	7058
7	67	7060
67	97	7063
2	27	7067
9	48	7069
18	65	7070
8	75	7072
35	65	7073
18	67	7074
17	67	7076
60	96	7081
4	67	7082
71	92	7086
57	67	7087
11	98	7088
41	67	7088
47	65	7090
15	75	7093
18	21	7099
8	14	7102
13	85	7102
11	65	7103
18	75	7104
67	75	7107
55	85	7109
9	15	7111
11	16	7111
36	67	7114
72	80	7116
65	67	7117
24	47	7119
8	65	7124
3	16	7125
16	23	7126
16	65	7128
35	55	7128
16	65	7131
18	23	7137
85	89	7141
16	40	7142
67	86	7143
8	67	7145
74	97	7145
23	65	7150
8	67	7151
18	74	7153
23	65	7153
18	75	7157
18	76	7158
75	86	7158
10	67	7159
53	63	7161
17	72	7164
59	65	7164
18	67	7167
22	65	7173
39	67	7178
20	58	7183
56	67	7183
49	97	7186
49	59	7187
65	82	7189
51	97	7206
19	95	7221
11	55	7230
18	22	7234
67	72	7236
93	95	7236
16	47	7237
65	67	7237
65	75	7237
39	89	7242
23	64	7251
65	75	7251
3	5	7254
55	72	7254
18	65	7258
67	99	7258
22	60	7262
16	65	7268
18	67	7272
67	81	7272
23	64	7273
9	67	7274
55	67	7274
71	74	7275
23	42	7277
56	65	7277
31	50	7278
9	26	7284
65	67	7290
16	23	7292
65	70	7296
55	72	7298
22	74	7299
17	65	7301
5	65	7303
73	75	7303
14	35	7308
3	35	7310
52	54	7311
55	67	7311
11	67	7312
18	46	7314
17	97	7316
5	72	7317
24	97	7317
6	63	7319
14	69	7319
1	16	7329
16	65	7331
8	65	7332
67	75	7334
65	67	7337
14	67	7338
18	80	7344
47	83	7344
14	23	7347
6	8	7349
23	72	7350
54	72	7351
28	67	7354
26	67	7359
16	67	7360
19	65	7361
67	75	7364
67	77	7367
62	67	7368
18	51	7370
19	67	7371
65	67	7375
38	68	7381
43	65	7382
8	67	7383
34	65	7388
16	67	7394
18	67	7402
18	92	7403
26	67	7409
14	95	7410
16	74	7411
35	99	7413
65	90	7414
53	67	7416
18	69	7419
6	18	7426
19	35	7431
39	51	7433
26	92	7435
26	68	7436
16	53	7437
18	65	7439
23	55	7444
17	90	7447
65	67	7447
47	63	7454
67	71	7455
8	23	7459
18	39	7464
18	67	7465
14	82	7466
11	23	7475
1	67	7476
65	96	7477
67	75	7482
78	86	7494
16	22	7496
17	19	7500
2	25	7501
18	86	7506
35	86	7510
16	67	7517
2	77	7519
62	74	7525
8	67	7529
18	65	7531
92	98	7532
11	65	7538
16	74	7541
44	67	7548
73	76	7549
35	45	7553
7	18	7558
22	67	7558
16	54	7560
8	76	7563
18	74	7565
19	68	7566
18	67	7568
24	56	7574
0	5	7575
7	77	7577
11	22	7579
18	67	7579
49	65	7591
57	67	7591
18	67	7595
23	82	7596
24	84	7598
38	90	7599
57	74	7600
16	99	7604
67	86	7607
67	75	7609
18	53	7618
89	97	7619
8	67	7621
35	83	7630
67	97	7631
4	22	7632
65	67	7632
18	55	7635
9	64	7636
65	67	7638
3	18	7639
8	18	7639
18	46	7639
42	67	7639
16	57	7640
30	63	7641
36	47	7647
31	34	7651
2	67	7660
67	75	7671
2	67	7674
11	67	7676
22	67	7677
8	45	7680
14	22	7681
39	55	7682
18	19	7685
66	67	7685
22	49	7687
16	65	7691
2	55	7692
10	16	7692
18	82	7692
7	57	7694
16	23	7695
13	18	7705
4	85	7711
21	92	7711
52	80	7715
18	67	7720
4	53	7722
23	67	7725
63	92	7727
22	86	7728
67	82	7738
67	72	7743
47	68	7746
34	67	7747
35	90	7751
35	47	7753
35	56	7754
17	18	7755
17	84	7762
49	71	7768
12	16	7776
22	67	7778
47	99	7778
75	77	7779
9	45	7780
65	67	7780
13	18	7781
18	65	7782
18	84	7782
67	73	7782
19	22	7784
19	31	7784
24	67	7788
45	65	7791
23	62	7796
14	31	7803
31	68	7805
3	16	7806
16	18	7806
52	67	7807
67	97	7810
67	75	7814
55	67	7817
37	61	7821
18	30	7828
14	45	7832
9	65	7836
50	68	7837
18	23	7840
6	65	7845
9	63	7846
21	36	7846
65	80	7848
18	82	7855
65	74	7858
31	60	7859
38	61	7859
56	65	7859
39	99	7861
67	98	7862
49	64	7866
8	50	7867
59	67	7873
47	67	7874
16	18	7875
31	63	7880
47	67	7880
1	9	7882
67	82	7887
8	65	7888
75	77	7893
18	28	7894
61	65	7897
86	90	7904
2	75	7907
23	38	7911
51	67	7919
18	67	7922
44	72	7927
65	88	7927
86	97	7927
23	64	7931
36	75	7933
18	47	7934
55	60	7934
11	16	7937
21	65	7937
87	89	7938
18	65	7942
9	72	7945
11	23	7949
22	84	7949
91	93	7951
67	92	7958
31	48	7960
34	67	7960
21	25	7963
18	67	7967
23	67	7975
65	78	7979
18	29	7988
65	67	7991
22	67	7995
1	19	8000
31	95	8002
65	67	8002
67	85	8004
35	86	8006
18	39	8010
37	72	8010
18	22	8014
91	98	8014
18	32	8015
14	16	8017
18	82	8023
65	67	8023
6	30	8024
23	93	8024
4	67	8025
16	96	8028
65	82	8028
21	86	8029
60	67	8035
18	70	8036
61	97	8039
27	67	8041
33	67	8041
18	31	8044
67	74	8044
67	84	8044
18	49	8051
65	76	8054
11	72	8055
29	66	8062
9	65	8065
67	86	8068
65	97	8070
11	40	8080
16	65	8080
18	67	8080
9	65	8082
45	67	8086
45	68	8087
47	61	8090
18	72	8094
29	67	8094
76	95	8099
26	97	8100
14	63	8101
35	63	8103
9	14	8105
53	67	8107
16	67	8112
7	67	8115
58	67	8119
65	81	8119
16	95	8120
18	65	8121
2	36	8123
54	80	8123
22	59	8126
51	97	8129
13	67	8133
6	69	8134
18	67	8137
17	29	8138
67	99	8146
38	88	8155
25	67	8156
19	88	8161
19	44	8164
15	62	8168
65	68	8171
35	75	8177
23	74	8180
35	82	8182
18	54	8183
22	65	8183
39	69	8183
2	19	8198
65	67	8199
38	67	8202
67	83	8204
90	92	8204
7	72	8206
20	23	8209
56	68	8210
60	65	8211
11	55	8213
67	90	8216
19	24	8221
48	67	8221
74	88	8222
49	55	8226
31	61	8231
13	74	8233
26	65	8233
9	55	8235
50	65	8238
67	82	8238
23	52	8243
47	65	8243
67	83	8244
18	95	8245
16	90	8246
65	67	8252
19	68	8254
15	22	8256
11	67	8258
18	45	8261
42	67	8264
17	97	8265
22	67	8266
25	84	8266
35	57	8266
16	97	8269
17	67	8269
16	21	8272
16	22	8273
67	90	8273
13	30	8274
65	67	8274
58	67	8277
23	65	8278
71	83	8282
65	67	8289
67	86	8289
19	67	8292
33	67	8296
6	54	8299
16	31	8299
23	65	8301
18	67	8302
40	67	8315
21	75	8318
34	63	8320
29	65	8325
16	46	8327
16	67	8336
54	70	8337
2	85	8340
37	89	8343
79	98	8343
18	22	8351
23	85	8351
8	67	8354
14	64	8358
16	98	8363
18	67	8363
19	36	8363
42	47	8365
67	97	8367
19	79	8369
23	67	8369
11	63	8370
11	68	8370
24	80	8371
36	87	8373
67	86	8375
7	74	8376
45	75	8376
8	80	8377
14	65	8383
1	20	8385
66	67	8386
18	39	8387
22	52	8389
75	93	8389
18	67	8390
19	67	8392
30	67	8398
3	8	8402
16	77	8402
86	94	8402
13	26	8403
23	65	8404
18	67	8410
67	75	8412
14	80	8416
39	41	8421
67	95	8427
18	48	8428
2	18	8432
19	99	8433
20	79	8433
67	97	8434
67	75	8442
65	72	8443
63	67	8444
44	67	8447
23	75	8448
47	57	8449
13	23	8451
14	65	8452
16	67	8452
36	65	8459
23	83	8462
31	67	8462
67	91	8462
43	68	8463
55	67	8468
8	69	8472
23	75	8475
14	67	8476
23	65	8476
59	67	8476
65	70	8481
55	85	8482
8	46	8488
16	27	8489
5	65	8493
18	68	8493
59	67	8499
63	65	8499
45	67	8500
16	22	8503
23	60	8504
56	65	8504
88	97	8505
16	22	8514
55	75	8518
68	69	8525
14	97	8527
29	86	8530
22	53	8533
67	77	8534
19	84	8536
22	67	8536
62	65	8542
36	67	8543
1	47	8547
38	67	8547
55	67	8548
18	67	8557
31	39	8569
60	83	8569
1	81	8572
86	98	8577
10	18	8578
16	23	8580
10	67	8583
5	84	8586
16	65	8589
31	65	8592
67	72	8594
6	36	8600
52	67	8601
23	98	8602
7	41	8605
16	84	8605
14	85	8607
14	23	8608
41	55	8621
54	63	8627
12	18	8628
18	67	8628
18	32	8632
55	91	8633
16	67	8638
23	32	8645
75	99	8645
16	67	8655
64	67	8656
67	99	8660
14	23	8668
18	22	8672
8	16	8673
4	17	8675
9	55	8676
47	84	8680
53	67	8683
65	67	8683
59	81	8685
65	90	8688
65	75	8689
16	67	8690
8	67	8693
64	97	8696
16	45	8697
79	82	8707
18	22	8708
19	81	8708
18	29	8718
65	67	8721
8	89	8725
64	67	8732
65	86	8735
16	20	8738
12	67	8739
72	75	8739
9	55	8742
61	85	8744
67	94	8752
23	47	8754
16	87	8757
21	67	8759
65	89	8761
1	67	8762
5	13	8762
1	18	8764
19	45	8766
28	47	8767
45	65	8768
22	96	8770
18	77	8778
16	44	8780
67	85	8784
1	75	8789
15	23	8794
67	97	8799
15	18	8801
19	63	8805
60	61	8805
11	67	8807
67	82	8807
22	67	8817
35	39	8817
48	82	8817
5	9	8825
16	18	8829
65	91	8836
18	39	8838
31	65	8842
5	67	8847
2	97	8850
4	67	8850
44	60	8851
13	87	8852
18	65	8859
65	67	8862
16	67	8864
16	45	8864
92	99	8867
8	67	8872
87	97	8872
44	86	8876
21	80	8877
55	65	8878
65	77	8879
16	26	8884
17	35	8889
19	67	8891
18	19	8892
16	38	8893
65	75	8893
1	19	8903
18	65	8903
19	74	8911
5	97	8912
50	75	8921
18	65	8923
51	67	8924
6	57	8927
65	72	8928
53	75	8929
47	65	8931
4	88	8936
23	45	8937
58	72	8939
67	84	8940
18	89	8941
36	74	8949
29	97	8950
57	72	8950
65	99	8952
43	97	8955
16	22	8960
53	86	8961
84	90	8961
16	67	8962
10	11	8964
11	72	8965
23	63	8965
75	82	8965
22	47	8966
58	86	8966
38	67	8968
22	65	8981
23	62	8988
23	69	8992
16	17	8993
81	97	8997
18	67	8998
59	67	8999
16	90	9000
17	42	9001
13	48	9002
37	97	9008
56	67	9010
50	72	9011
10	67	9018
47	67	9019
18	53	9020
6	23	9021
8	18	9023
11	14	9023
22	51	9028
23	94	9030
15	67	9031
67	74	9037
35	67	9053
16	95	9056
10	31	9060
65	72	9063
65	67	9070
55	74	9073
2	68	9074
65	80	9083
16	23	9085
16	67	9088
6	36	9089
16	22	9099
13	88	9102
18	94	9102
18	74	9103
18	57	9111
67	98	9115
86	87	9116
67	68	9117
16	67	9120
26	67	9122
18	70	9126
18	84	9136
2	80	9138
22	75	9138
65	96	9140
26	34	9149
16	97	9155
63	67	9155
47	65	9163
19	64	9165
9	70	9167
17	77	9167
67	82	9173
19	20	9178
67	72	9180
67	75	9183
7	89	9184
42	67	9189
0	65	9192
18	75	9193
36	51	9196
55	67	9197
5	17	9201
9	67	9210
16	19	9214
18	65	9215
55	67	9219
18	80	9223
18	67	9227
22	97	9231
1	65	9235
18	64	9235
9	75	9237
65	67	9240
17	65	9241
24	86	9256
59	97	9256
31	67	9260
16	56	9262
67	80	9263
16	19	9266
39	67	9267
16	47	9268
19	23	9272
33	65	9272
45	93	9274
11	75	9282
16	47	9282
19	23	9283
65	84	9288
6	98	9292
63	89	9294
27	67	9296
74	82	9300
41	96	9304
9	34	9306
18	72	9307
29	99	9309
67	82	9309
9	22	9312
65	67	9316
65	67	9323
16	19	9324
19	63	9327
19	21	9333
9	31	9335
40	49	9338
65	69	9341
48	65	9342
23	65	9343
16	67	9346
8	97	9350
67	80	9352
10	86	9353
36	63	9354
10	67	9355
11	65	9357
16	76	9357
16	83	9363
41	49	9364
40	68	9368
18	82	9370
67	93	9376
3	31	9381
18	25	9382
17	81	9387
19	75	9388
67	76	9391
67	82	9395
18	55	9396
18	20	9396
22	63	9400
21	53	9409
53	76	9409
19	65	9410
47	90	9412
9	63	9418
36	74	9425
0	89	9429
19	39	9435
50	65	9438
23	75	9441
65	74	9446
58	65	9450
39	91	9455
16	65	9458
39	55	9460
14	18	9461
43	65	9462
5	18	9468
22	89	9470
64	98	9470
72	75	9478
19	47	9479
36	81	9483
63	65	9487
13	51	9489
19	87	9499
49	88	9499
19	65	9504
19	31	9504
14	65	9505
67	97	9506
22	75	9509
16	19	9515
42	47	9525
16	65	9527
16	27	9529
30	55	9529
9	23	9532
11	67	9536
22	81	9540
89	90	9541
16	67	9543
63	82	9546
23	38	9548
47	65	9548
23	63	9549
16	80	9551
55	99	9553
18	32	9554
22	75	9556
52	67	9563
55	67	9569
18	67	9570
14	35	9571
16	95	9576
11	18	9584
23	67	9584
79	85	9585
56	67	9587
45	48	9598
22	97	9603
16	65	9605
9	65	9610
10	22	9614
31	93	9620
47	67	9622
16	65	9628
2	65	9641
18	65	9644
11	67	9645
6	90	9646
19	67	9646
18	72	9647
18	82	9655
23	55	9655
65	67	9656
30	88	9657
33	64	9665
38	74	9665
56	67	9665
49	65	9666
6	83	9667
35	65	9672
65	67	9677
2	36	9680
1	82	9682
35	75	9686
47	65	9688
65	67	9690
9	26	9693
11	68	9707
16	63	9708
65	67	9712
3	28	9713
58	81	9714
74	82	9714
59	75	9717
65	67	9719
67	98	9727
9	17	9730
18	72	9732
19	23	9733
67	88	9738
55	75	9747
16	18	9749
67	91	9753
63	65	9765
31	38	9767
13	19	9771
6	67	9772
38	67	9772
23	34	9776
0	90	9777
35	67	9785
35	41	9789
18	97	9798
31	65	9798
12	18	9800
16	30	9801
55	67	9801
56	87	9813
68	98	9813
59	67	9816
22	75	9817
13	97	9826
31	54	9826
67	97	9826
16	51	9830
17	82	9830
55	56	9830
36	65	9831
64	67	9832
16	27	9833
2	56	9836
64	96	9836
44	67	9839
47	71	9844
63	67	9844
17	18	9849
18	65	9854
55	72	9854
75	86	9855
9	97	9860
18	70	9870
23	24	9871
18	63	9879
7	38	9880
18	19	9883
31	65	9883
0	45	9890
39	67	9891
4	67	9899
29	31	9900
18	65	9923
11	95	9924
27	47	9924
16	55	9926
79	86	9926
18	80	9929
22	63	9933
18	82	9940
53	97	9940
16	18	9941
6	25	9946
16	23	9947
65	67	9950
18	67	9959
18	97	9959
63	78	9960
9	65	9963
67	74	9964
22	74	9971
10	65	9972
18	23	9973
23	67	9978
14	65	9980
18	55	9984
18	82	9986
10	98	9993
33	36	9996
56	67	10005
13	55	10011
51	67	10013
52	75	10015
18	63	10019
23	77	10019
4	98	10022
47	65	10024
42	65	10025
26	75	10026
2	67	10037
47	89	10037
10	18	10040
8	15	10041
21	65	10042
69	76	10042
63	98	10046
70	82	10046
5	29	10049
2	99	10052
63	78	10053
1	67	10059
16	19	10063
17	23	10067
16	75	10072
38	76	10080
72	77	10081
11	17	10083
14	52	10083
50	67	10086
65	67	10086
65	75	10091
2	54	10093
8	99	10094
52	75	10095
10	45	10101
16	65	10101
11	65	10108
67	68	10110
3	23	10113
55	67	10116
18	55	10118
67	86	10125
19	62	10132
42	53	10132
4	99	10133
90	95	10134
19	42	10138
35	97	10138
22	29	10141
70	86	10145
11	63	10147
12	71	10147
17	43	10147
16	88	10148
63	75	10149
16	67	10150
8	16	10156
26	42	10157
31	75	10160
60	72	10163
21	67	10165
45	67	10166
19	86	10169
18	67	10177
34	51	10177
35	97	10177
1	82	10180
44	67	10180
15	67	10181
90	93	10188
61	68	10189
12	16	10192
11	18	10201
30	63	10201
16	31	10202
17	44	10212
16	28	10216
65	67	10225
45	65	10229
44	67	10232
67	97	10233
18	40	10234
16	18	10237
13	47	10242
65	91	10242
14	18	10248
36	48	10251
17	18	10252
36	85	10252
12	23	10253
22	75	10256
26	65	10258
55	63	10263
22	65	10265
22	65	10266
8	72	10267
23	63	10277
21	67	10279
67	88	10281
18	30	10283
65	67	10283
18	41	10286
4	97	10291
16	51	10291
51	67	10292
74	90	10292
27	67	10293
19	97	10295
94	98	10296
38	67	10297
53	65	10297
22	23	10298
42	82	10308
86	92	10310
17	67	10311
1	78	10325
29	86	10325
65	72	10325
47	77	10327
18	24	10334
18	62	10336
9	67	10341
18	59	10341
17	98	10345
67	97	10349
65	67	10353
15	86	10363
31	56	10363
17	67	10366
16	88	10367
16	48	10367
9	24	10368
21	67	10372
11	67	10373
38	65	10374
52	67	10375
67	89	10376
18	33	10377
2	65	10393
55	65	10395
5	65	10399
19	22	10402
36	63	10403
16	22	10407
65	67	10409
43	82	10411
18	67	10412
61	65	10412
16	95	10416
15	35	10417
24	67	10419
38	56	10420
53	78	10421
77	81	10425
19	38	10439
19	81	10441
55	67	10442
8	88	10444
18	30	10445
31	67	10445
8	96	10447
26	72	10447
19	65	10448
17	67	10452
67	71	10453
3	10	10456
8	77	10460
17	26	10461
19	30	10463
22	72	10463
67	75	10468
67	68	10469
18	97	10470
35	47	10476
2	18	10479
18	52	10479
7	67	10480
64	65	10484
39	86	10485
18	82	10490
29	55	10493
83	88	10493
14	22	10502
67	93	10508
16	81	10509
12	21	10510
65	67	10510
9	85	10513
19	72	10518
18	34	10519
18	75	10520
72	88	10526
16	63	10528
53	65	10536
24	67	10539
65	80	10544
19	65	10553
65	67	10554
2	65	10559
8	37	10561
18	86	10561
40	75	10566
16	65	10570
79	80	10570
19	67	10577
54	97	10587
19	84	10591
23	95	10591
17	73	10593
2	29	10594
11	63	10596
18	65	10599
14	18	10600
65	91	10607
8	53	10608
65	67	10609
28	71	10611
22	73	10613
67	96	10616
16	25	10619
1	16	10621
18	65	10622
18	45	10623
11	91	10625
65	90	10630
72	89	10632
65	67	10633
6	65	10636
47	65	10636
55	75	10636
18	69	10638
48	65	10641
18	65	10644
63	95	10645
11	99	10651
23	67	10654
67	71	10656
55	89	10659
8	67	10660
11	47	10661
5	54	10664
8	65	10667
31	52	10674
16	97	10675
14	22	10676
19	34	10677
2	75	10679
35	64	10679
23	67	10680
35	65	10685
2	65	10698
47	60	10698
55	65	10698
14	67	10701
67	83	10703
22	45	10704
18	67	10707
16	55	10711
16	63	10720
20	65	10721
67	75	10721
67	91	10722
37	53	10731
16	18	10732
18	65	10732
22	64	10739
38	72	10741
23	67	10755
39	75	10756
6	18	10758
18	63	10758
57	65	10758
18	67	10761
1	89	10762
16	96	10762
21	63	10762
23	67	10767
16	65	10768
18	24	10769
17	67	10770
54	67	10775
2	6	10776
23	67	10782
31	88	10788
80	88	10789
18	19	10792
18	67	10794
18	29	10798
23	65	10798
18	82	10802
65	79	10803
23	70	10806
65	67	10807
18	67	10810
14	23	10813
36	67	10815
64	75	10820
19	65	10822
56	96	10823
29	36	10826
18	67	10839
80	97	10839
67	85	10845
67	72	10847
14	45	10849
67	96	10849
47	88	10861
86	97	10862
14	49	10868
63	72	10871
12	73	10875
18	84	10877
18	85	10877
23	66	10880
36	51	10881
42	67	10881
16	45	10885
15	82	10886
6	33	10888
8	67	10890
16	35	10890
18	58	10890
28	67	10895
5	90	10897
13	47	10897
8	67	10898
1	61	10902
19	49	10910
67	88	10910
18	22	10912
10	67	10916
18	67	10917
6	67	10929
18	65	10930
12	95	10931
37	75	10936
23	29	10940
9	37	10949
32	65	10954
52	99	10956
16	55	10957
65	95	10958
8	85	10962
11	67	10962
45	67	10962
19	67	10966
48	67	10970
18	38	10973
42	67	10973
53	65	10974
17	18	10979
18	23	10983
18	35	10984
24	85	10992
45	82	10992
18	65	10995
28	84	11003
19	85	11008
60	84	11008
35	98	11009
13	38	11010
2	67	11017
9	45	11017
11	16	11019
23	27	11019
1	65	11023
65	75	11024
31	65	11027
65	67	11029
64	96	11037
27	81	11038
45	68	11041
45	47	11044
23	67	11046
19	65	11050
65	79	11051
7	65	11059
67	75	11061
67	75	11064
67	96	11070
40	97	11074
65	75	11074
18	19	11076
65	67	11079
18	22	11083
56	62	11088
10	67	11092
20	65	11094
10	45	11096
67	84	11097
67	82	11100
11	65	11102
8	65	11114
55	67	11114
21	23	11117
28	67	11119
18	50	11120
61	67	11121
8	31	11125
19	45	11125
61	67	11125
14	48	11126
6	67	11127
11	65	11127
67	89	11130
9	23	11131
14	53	11131
30	67	11135
0	16	11136
33	67	11137
67	88	11140
37	67	11144
19	26	11149
16	95	11151
37	67	11160
21	65	11163
42	67	11166
74	97	11172
42	84	11179
63	89	11181
18	31	11183
0	67	11184
30	52	11187
47	67	11190
22	77	11191
22	60	11192
8	67	11194
18	31	11194
67	88	11195
25	65	11206
5	43	11208
65	67	11214
65	80	11217
47	67	11218
65	67	11221
18	67	11223
47	48	11224
5	36	11226
26	81	11230
22	65	11239
88	98	11239
1	18	11245
22	29	11250
54	67	11251
65	67	11251
22	35	11256
65	67	11257
47	62	11261
55	97	11262
22	67	11264
65	86	11264
35	74	11265
58	65	11272
41	56	11274
18	67	11277
67	84	11279
11	31	11280
26	37	11281
21	67	11285
75	80	11285
5	75	11294
22	67	11294
14	37	11295
65	67	11295
47	56	11301
36	65	11302
8	99	11311
29	67	11313
73	78	11314
65	86	11315
8	75	11316
37	93	11316
29	65	11322
46	65	11322
23	67	11323
48	75	11329
22	51	11332
14	22	11333
18	67	11340
67	70	11342
65	93	11346
7	23	11348
9	67	11350
6	39	11352
2	67	11357
52	65	11360
2	75	11364
54	65	11364
65	67	11367
3	65	11369
42	96	11369
37	90	11372
4	65	11379
2	89	11383
72	74	11384
55	75	11398
72	75	11399
18	22	11404
16	17	11408
23	35	11410
7	90	11417
65	67	11417
11	49	11418
55	59	11430
22	23	11436
1	75	11440
18	35	11441
11	82	11444
62	67	11447
15	55	11448
14	49	11451
65	99	11458
20	67	11459
18	23	11461
11	55	11472
48	94	11473
6	37	11474
11	18	11477
56	75	11477
9	35	11478
27	61	11478
13	98	11479
29	82	11481
8	45	11485
2	74	11487
43	88	11492
18	67	11493
32	55	11497
67	98	11500
16	18	11502
27	92	11505
19	75	11512
63	98	11512
43	67	11515
73	87	11516
18	67	11519
18	67	11521
65	99	11525
18	75	11527
36	65	11529
49	55	11530
65	80	11537
71	97	11542
24	82	11547
31	97	11547
22	75	11551
46	72	11552
9	67	11554
16	42	11556
67	78	11558
97	99	11558
67	72	11563
17	64	11566
29	67	11569
35	67	11569
36	51	11578
19	51	11580
21	67	11583
18	72	11585
64	67	11585
11	67	11586
18	53	11591
18	60	11595
38	67	11597
35	77	11600
18	55	11602
55	68	11605
18	56	11606
6	18	11607
52	55	11607
18	22	11608
22	81	11609
36	55	11610
2	26	11611
22	89	11612
44	49	11615
18	65	11617
63	74	11618
18	79	11622
17	96	11627
18	22	11634
65	67	11638
6	38	11644
18	41	11646
18	57	11649
6	55	11652
63	65	11658
10	81	11659
11	54	11665
11	17	11669
67	79	11669
2	25	11672
65	67	11672
65	67	11678
14	65	11685
61	65	11687
67	86	11687
2	11	11690
8	51	11693
67	72	11696
67	92	11701
65	97	11703
7	67	11709
13	53	11713
47	65	11716
11	26	11718
58	67	11724
44	95	11726
33	97	11729
65	71	11730
5	23	11733
18	65	11734
77	98	11734
67	68	11743
19	67	11752
16	22	11753
16	68	11754
65	75	11762
11	18	11766
47	89	11766
43	67	11768
23	59	11770
3	40	11776
11	56	11776
19	65	11776
8	23	11777
14	72	11778
19	67	11781
23	83	11781
18	72	11784
22	30	11785
68	82	11788
14	18	11798
8	37	11804
30	55	11809
64	67	11809
16	75	11810
42	45	11813
18	22	11815
23	67	11815
22	80	11817
55	67	11817
18	35	11819
8	18	11826
31	65	11831
9	21	11832
19	37	11834
11	15	11835
29	65	11842
22	67	11844
50	81	11844
8	51	11846
67	86	11846
53	88	11851
37	82	11854
43	49	11858
65	67	11861
67	72	11861
23	58	11862
27	67	11862
47	65	11866
2	18	11868
67	75	11870
36	65	11871
23	98	11872
64	65	11872
23	67	11873
1	19	11874
56	77	11874
22	65	11877
18	49	11883
22	25	11888
36	67	11888
25	38	11890
4	22	11891
18	37	11892
23	75	11894
38	47	11897
16	23	11905
65	77	11910
67	82	11910
11	52	11916
16	67	11918
55	67	11919
18	23	11920
26	38	11920
65	88	11922
22	67	11924
42	65	11924
6	50	11931
67	75	11931
14	67	11933
8	58	11938
30	60	11940
9	24	11942
22	30	11946
36	70	11946
25	44	11955
65	67	11956
63	67	11961
67	82	11961
65	86	11962
18	96	11965
1	29	11966
40	67	11974
18	65	11978
47	67	11982
9	18	11989
16	67	11989
36	65	11990
45	82	11991
67	88	11993
9	21	11994
17	45	11995
35	92	12002
53	67	12004
63	67	12005
65	67	12005
48	67	12009
67	75	12011
59	98	12014
35	50	12017
16	65	12024
46	67	12024
26	67	12027
14	62	12031
18	32	12046
8	67	12048
65	67	12050
6	18	12053
12	67	12054
17	49	12055
31	67	12057
16	52	12062
18	56	12063
18	75	12064
23	24	12069
9	18	12084
5	67	12088
19	30	12090
36	50	12091
16	67	12095
23	77	12111
74	75	12112
65	71	12118
8	65	12119
72	89	12123
18	75	12126
6	56	12127
26	90	12127
14	67	12129
16	67	12130
18	49	12131
1	97	12132
17	77	12133
22	47	12133
34	47	12136
18	67	12137
8	67	12138
18	82	12138
22	59	12142
65	87	12143
16	97	12144
7	23	12145
43	72	12145
24	44	12148
14	20	12150
9	65	12151
18	57	12151
22	81	12151
22	65	12156
12	75	12176
15	23	12178
16	38	12181
26	41	12187
18	86	12190
19	67	12202
54	75	12209
18	65	12212
11	65	12213
45	65	12213
25	95	12219
4	65	12223
23	26	12224
16	67	12232
29	96	12232
44	65	12233
67	75	12233
67	75	12234
18	49	12235
15	63	12239
65	67	12239
69	74	12244
11	99	12249
88	98	12249
67	76	12250
23	65	12256
47	66	12259
23	67	12260
65	72	12261
2	87	12266
65	69	12270
36	56	12271
65	75	12271
18	41	12276
39	42	12291
53	73	12292
67	80	12292
31	65	12295
23	95	12301
9	40	12305
24	29	12309
1	67	12311
16	19	12311
3	65	12316
65	67	12316
18	67	12318
22	65	12318
35	67	12319
65	67	12327
18	22	12330
0	6	12336
18	19	12336
67	81	12347
17	63	12353
6	49	12354
67	70	12354
30	67	12358
37	67	12359
65	96	12363
18	86	12364
16	62	12366
42	65	12369
19	39	12372
16	86	12377
18	67	12377
12	98	12381
31	68	12389
67	75	12389
31	65	12390
47	67	12396
2	18	12397
6	74	12405
45	71	12413
1	79	12417
14	49	12418
16	64	12418
18	98	12418
18	27	12418
11	16	12425
18	68	12426
18	75	12427
6	65	12429
52	88	12429
31	55	12432
65	98	12433
9	17	12434
65	75	12435
18	65	12441
16	91	12443
18	75	12443
19	62	12446
35	78	12449
26	49	12450
17	74	12452
67	90	12452
56	84	12454
67	74	12454
19	72	12459
18	22	12464
18	67	12466
25	65	12466
18	80	12468
47	52	12469
44	67	12472
22	67	12475
59	67	12482
22	30	12484
55	72	12492
65	67	12496
18	67	12497
6	19	12498
6	17	12503
0	95	12504
9	16	12505
17	65	12512
47	83	12513
22	88	12519
51	67	12519
65	86	12523
13	74	12530
1	67	12535
23	96	12547
42	67	12548
46	97	12548
65	67	12552
4	67	12555
18	99	12557
49	65	12558
29	86	12562
67	97	12562
18	36	12563
65	83	12568
2	80	12569
18	67	12572
67	72	12578
65	85	12579
67	89	12579
29	67	12580
34	97	12580
53	72	12580
18	23	12582
23	92	12583
11	65	12584
56	67	12587
60	67	12595
16	29	12598
63	67	12599
5	23	12606
13	65	12614
2	67	12623
9	67	12623
63	70	12626
9	94	12629
68	86	12630
2	5	12632
23	29	12635
65	74	12635
45	55	12642
5	72	12650
22	84	12651
16	80	12653
18	72	12655
18	51	12660
14	35	12661
67	81	12662
5	74	12667
29	47	12673
22	95	12675
55	94	12675
13	67	12679
52	67	12679
53	59	12681
67	97	12681
22	81	12685
29	53	12686
35	67	12691
16	45	12694
9	67	12696
16	87	12704
23	27	12707
16	69	12709
18	37	12711
19	99	12720
16	67	12721
65	97	12722
56	65	12723
9	67	12725
42	67	12725
37	64	12729
67	82	12733
30	67	12737
1	16	12750
73	77	12750
19	67	12751
49	67	12753
34	47	12756
47	97	12756
55	67	12758
55	89	12762
11	19	12764
17	75	12765
8	47	12766
83	99	12766
60	92	12770
22	72	12774
64	65	12778
65	98	12779
49	92	12792
38	55	12795
5	9	12796
16	75	12802
18	91	12805
55	62	12808
10	11	12809
5	64	12811
19	35	12813
40	76	12821
18	65	12823
13	65	12824
31	68	12831
16	67	12836
7	97	12841
17	18	12841
11	24	12843
11	18	12861
16	96	12862
8	61	12867
16	67	12868
22	65	12869
19	75	12871
67	78	12871
0	97	12873
67	81	12873
22	84	12876
8	63	12883
67	76	12886
55	85	12888
20	22	12889
23	67	12890
13	98	12892
18	74	12894
25	63	12896
44	67	12896
4	35	12897
18	97	12903
56	97	12905
18	34	12907
18	30	12909
13	14	12910
57	72	12910
21	71	12911
18	21	12913
67	97	12919
16	96	12921
47	67	12921
18	22	12922
18	54	12923
68	87	12925
18	57	12926
54	67	12928
16	67	12929
67	75	12933
18	40	12934
37	65	12937
75	84	12937
5	61	12943
61	62	12946
65	75	12946
81	85	12949
23	67	12957
17	18	12958
22	98	12958
19	60	12964
45	67	12964
16	21	12966
47	99	12970
1	22	12974
19	67	12974
7	31	12976
18	75	12979
19	75	12984
65	83	12984
21	67	12987
18	74	12988
19	77	12989
65	67	12991
16	23	12993
67	99	12998
67	75	13001
67	75	13007
67	68	13007
3	29	13011
12	13	13015
1	67	13016
1	5	13018
6	67	13021
16	88	13026
22	23	13026
33	61	13026
13	65	13031
67	78	13034
16	39	13044
18	59	13051
53	75	13051
19	36	13053
18	82	13055
11	90	13057
18	65	13057
54	99	13058
47	65	13059
9	18	13064
19	26	13064
56	67	13065
10	18	13067
12	40	13072
77	91	13072
22	99	13074
19	56	13082
18	65	13084
8	86	13085
14	68	13093
67	95	13100
23	65	13103
55	67	13107
10	84	13111
67	81	13111
17	55	13112
23	65	13112
32	97	13113
75	99	13114
19	45	13120
22	70	13124
75	97	13124
23	65	13127
45	63	13128
14	67	13130
67	68	13132
18	75	13139
65	67	13139
22	78	13145
75	91	13149
51	97	13156
53	75	13157
3	65	13161
67	94	13162
2	5	13173
45	87	13175
67	84	13181
22	44	13182
64	67	13185
63	65	13186
23	67	13189
67	86	13191
59	89	13195
37	45	13197
67	77	13197
23	67	13198
47	72	13199
65	98	13204
22	49	13207
1	67	13209
55	67	13212
22	67	13224
47	52	13226
65	67	13227
55	98	13238
17	97	13239
12	39	13245
29	65	13245
44	67	13247
65	98	13252
18	82	13255
67	69	13267
82	90	13277
16	18	13278
44	97	13280
23	63	13281
36	67	13295
19	74	13297
9	67	13298
18	67	13299
4	32	13300
18	23	13305
82	97	13305
69	97	13307
21	92	13313
8	65	13320
8	64	13320
65	76	13321
18	26	13322
18	22	13325
16	22	13329
18	27	13331
13	45	13333
19	67	13342
15	55	13345
25	88	13345
17	23	13356
23	29	13359
8	45	13364
19	50	13368
64	72	13372
14	21	13374
55	96	13377
17	67	13378
18	59	13378
18	23	13383
55	67	13384
18	19	13386
28	96	13388
15	29	13390
27	74	13390
6	67	13391
42	96	13392
19	72	13397
3	23	13398
31	72	13398
42	97	13399
17	61	13401
17	65	13406
18	37	13411
65	75	13413
67	80	13414
31	67	13415
22	65	13416
16	96	13418
14	63	13419
18	67	13421
13	89	13431
72	87	13433
23	65	13436
38	55	13438
23	47	13445
39	65	13449
9	18	13455
10	18	13461
16	18	13472
18	65	13472
47	67	13475
71	92	13476
18	67	13478
18	67	13479
16	44	13481
18	67	13483
6	97	13484
27	65	13485
18	65	13490
67	79	13499
17	65	13501
9	18	13505
42	46	13510
30	65	13524
1	8	13529
80	82	13547
67	77	13550
30	84	13555
97	99	13556
67	99	13558
7	67	13565
3	67	13571
16	67	13574
6	47	13583
12	16	13583
18	67	13583
68	90	13583
0	65	13587
13	72	13587
58	63	13588
11	93	13597
50	55	13598
63	67	13598
65	81	13600
61	67	13602
23	65	13607
59	65	13610
10	23	13613
11	72	13614
55	67	13617
65	67	13617
9	32	13618
1	70	13625
8	45	13626
65	67	13629
4	18	13633
67	72	13634
56	83	13636
18	45	13640
67	84	13644
65	67	13646
23	65	13648
36	67	13662
65	89	13662
44	65	13664
67	86	13672
65	67	13674
23	67	13677
57	72	13685
23	69	13689
75	83	13692
16	89	13694
18	58	13698
65	67	13709
9	71	13710
49	95	13710
23	55	13713
23	65	13715
18	65	13716
35	65	13718
62	79	13724
67	73	13725
18	99	13727
80	99	13727
2	22	13728
19	37	13731
18	85	13733
18	34	13733
7	67	13734
18	67	13734
23	63	13740
17	99	13747
18	68	13747
8	13	13749
39	98	13749
67	75	13749
18	55	13758
53	67	13761
18	37	13763
55	99	13766
20	80	13773
65	67	13773
19	45	13776
52	81	13778
6	67	13780
11	75	13780
51	74	13795
29	34	13797
25	30	13800
65	90	13800
41	67	13805
81	86	13808
16	85	13810
23	63	13810
57	74	13810
4	99	13813
23	67	13817
63	94	13818
67	97	13818
19	82	13819
54	65	13820
36	65	13823
31	99	13824
61	67	13828
72	97	13828
9	67	13830
16	67	13835
59	65	13837
16	65	13845
18	67	13847
8	12	13849
45	68	13852
51	55	13855
65	67	13857
40	67	13881
10	45	13882
16	65	13884
31	67	13885
9	67	13888
8	65	13889
12	97	13890
45	75	13892
51	83	13892
23	40	13893
64	75	13894
8	98	13897
65	67	13898
67	95	13898
75	77	13900
4	39	13903
45	65	13904
18	21	13906
36	74	13906
8	19	13910
19	75	13910
11	65	13912
8	67	13913
29	36	13913
47	53	13914
72	97	13916
55	63	13919
18	62	13924
18	23	13926
22	99	13929
35	83	13936
7	23	13937
9	98	13938
48	67	13938
67	68	13939
29	85	13944
41	65	13944
65	71	13944
2	18	13947
11	65	13948
14	67	13952
58	67	13952
63	67	13952
18	67	13959
23	33	13960
67	72	13960
11	19	13962
35	67	13963
67	94	13965
14	19	13967
18	65	13967
18	97	13969
22	78	13969
18	58	13970
18	35	13972
36	84	13972
47	85	13973
22	23	13974
23	48	13974
65	67	13974
72	90	13974
67	72	13988
65	82	13990
13	74	13995
55	62	13995
22	23	14005
26	41	14008
19	67	14010
29	67	14016
18	31	14019
59	67	14020
22	40	14025
25	51	14027
67	74	14028
18	19	14032
36	75	14032
67	97	14033
22	67	14035
16	38	14039
67	99	14041
65	67	14042
67	99	14043
2	65	14045
23	67	14046
65	95	14053
34	55	14056
37	63	14056
42	56	14056
16	47	14060
55	98	14067
10	92	14068
18	60	14068
55	67	14077
71	97	14081
67	99	14089
3	52	14090
18	67	14094
35	75	14106
65	96	14106
6	67	14113
67	97	14116
38	97	14120
65	75	14120
65	67	14128
26	46	14130
52	67	14131
44	54	14132
18	65	14133
47	67	14135
65	99	14142
65	75	14153
18	68	14154
18	26	14155
65	67	14159
26	97	14161
67	73	14161
23	67	14164
32	75	14164
55	75	14164
17	67	14170
65	67	14170
18	19	14172
16	42	14174
98	99	14178
16	67	14181
16	65	14182
18	55	14182
50	63	14183
8	84	14184
41	67	14188
52	94	14192
55	94	14194
17	68	14196
18	75	14197
16	19	14199
67	78	14203
44	85	14210
18	47	14216
13	17	14218
13	49	14220
55	61	14221
63	67	14226
63	71	14226
19	65	14228
18	22	14232
11	53	14233
8	65	14234
18	43	14234
22	29	14239
43	52	14240
61	87	14247
67	72	14250
22	82	14254
23	30	14257
65	72	14258
60	73	14261
65	67	14264
11	67	14265
16	66	14268
9	18	14269
18	22	14269
67	88	14273
58	65	14280
65	67	14284
19	67	14288
67	97	14293
20	74	14294
41	43	14295
18	70	14297
18	75	14300
9	15	14309
12	18	14314
18	22	14316
8	97	14320
18	23	14325
17	56	14327
51	96	14329
61	69	14329
22	67	14330
18	63	14336
45	65	14336
62	65	14336
57	67	14340
18	82	14345
18	61	14345
82	88	14348
19	97	14350
67	68	14352
14	72	14360
18	50	14360
19	67	14360
28	55	14360
18	75	14362
36	75	14365
19	66	14373
12	98	14377
67	72	14377
16	69	14378
14	67	14380
65	68	14384
18	67	14386
31	67	14389
14	95	14391
67	77	14391
23	65	14392
22	62	14393
23	68	14393
65	67	14393
46	97	14394
25	26	14404
46	65	14411
6	23	14415
87	95	14415
47	75	14417
18	72	14420
65	86	14421
55	91	14426
2	16	14427
45	53	14427
65	94	14427
9	72	14443
13	55	14444
67	72	14449
22	86	14453
74	81	14460
2	82	14462
74	80	14464
22	82	14466
40	52	14467
67	81	14472
0	75	14477
67	75	14478
6	65	14485
75	97	14488
23	76	14489
65	94	14497
87	99	14502
18	47	14508
55	67	14512
1	51	14515
4	93	14515
16	18	14520
66	72	14530
1	26	14533
14	72	14534
54	55	14536
18	65	14538
16	56	14540
16	67	14545
18	67	14545
72	75	14545
14	65	14553
21	67	14554
65	67	14554
17	67	14565
13	65	14574
20	81	14574
22	67	14575
22	67	14580
11	98	14584
67	82	14585
45	63	14589
18	45	14594
8	39	14595
8	22	14599
33	67	14609
10	36	14611
18	23	14617
67	84	14626
9	34	14629
11	99	14637
11	16	14638
8	55	14647
39	67	14648
74	82	14650
16	84	14654
33	53	14655
18	47	14658
61	99	14658
16	51	14660
2	17	14661
74	97	14664
44	47	14665
18	46	14667
16	67	14670
7	67	14671
16	67	14678
45	95	14688
9	65	14690
22	65	14690
13	56	14692
18	64	14693
38	65	14696
43	67	14696
7	19	14697
65	77	14698
29	67	14701
22	97	14713
23	79	14715
18	39	14718
67	75	14719
18	65	14721
9	47	14729
32	72	14732
13	82	14736
16	67	14736
54	55	14754
11	37	14758
22	49	14758
33	65	14760
8	85	14761
55	67	14763
16	18	14764
12	21	14765
36	37	14765
32	92	14769
18	97	14773
22	43	14773
18	97	14774
8	76	14776
51	67	14776
18	51	14778
11	67	14780
6	67	14782
22	68	14783
57	72	14785
8	55	14789
67	75	14789
36	39	14790
11	75	14791
24	63	14799
18	67	14800
67	72	14803
55	98	14804
5	67	14807
67	72	14811
67	86	14814
15	36	14817
23	48	14818
23	93	14819
17	97	14821
38	65	14824
9	75	14828
22	75	14829
18	52	14837
67	73	14844
8	37	14846
67	84	14853
13	86	14860
67	72	14862
12	49	14866
39	67	14866
36	72	14869
55	56	14869
16	22	14874
4	16	14876
45	82	14876
47	67	14880
55	67	14880
25	67	14881
55	67	14881
13	65	14882
47	67	14883
16	22	14885
17	48	14890
36	77	14893
8	11	14899
18	69	14907
19	61	14911
4	88	14913
38	75	14913
72	89	14914
17	82	14915
59	67	14916
18	23	14918
65	96	14921
18	35	14924
15	67	14933
22	27	14933
90	98	14935
31	65	14936
67	69	14938
65	95	14943
51	78	14946
55	78	14949
73	86	14955
31	40	14956
19	51	14958
12	22	14961
15	67	14963
29	65	14963
67	82	14964
45	89	14966
18	75	14968
55	97	14971
69	99	14975
35	67	14978
36	65	14978
67	73	14984
29	72	14988
11	65	14990
15	31	14990
18	67	14990
18	35	14992
23	63	15000
23	67	15001
67	97	15005
67	76	15007
11	16	15009
23	67	15009
2	75	15014
22	88	15017
23	47	15020
78	87	15021
24	75	15023
49	65	15025
49	95	15025
65	67	15037
75	98	15040
23	67	15042
37	82	15044
17	55	15047
18	35	15049
23	67	15053
55	67	15066
16	39	15070
4	16	15071
59	62	15072
34	67	15075
19	75	15077
15	85	15078
21	23	15079
18	55	15085
2	23	15090
37	63	15090
84	88	15092
16	23	15093
17	22	15094
18	86	15096
49	51	15098
16	97	15104
55	75	15106
26	55	15109
18	23	15111
14	65	15117
2	18	15120
0	61	15122
1	67	15128
9	35	15129
18	23	15129
78	97	15129
18	46	15132
65	67	15132
67	87	15133
64	71	15138
52	75	15140
8	25	15144
72	98	15144
19	22	15145
68	77	15145
87	88	15146
9	18	15158
6	31	15160
18	21	15173
65	74	15173
31	67	15174
67	97	15175
49	86	15182
65	83	15186
16	18	15187
19	51	15188
65	67	15194
7	89	15196
55	75	15202
14	55	15208
17	65	15215
18	50	15216
25	31	15218
23	59	15224
6	75	15225
51	79	15232
18	38	15233
16	31	15235
14	40	15236
1	3	15241
22	51	15241
18	29	15243
50	62	15243
18	58	15246
19	65	15246
11	30	15248
67	74	15248
16	21	15260
19	27	15265
39	77	15281
53	67	15281
15	54	15286
65	75	15290
5	65	15295
24	65	15308
65	82	15308
9	18	15311
65	67	15316
5	18	15317
58	67	15319
17	67	15323
31	46	15323
54	99	15326
67	84	15328
18	67	15332
22	71	15332
18	44	15334
65	86	15334
16	36	15339
18	54	15343
65	97	15345
65	77	15345
50	64	15346
47	49	15349
18	38	15350
65	97	15355
63	68	15357
46	61	15358
51	68	15359
18	49	15362
18	67	15363
67	89	15367
1	18	15369
19	23	15369
67	81	15372
67	96	15374
18	44	15375
26	67	15379
36	86	15381
9	67	15387
18	35	15391
11	67	15393
68	82	15394
45	86	15396
13	54	15397
26	55	15398
23	69	15401
67	74	15405
65	67	15406
7	23	15407
30	67	15407
65	74	15412
18	47	15416
65	86	15417
67	81	15422
16	67	15426
34	67	15426
67	99	15427
18	44	15428
18	82	15430
7	86	15432
18	65	15436
51	99	15436
22	23	15439
67	82	15441
20	94	15451
18	27	15456
69	99	15456
23	67	15457
10	22	15458
18	67	15460
1	23	15463
14	61	15464
31	55	15464
15	94	15468
5	24	15478
38	45	15480
65	77	15502
67	95	15509
19	95	15512
18	22	15522
18	62	15523
23	85	15531
67	96	15531
22	65	15533
62	65	15534
13	15	15535
19	85	15542
18	22	15546
65	84	15546
18	52	15549
44	72	15558
5	78	15564
31	67	15566
8	65	15567
37	67	15567
19	75	15571
19	67	15572
60	65	15577
13	80	15586
18	65	15589
22	32	15595
65	67	15596
2	65	15605
67	77	15615
5	67	15620
17	67	15624
19	67	15625
22	67	15625
26	53	15635
22	35	15636
22	65	15637
6	65	15638
55	65	15638
22	99	15643
23	67	15643
37	67	15645
41	55	15647
88	97	15651
18	90	15652
5	52	15656
22	65	15656
67	83	15656
2	67	15659
22	97	15662
9	65	15666
18	68	15666
18	93	15669
40	55	15669
12	65	15670
16	67	15672
18	65	15679
23	60	15682
28	67	15685
19	23	15691
24	67	15691
2	72	15692
51	70	15699
16	66	15702
21	67	15706
3	52	15721
17	67	15722
5	65	15726
8	18	15728
22	65	15728
8	67	15730
22	42	15732
36	37	15737
75	97	15739
45	75	15742
16	43	15749
18	45	15753
58	67	15759
63	97	15769
18	99	15770
2	59	15774
65	97	15774
9	55	15779
67	88	15779
23	97	15781
38	81	15781
44	72	15785
6	18	15793
82	86	15794
29	94	15797
18	55	15798
16	67	15800
59	65	15800
18	55	15801
23	80	15803
34	36	15805
67	96	15808
1	31	15809
15	67	15810
60	67	15813
22	65	15817
53	55	15822
13	95	15824
35	96	15824
55	81	15827
17	67	15828
2	55	15832
18	55	15833
40	60	15841
60	67	15843
65	72	15843
75	80	15844
47	51	15845
67	72	15849
16	74	15850
65	67	15860
16	73	15861
16	47	15865
14	86	15871
19	67	15871
19	28	15873
11	86	15875
16	67	15875
22	67	15877
3	92	15885
21	39	15887
63	67	15887
6	44	15888
11	89	15888
45	65	15893
14	94	15902
67	82	15904
18	23	15907
18	75	15909
47	67	15914
52	97	15915
11	51	15918
32	99	15920
88	96	15934
14	23	15936
77	85	15942
23	36	15943
52	67	15945
5	55	15947
38	97	15947
23	82	15948
63	83	15948
2	61	15956
36	55	15958
62	65	15960
16	18	15962
31	90	15965
22	97	15972
55	57	15972
17	67	15980
18	22	15982
18	49	15983
45	59	15984
36	72	15985
72	86	15985
22	39	15986
9	65	15990
18	72	15991
40	63	15994
2	53	15997
67	78	15997
10	65	16006
75	99	16011
23	44	16015
52	82	16015
45	48	16017
16	22	16021
9	67	16023
18	52	16026
65	99	16026
55	86	16027
67	96	16028
67	75	16030
80	97	16030
67	95	16031
17	67	16033
65	85	16033
66	67	16046
31	44	16052
67	72	16052
17	69	16054
18	50	16054
55	65	16055
34	75	16058
51	97	16059
31	35	16070
13	76	16071
67	81	16075
19	51	16078
90	97	16080
22	59	16089
11	74	16091
9	75	16092
71	96	16093
22	65	16098
26	67	16101
18	67	16107
45	63	16108
65	75	16115
86	99	16118
29	44	16123
18	67	16126
18	19	16129
19	48	16129
23	26	16131
60	83	16131
8	65	16134
16	67	16140
65	67	16143
67	77	16150
18	49	16152
31	55	16154
27	75	16159
51	82	16161
18	78	16164
11	56	16169
53	96	16173
22	67	16179
2	67	16180
19	42	16180
16	82	16182
5	65	16184
21	45	16187
18	67	16191
37	65	16192
5	84	16199
28	34	16200
65	67	16201
67	82	16207
67	94	16207
31	99	16212
46	67	16217
8	35	16219
65	67	16219
67	72	16219
40	67	16220
47	80	16231
54	67	16232
16	57	16238
67	95	16241
9	20	16246
4	92	16248
17	98	16248
35	56	16249
15	37	16251
18	58	16251
37	82	16251
42	67	16253
65	97	16254
82	98	16257
67	87	16260
17	67	16261
15	48	16268
14	69	16273
36	37	16274
22	67	16276
56	65	16277
12	45	16278
19	22	16283
4	91	16285
27	31	16285
12	56	16298
22	47	16299
18	67	16304
21	42	16317
30	65	16320
75	86	16320
13	68	16324
19	63	16329
16	30	16331
19	67	16331
25	36	16333
18	67	16337
18	19	16339
32	75	16342
18	67	16343
17	75	16346
54	65	16346
8	65	16347
9	67	16349
19	59	16349
72	75	16349
19	67	16351
17	18	16354
65	75	16358
9	67	16364
30	65	16368
16	87	16373
9	65	16374
22	43	16375
43	66	16378
47	99	16378
4	67	16382
18	47	16382
16	67	16383
51	65	16384
18	96	16385
8	18	16386
65	66	16388
8	63	16389
47	67	16390
31	61	16393
33	72	16396
27	68	16403
16	67	16407
35	39	16413
67	80	16415
17	65	16418
29	33	16418
23	65	16423
15	67	16424
19	98	16427
65	68	16428
65	67	16431
16	32	16438
17	28	16438
64	67	16438
67	88	16438
16	67	16441
42	91	16441
16	82	16445
18	38	16445
8	72	16446
11	59	16447
18	84	16453
16	67	16454
10	55	16464
8	67	16474
14	34	16479
67	81	16483
67	76	16483
67	74	16488
65	80	16489
67	76	16489
18	80	16490
67	68	16494
7	92	16507
8	42	16507
21	77	16508
6	88	16509
36	67	16515
3	74	16527
8	22	16532
19	47	16532
27	80	16533
18	23	16534
42	67	16535
8	88	16536
30	38	16536
8	67	16539
63	67	16542
5	18	16550
5	65	16551
73	81	16555
58	67	16557
65	73	16557
34	55	16559
55	81	16560
23	49	16562
20	75	16571
14	67	16573
44	72	16573
18	97	16574
4	8	16575
43	49	16575
67	75	16576
51	67	16577
65	71	16584
25	40	16587
27	75	16587
65	87	16587
65	67	16590
39	86	16593
6	17	16597
23	65	16597
19	67	16598
42	66	16605
47	75	16608
13	18	16610
44	65	16610
39	45	16613
18	55	16614
67	88	16615
4	55	16616
22	36	16617
2	67	16623
2	88	16625
18	56	16628
64	78	16628
18	21	16630
60	83	16631
18	67	16633
19	38	16634
17	18	16636
30	67	16640
23	99	16646
16	18	16650
55	67	16650
55	75	16652
67	99	16659
9	40	16668
16	61	16668
57	75	16668
67	75	16668
22	67	16674
60	65	16674
81	93	16674
43	67	16677
18	94	16678
76	88	16678
22	23	16688
6	86	16689
33	55	16690
11	55	16691
74	96	16691
26	65	16692
18	67	16693
18	67	16696
18	98	16698
9	18	16700
16	31	16702
29	65	16703
19	67	16707
36	97	16711
17	30	16718
18	41	16721
67	98	16725
68	97	16727
7	18	16730
65	67	16733
67	77	16734
19	55	16739
9	22	16741
49	65	16741
67	94	16741
8	67	16743
11	82	16745
22	77	16747
35	65	16747
0	75	16754
8	23	16756
18	48	16756
77	96	16758
3	67	16764
36	97	16766
29	65	16767
45	67	16771
19	23	16783
20	23	16787
52	77	16788
23	55	16791
37	58	16792
16	29	16793
23	65	16795
72	97	16795
18	67	16802
22	65	16802
31	77	16810
2	97	16814
16	82	16820
22	65	16824
14	19	16826
3	18	16828
50	92	16830
67	73	16831
38	82	16838
35	90	16840
67	84	16842
22	65	16851
3	18	16853
25	98	16856
55	67	16859
71	99	16864
44	72	16867
18	98	16868
5	8	16870
65	67	16873
19	65	16875
37	67	16875
18	21	16876
14	34	16880
18	67	16882
17	22	16883
47	78	16885
40	42	16897
18	72	16901
46	77	16901
9	84	16918
16	17	16918
65	75	16922
17	94	16924
65	99	16924
18	23	16927
65	66	16929
0	11	16931
38	65	16932
65	68	16938
21	67	16941
5	65	16944
45	65	16952
8	65	16953
13	67	16960
19	22	16964
18	67	16973
1	67	16979
21	97	16985
30	74	16986
16	47	16989
22	67	16989
52	67	16989
67	71	16995
40	67	17000
65	75	17003
8	28	17004
63	74	17005
74	91	17013
19	72	17016
65	67	17017
7	8	17028
5	84	17034
35	97	17039
18	75	17041
26	47	17046
23	80	17049
53	59	17049
82	99	17053
38	55	17061
39	67	17062
43	76	17063
37	69	17064
24	57	17070
31	39	17070
55	65	17072
64	88	17074
67	70	17076
22	80	17083
61	96	17083
11	86	17084
35	71	17084
25	92	17086
65	75	17095
16	45	17098
24	56	17098
38	67	17102
18	89	17104
67	73	17107
67	92	17111
14	97	17112
19	67	17115
25	80	17116
45	55	17118
67	95	17119
16	99	17124
18	67	17134
65	75	17134
9	67	17135
65	67	17136
4	59	17143
9	67	17143
47	76	17144
14	36	17155
2	67	17157
63	85	17165
67	97	17167
18	89	17175
18	54	17180
65	77	17181
18	67	17184
22	72	17184
6	67	17188
65	75	17188
19	65	17192
30	36	17193
67	84	17195
23	44	17196
8	67	17202
11	18	17211
11	12	17211
40	67	17223
72	98	17223
16	21	17225
39	67	17226
15	18	17234
17	67	17238
67	86	17239
16	53	17241
52	63	17242
5	23	17252
1	67	17256
53	69	17262
31	46	17263
67	92	17274
76	83	17274
23	32	17278
4	73	17280
21	24	17286
55	86	17289
59	67	17293
42	67	17295
14	40	17296
36	67	17297
47	65	17297
19	44	17298
28	45	17301
5	23	17305
40	67	17306
19	63	17312
24	75	17317
18	67	17318
67	86	17319
67	76	17332
18	67	17334
5	72	17336
18	48	17337
65	67	17338
18	45	17339
37	75	17341
11	27	17342
32	67	17342
2	45	17349
18	22	17351
35	86	17352
67	97	17353
18	67	17358
18	47	17358
36	64	17358
11	43	17361
16	67	17361
40	65	17362
4	65	17364
44	67	17365
18	29	17369
55	63	17377
18	55	17380
61	80	17381
14	19	17382
29	82	17382
8	75	17383
18	60	17389
65	88	17389
45	67	17391
55	67	17393
20	74	17395
72	89	17395
49	73	17396
65	75	17398
65	88	17399
11	99	17400
16	43	17402
18	67	17404
67	69	17406
18	86	17415
16	65	17416
16	22	17417
1	65	17423
19	65	17423
18	49	17426
9	67	17428
30	67	17430
21	65	17435
16	25	17437
4	23	17451
19	20	17453
65	67	17457
40	65	17465
23	25	17469
22	28	17471
8	13	17474
47	67	17476
6	80	17477
16	22	17478
19	67	17481
20	55	17483
67	90	17487
67	88	17488
23	59	17489
85	96	17495
44	72	17500
65	75	17502
0	18	17503
2	86	17508
23	76	17515
17	60	17516
44	67	17517
0	15	17520
65	67	17520
67	68	17521
68	99	17523
37	55	17526
95	98	17530
67	98	17544
5	72	17545
67	82	17547
18	67	17552
18	55	17552
36	67	17552
67	99	17552
24	62	17556
62	74	17557
10	45	17558
18	76	17558
17	98	17566
67	81	17573
39	67	17577
1	22	17578
13	65	17586
49	88	17587
16	23	17589
40	58	17591
55	99	17593
55	65	17596
44	95	17597
36	87	17601
42	67	17601
67	75	17607
18	65	17608
31	65	17610
47	75	17611
18	55	17614
15	67	17615
62	96	17615
6	11	17616
3	67	17617
19	65	17620
67	81	17620
0	67	17623
13	65	17627
65	67	17628
11	53	17629
16	67	17629
18	75	17630
67	92	17633
7	16	17634
16	67	17638
67	92	17656
16	67	17660
6	23	17661
6	9	17665
17	67	17666
10	36	17668
38	43	17668
10	98	17669
23	67	17670
18	98	17673
11	16	17681
55	79	17681
67	85	17687
67	74	17689
18	67	17699
1	16	17702
1	45	17702
21	65	17705
7	74	17706
21	68	17706
59	67	17706
18	75	17708
16	65	17709
25	75	17716
26	67	17716
9	67	17719
67	98	17719
65	80	17721
19	96	17724
95	99	17724
22	73	17728
19	82	17732
29	35	17732
29	67	17742
1	23	17751
28	65	17752
18	67	17753
19	62	17759
53	87	17766
18	82	17768
40	96	17768
31	81	17769
22	44	17775
16	67	17777
8	17	17783
18	67	17783
33	67	17787
11	67	17790
40	71	17796
65	96	17796
47	67	17801
52	67	17801
18	53	17805
25	55	17808
51	97	17810
35	70	17812
23	65	17815
6	65	17828
19	36	17835
16	87	17837
16	67	17838
23	75	17839
32	58	17841
47	67	17845
67	90	17848
32	34	17850
18	61	17851
56	65	17854
21	36	17858
51	66	17858
22	67	17862
19	67	17864
25	65	17872
26	51	17874
73	77	17874
67	97	17876
13	47	17880
67	97	17884
67	88	17887
16	17	17889
55	67	17891
21	67	17892
23	57	17895
9	19	17896
36	51	17911
6	47	17913
65	67	17913
74	81	17913
61	67	17914
22	67	17920
75	94	17921
16	80	17923
16	67	17927
53	67	17927
47	62	17928
67	69	17930
67	86	17934
67	75	17935
62	72	17937
17	90	17938
56	77	17940
65	86	17946
67	98	17950
22	67	17953
39	67	17959
67	97	17960
18	70	17963
58	67	17964
1	98	17966
3	78	17966
16	18	17972
6	18	17975
18	67	17977
65	67	17977
34	95	17978
66	96	17980
18	75	17981
9	21	17984
36	89	17987
23	36	17989
51	67	17990
16	90	17991
22	49	17993
23	36	17993
11	70	17994
23	80	17996
39	63	18001
70	95	18003
18	65	18005
16	82	18008
65	67	18011
69	89	18012
18	55	18013
14	67	18014
67	72	18016
69	97	18017
18	89	18018
35	44	18030
5	75	18041
18	75	18046
43	65	18047
17	67	18049
9	65	18061
10	75	18062
16	22	18066
18	74	18068
22	23	18070
67	75	18073
22	45	18074
17	65	18078
67	82	18081
18	72	18082
8	11	18083
7	16	18086
13	23	18096
65	90	18098
29	35	18100
47	97	18116
16	67	18117
18	67	18117
46	53	18118
2	35	18119
65	90	18123
23	45	18124
5	65	18128
22	98	18128
18	70	18129
52	67	18132
96	97	18135
18	72	18143
51	67	18144
11	65	18145
14	57	18149
59	67	18153
18	75	18155
17	97	18156
67	83	18157
18	99	18161
9	67	18166
12	98	18167
16	21	18168
67	99	18173
31	72	18175
31	55	18177
67	87	18177
2	58	18180
48	65	18180
67	86	18182
18	67	18183
19	70	18184
25	77	18188
13	47	18190
23	29	18192
18	65	18193
15	65	18195
40	93	18199
18	33	18200
16	42	18202
18	68	18202
2	7	18204
67	70	18204
16	29	18206
65	99	18206
67	79	18210
16	98	18211
2	90	18216
16	67	18219
65	67	18220
15	55	18221
14	82	18223
11	56	18224
65	74	18226
11	65	18228
16	38	18228
11	18	18229
55	61	18229
8	72	18232
65	86	18233
67	91	18236
18	72	18238
85	96	18241
55	88	18243
1	75	18246
65	79	18251
17	82	18253
8	68	18258
67	90	18262
21	51	18266
16	72	18275
48	98	18275
13	19	18276
67	86	18277
19	67	18278
18	47	18279
19	34	18289
47	89	18289
18	67	18291
22	80	18292
65	75	18295
65	90	18295
63	67	18297
31	65	18299
18	67	18302
64	65	18307
18	67	18308
19	67	18311
23	52	18311
29	31	18318
8	22	18325
65	67	18325
82	84	18329
11	65	18330
18	24	18334
18	98	18336
67	98	18340
9	75	18342
72	94	18346
12	31	18349
45	72	18356
42	67	18357
18	47	18359
22	65	18361
18	64	18362
23	65	18362
42	53	18373
7	23	18375
2	65	18382
18	41	18389
51	83	18394
18	45	18398
47	60	18400
55	68	18400
72	75	18400
9	76	18402
9	67	18403
55	65	18405
67	74	18405
59	67	18406
25	40	18407
23	67	18412
11	21	18414
97	99	18415
23	49	18416
30	49	18418
52	65	18420
5	23	18421
13	86	18427
16	18	18427
67	86	18431
65	67	18438
8	77	18440
47	82	18440
11	22	18448
19	85	18449
6	19	18451
27	88	18453
19	67	18458
75	99	18461
3	67	18470
49	67	18470
18	96	18473
9	65	18479
34	67	18479
16	74	18483
41	75	18486
49	72	18486
8	65	18491
19	99	18491
18	72	18495
18	67	18496
56	65	18499
11	97	18501
16	92	18501
46	67	18511
18	47	18515
8	67	18518
19	65	18519
9	68	18526
20	47	18527
18	23	18528
67	72	18529
8	54	18532
11	15	18533
72	81	18535
51	67	18536
19	23	18538
63	67	18542
67	72	18542
11	55	18544
9	72	18546
65	75	18546
13	67	18548
18	28	18552
51	97	18562
18	70	18563
23	87	18563
9	86	18565
45	89	18575
6	67	18580
18	97	18580
21	82	18580
22	41	18581
72	74	18591
47	65	18596
39	75	18601
55	74	18601
65	89	18604
65	75	18607
8	50	18609
3	62	18610
18	75	18612
22	39	18612
18	47	18616
40	76	18618
45	72	18626
53	94	18628
18	75	18629
31	75	18629
80	93	18631
18	75	18635
16	84	18639
51	67	18641
44	72	18642
23	95	18645
30	65	18645
42	67	18645
23	75	18647
8	75	18649
12	19	18650
67	96	18653
11	77	18654
6	15	18658
2	67	18661
29	92	18662
16	27	18664
60	72	18670
39	75	18671
13	39	18672
15	99	18677
44	67	18682
1	17	18684
67	97	18687
47	63	18689
11	39	18690
75	97	18690
1	67	18692
46	92	18693
22	90	18694
31	96	18696
47	54	18697
2	67	18699
23	67	18699
27	63	18700
30	98	18701
14	18	18705
18	67	18710
25	65	18717
3	67	18719
5	64	18724
22	41	18725
3	53	18726
18	19	18730
23	96	18736
23	67	18737
18	23	18738
19	63	18742
42	65	18745
8	38	18746
55	70	18750
63	67	18750
2	82	18753
16	65	18753
48	63	18753
65	69	18753
6	95	18755
30	53	18758
17	22	18759
23	41	18763
75	93	18766
15	65	18773
16	90	18773
45	52	18775
46	72	18775
55	68	18779
22	90	18780
8	18	18785
55	66	18785
22	46	18787
75	81	18787
0	75	18793
11	67	18793
16	19	18797
18	67	18798
31	67	18809
44	67	18811
12	40	18817
65	92	18817
8	42	18824
12	97	18826
41	67	18827
67	75	18827
18	74	18829
65	72	18829
3	22	18831
93	96	18837
47	80	18839
16	76	18842
8	40	18844
13	67	18850
65	94	18851
13	18	18852
16	65	18856
10	18	18859
16	18	18860
18	67	18860
19	35	18860
6	68	18864
31	72	18864
65	75	18866
67	72	18870
67	86	18886
55	67	18899
65	67	18901
22	72	18904
67	97	18905
13	88	18909
36	67	18909
65	81	18911
14	55	18915
49	51	18915
18	49	18920
3	16	18937
33	67	18944
23	67	18947
2	42	18951
46	47	18951
5	67	18953
62	75	18963
17	23	18965
4	16	18972
76	86	18973
3	6	18974
63	97	18981
18	22	18982
11	23	18984
17	72	18985
67	97	18987
23	36	19000
18	25	19008
34	67	19011
51	78	19011
45	90	19012
67	86	19016
45	82	19017
40	67	19021
35	45	19023
2	37	19024
55	67	19024
5	18	19026
18	99	19028
16	67	19031
22	67	19033
7	67	19040
18	75	19040
18	65	19045
5	67	19046
70	74	19049
18	73	19055
29	67	19057
58	67	19059
16	27	19061
55	72	19063
18	67	19067
18	65	19070
19	82	19071
18	21	19073
18	49	19077
23	96	19077
65	67	19077
67	68	19081
39	94	19088
50	63	19088
37	67	19089
18	88	19091
52	65	19091
56	67	19093
63	99	19095
7	65	19097
52	67	19098
47	66	19102
65	67	19102
8	67	19103
14	22	19116
8	36	19119
65	77	19128
1	86	19133
19	75	19133
8	10	19134
67	99	19134
16	31	19141
53	54	19142
17	67	19147
18	51	19151
0	67	19155
23	40	19157
0	22	19159
17	47	19165
36	37	19171
9	17	19172
8	43	19175
65	67	19175
15	36	19177
16	18	19178
31	65	19179
19	67	19182
55	72	19185
67	72	19186
79	98	19190
2	51	19194
65	72	19197
8	97	19200
65	67	19201
19	23	19202
47	91	19205
55	67	19207
18	56	19214
54	57	19214
16	67	19215
36	67	19216
21	67	19218
36	49	19221
74	87	19223
22	67	19226
19	87	19227
23	75	19233
45	47	19237
20	67	19242
22	75	19242
18	67	19247
35	68	19251
5	65	19255
42	67	19257
7	67	19260
18	54	19261
67	85	19261
45	93	19263
46	55	19267
9	65	19271
5	38	19285
55	67	19285
8	33	19287
22	24	19292
52	96	19296
59	97	19296
14	67	19307
23	74	19307
88	95	19307
1	49	19309
72	93	19311
15	51	19313
10	72	19314
22	72	19315
31	47	19315
67	94	19319
22	72	19320
0	65	19325
30	67	19327
56	88	19328
19	67	19329
23	38	19332
22	40	19335
60	70	19336
1	22	19340
17	63	19346
35	39	19347
17	67	19349
40	43	19350
30	97	19353
22	67	19355
67	84	19356
19	93	19357
18	67	19358
13	22	19368
9	18	19369
65	95	19369
18	98	19375
67	75	19376
18	55	19383
54	65	19385
67	90	19385
11	65	19386
74	81	19387
23	91	19388
67	75	19388
22	67	19392
9	65	19393
23	36	19399
67	75	19401
18	35	19404
85	94	19404
31	85	19410
7	72	19413
18	65	19413
40	81	19413
1	14	19415
42	75	19416
3	19	19417
16	75	19418
65	72	19419
67	98	19419
67	98	19420
67	92	19421
18	65	19427
2	13	19446
29	60	19446
5	22	19449
17	55	19449
2	65	19450
65	75	19451
18	47	19453
18	67	19458
1	68	19461
18	53	19462
9	23	19463
23	67	19465
27	67	19474
36	65	19474
76	84	19476
16	67	19477
5	67	19478
45	65	19478
68	75	19478
8	21	19480
18	50	19483
22	94	19483
23	51	19493
18	55	19497
2	15	19499
36	67	19501
48	82	19501
18	65	19506
18	55	19506
16	63	19507
7	81	19510
55	75	19512
43	65	19526
23	55	19530
18	51	19532
19	67	19533
54	75	19535
59	78	19537
18	75	19541
11	18	19548
18	67	19551
67	86	19551
65	73	19552
18	67	19558
18	65	19561
72	90	19563
2	31	19568
63	75	19570
8	67	19571
17	88	19571
65	72	19579
47	81	19581
40	64	19582
18	23	19584
23	88	19585
38	67	19586
60	84	19591
8	51	19593
23	97	19593
17	22	19601
53	81	19601
47	67	19609
22	23	19614
31	67	19616
25	35	19618
18	77	19619
2	18	19620
31	67	19620
29	99	19630
30	42	19630
65	91	19633
53	65	19635
65	94	19641
23	36	19642
47	67	19642
49	67	19642
27	74	19643
11	67	19645
59	67	19645
67	75	19652
67	97	19654
7	10	19657
18	67	19661
19	67	19661
18	40	19667
55	59	19667
18	67	19672
67	76	19675
59	67	19690
65	67	19690
67	68	19691
51	65	19694
9	67	19696
18	67	19696
35	97	19701
6	65	19703
67	84	19704
17	75	19707
55	70	19707
97	98	19719
5	18	19725
6	80	19725
41	55	19727
12	65	19728
8	23	19729
22	67	19732
31	98	19736
18	51	19738
40	47	19738
18	67	19743
38	67	19744
17	77	19745
9	65	19746
35	65	19746
16	52	19748
65	67	19752
8	13	19754
75	86	19755
11	55	19763
18	65	19764
23	97	19766
3	90	19769
25	72	19769
19	67	19770
49	72	19775
23	45	19778
18	19	19782
67	75	19787
38	67	19790
46	72	19790
18	23	19800
78	95	19800
32	75	19803
14	75	19804
17	22	19807
37	55	19809
67	71	19810
65	67	19813
33	65	19815
18	54	19817
18	80	19819
9	29	19825
21	45	19827
16	18	19833
18	73	19833
18	65	19836
18	32	19838
65	82	19842
67	77	19842
18	22	19843
11	18	19844
15	54	19844
2	12	19846
55	72	19848
25	67	19850
3	31	19852
7	34	19854
33	67	19857
67	69	19865
36	74	19875
59	67	19884
40	51	19886
65	80	19890
65	97	19897
55	75	19902
67	82	19902
15	86	19905
83	89	19907
9	67	19908
19	23	19911
8	51	19914
16	55	19914
31	63	19916
11	65	19920
67	96	19928
19	22	19935
16	65	19936
19	36	19938
17	65	19941
65	67	19942
67	73	19944
15	21	19955
63	71	19955
25	64	19963
65	93	19973
15	19	19974
12	22	19975
82	98	19980
8	74	19982
65	78	19983
23	67	19984
16	18	19985
1	42	19986
18	21	19991
26	64	19995
4	36	19999
0	18	20000
