3	95	1
23	96	1
36	99	1
44	96	1
48	97	1
87	99	1
89	99	1
91	98	1
92	99	1
93	97	1
94	99	1
94	96	1
95	99	1
95	98	1
95	97	1
96	99	1
97	99	1
97	98	1
98	99	1
1	96	2
39	97	2
46	95	2
53	99	2
73	99	2
97	98	2
98	99	2
79	91	3
90	99	3
26	97	4
44	47	4
52	92	4
56	86	4
71	83	4
80	93	4
93	94	4
88	99	5
94	98	5
95	99	5
95	98	5
97	98	5
98	99	5
0	38	6
19	98	6
49	99	6
53	97	6
94	98	6
26	99	7
35	99	7
48	99	7
55	99	7
80	99	7
85	97	7
92	99	7
93	97	7
95	99	7
96	98	7
97	99	7
97	98	7
98	99	7
1	79	8
41	97	8
49	86	8
55	99	8
62	83	8
65	97	8
80	99	8
81	99	8
19	99	9
25	27	9
64	97	9
77	99	9
90	99	9
91	99	9
93	99	9
94	99	9
95	99	9
96	99	9
97	99	9
98	99	9
36	84	10
40	99	10
98	99	10
