33	67	1
28	86	24
0	22	27
24	63	33
7	54	36
49	85	46
4	27	47
10	33	49
7	25	51
2	32	55
24	34	59
10	38	60
28	33	60
24	73	62
35	65	70
24	38	71
24	92	73
24	25	79
24	61	85
22	41	92
24	54	96
17	41	102
5	92	107
21	89	107
55	74	117
15	21	121
38	53	121
25	38	122
24	63	125
24	31	125
62	71	127
38	88	131
19	28	134
7	91	140
22	87	140
29	55	145
3	67	152
23	24	162
24	87	163
25	28	165
24	97	173
14	96	178
38	98	178
38	96	178
38	53	184
24	56	187
81	87	190
8	25	192
32	78	194
7	88	197
22	25	202
77	88	212
39	86	213
24	57	214
24	97	215
38	86	219
22	24	226
9	10	227
13	59	229
42	86	233
7	81	237
41	90	239
22	88	240
0	37	249
32	63	249
30	62	258
78	83	261
14	50	263
22	74	263
28	83	272
19	72	273
0	87	275
76	92	278
24	57	279
49	75	284
10	31	288
7	38	289
24	65	290
74	79	296
11	22	297
38	67	301
38	86	305
25	81	306
38	74	306
38	53	306
35	65	309
24	38	310
24	39	317
63	98	317
35	77	318
40	57	322
20	42	324
24	88	324
22	97	329
24	74	330
87	92	330
22	98	333
24	77	335
38	63	352
21	92	360
24	63	369
37	38	369
36	97	374
19	99	377
22	97	383
28	49	383
76	97	387
53	99	396
4	31	403
64	65	405
33	79	407
30	74	410
1	62	417
24	69	420
25	38	422
75	79	424
42	53	430
6	28	432
24	31	444
11	31	445
17	25	447
21	78	466
24	47	467
24	42	470
74	83	472
22	95	476
25	31	480
13	25	483
47	63	485
14	96	490
24	38	491
25	62	497
24	38	500
38	50	504
38	66	506
60	63	507
31	38	521
4	28	524
24	42	528
24	74	531
24	99	533
24	59	552
22	24	556
55	69	556
22	24	564
48	49	567
44	52	570
0	74	571
24	44	573
28	73	577
22	94	585
24	38	585
78	93	594
30	65	604
43	55	610
24	72	630
24	91	631
1	24	650
45	48	650
4	38	653
6	63	653
1	24	654
35	66	654
77	87	654
16	74	655
34	53	664
24	55	665
38	43	665
43	61	665
40	57	668
9	28	674
38	97	675
25	68	679
0	28	680
24	56	686
45	80	690
12	24	692
19	38	696
45	49	698
62	70	698
25	74	701
24	56	707
44	80	708
33	61	710
24	39	720
56	83	720
85	92	723
57	75	726
24	38	731
28	74	734
77	82	745
67	98	751
48	90	757
37	57	758
44	85	759
2	76	760
8	95	762
24	28	764
25	70	788
34	77	790
12	34	795
21	76	798
22	24	798
28	67	799
38	45	805
2	49	807
27	43	827
24	79	835
24	51	838
27	31	842
62	92	843
24	67	846
21	44	848
24	59	848
38	52	850
24	66	852
24	77	854
24	25	856
38	90	862
21	38	863
63	71	863
38	89	864
28	76	869
28	49	872
9	38	873
38	74	874
66	99	874
24	60	877
24	95	879
30	77	885
24	68	886
30	74	887
21	72	889
24	82	892
19	24	896
1	21	901
17	77	902
6	74	906
62	77	906
20	24	916
38	46	937
24	99	938
21	24	939
35	77	943
64	86	954
24	90	956
50	94	959
15	31	970
38	40	973
70	90	973
24	59	974
22	66	976
19	24	995
24	28	1005
24	29	1005
45	64	1006
24	94	1008
44	62	1009
59	92	1015
38	53	1022
40	86	1028
38	80	1029
24	38	1030
39	57	1031
10	68	1036
11	20	1049
53	87	1051
4	41	1057
53	84	1057
24	83	1063
63	86	1082
24	57	1089
27	76	1092
33	74	1094
24	72	1098
44	56	1122
38	54	1124
19	38	1126
28	62	1126
22	77	1129
15	22	1133
9	37	1135
23	67	1150
10	25	1155
24	71	1163
24	67	1164
38	63	1173
23	24	1174
22	96	1175
15	79	1176
28	59	1177
11	28	1185
2	24	1186
12	24	1186
7	21	1188
38	90	1192
16	91	1194
2	38	1200
24	38	1203
61	73	1203
25	81	1204
48	70	1217
44	48	1225
54	77	1225
32	53	1226
12	76	1234
56	78	1234
22	23	1237
60	76	1250
24	76	1264
41	49	1270
19	67	1279
17	24	1284
0	27	1291
63	92	1295
23	32	1297
24	86	1300
2	36	1302
31	78	1302
38	76	1305
0	78	1306
36	73	1309
24	30	1312
35	90	1313
28	69	1317
24	57	1318
7	15	1320
38	62	1320
19	50	1322
92	98	1324
22	87	1329
24	74	1332
25	64	1338
31	74	1338
72	99	1339
57	59	1344
29	38	1348
24	92	1350
86	97	1353
0	75	1354
26	83	1354
19	25	1355
24	64	1359
67	89	1362
24	28	1363
24	37	1364
3	82	1372
14	38	1375
24	54	1378
21	65	1384
24	57	1384
15	82	1385
13	31	1388
13	38	1392
24	43	1392
24	72	1393
10	90	1398
28	58	1398
24	25	1402
6	22	1405
24	63	1415
29	76	1415
5	38	1421
22	98	1423
1	47	1428
19	39	1428
44	83	1430
24	57	1431
24	25	1439
38	77	1447
71	86	1449
24	71	1450
50	89	1450
24	77	1463
0	24	1478
7	80	1480
42	63	1485
19	98	1488
49	75	1492
10	17	1494
3	23	1506
56	62	1523
19	89	1528
6	42	1535
16	82	1536
7	51	1541
0	24	1547
24	86	1554
24	87	1555
25	37	1557
73	75	1557
24	77	1568
3	83	1569
24	86	1573
54	96	1580
22	24	1597
35	60	1604
66	98	1605
24	29	1607
49	67	1614
24	29	1623
24	31	1629
18	33	1630
27	90	1634
72	86	1640
10	20	1644
67	97	1670
38	76	1682
25	90	1697
8	38	1698
15	80	1706
43	51	1709
50	71	1709
77	85	1712
38	87	1714
24	31	1715
1	24	1716
14	38	1716
51	79	1716
22	28	1717
3	14	1723
38	87	1725
24	61	1730
3	35	1733
68	76	1743
25	94	1746
68	70	1755
7	79	1763
0	24	1772
10	19	1779
42	44	1785
9	25	1796
4	55	1800
16	71	1804
24	39	1815
25	72	1817
24	73	1818
76	79	1821
50	86	1826
42	76	1833
71	78	1836
19	61	1837
20	40	1837
31	89	1840
27	29	1845
19	24	1850
58	77	1854
0	98	1857
29	88	1884
22	94	1888
49	94	1888
24	97	1889
24	80	1896
6	24	1898
28	56	1900
23	43	1915
14	37	1920
28	84	1926
7	19	1928
78	86	1936
24	66	1947
2	99	1948
40	57	1951
22	77	1952
19	58	1954
53	70	1968
37	49	1970
0	49	1979
7	41	1984
45	77	1985
22	79	1987
24	60	1987
24	57	1989
0	38	1990
49	62	1993
62	99	1996
22	24	2011
32	89	2012
38	91	2014
24	29	2016
22	86	2019
43	97	2019
25	60	2021
38	57	2022
22	53	2024
44	64	2031
59	62	2037
19	21	2038
63	87	2039
4	12	2040
24	78	2045
12	24	2059
19	97	2059
1	4	2064
24	42	2077
25	38	2080
5	34	2083
24	72	2098
16	21	2105
21	76	2112
38	40	2112
24	25	2113
37	96	2114
42	61	2137
37	54	2138
38	56	2144
16	50	2146
24	79	2153
38	92	2153
9	74	2158
24	25	2161
49	94	2162
4	25	2170
41	60	2171
38	80	2174
37	38	2175
24	70	2177
22	34	2180
35	57	2180
10	49	2181
24	74	2195
24	39	2206
57	61	2216
15	24	2221
38	50	2225
13	95	2228
12	24	2229
51	99	2229
42	61	2232
15	24	2237
21	26	2240
0	83	2244
17	22	2245
28	38	2252
38	78	2253
13	24	2255
9	12	2283
9	44	2286
38	63	2297
22	66	2307
11	89	2314
21	25	2319
57	70	2319
15	24	2325
24	29	2325
24	59	2335
24	74	2337
46	73	2337
26	77	2350
16	24	2358
22	83	2358
1	77	2359
51	92	2363
21	80	2375
0	33	2397
23	63	2397
24	65	2402
20	66	2407
24	39	2415
38	63	2415
33	43	2419
14	89	2420
25	43	2424
35	38	2427
38	84	2427
7	24	2430
22	70	2432
35	40	2434
6	38	2437
38	76	2443
31	60	2446
83	84	2451
24	31	2453
8	20	2456
28	92	2461
67	78	2463
21	29	2476
24	52	2477
31	38	2477
9	68	2488
24	75	2488
7	83	2494
6	28	2496
72	76	2496
24	28	2497
66	85	2500
7	25	2527
60	70	2536
24	36	2549
0	27	2553
46	69	2554
15	20	2558
24	25	2558
58	78	2561
18	40	2567
24	51	2568
7	12	2569
24	29	2569
24	76	2575
43	86	2581
61	90	2588
24	87	2591
8	24	2606
21	31	2607
24	28	2610
38	83	2611
60	71	2613
24	40	2615
3	24	2618
28	32	2627
10	45	2628
24	38	2629
24	75	2629
18	34	2634
14	52	2639
14	25	2640
25	37	2645
7	24	2653
56	78	2654
4	24	2663
31	84	2668
2	23	2669
82	93	2684
55	78	2689
24	89	2694
62	85	2697
37	72	2705
71	77	2713
29	38	2719
61	99	2722
24	84	2724
41	67	2729
8	73	2731
38	96	2735
15	52	2737
21	50	2742
54	86	2755
43	58	2766
79	81	2766
38	49	2775
0	73	2776
24	28	2780
24	38	2782
84	89	2790
45	76	2794
24	38	2804
30	42	2809
4	92	2814
28	41	2815
15	24	2819
77	96	2842
35	73	2843
22	64	2852
34	50	2852
24	81	2859
32	57	2865
28	41	2866
38	43	2879
0	39	2880
2	28	2884
24	38	2884
38	49	2887
25	67	2899
8	89	2909
37	98	2911
62	79	2911
28	60	2912
13	24	2913
22	42	2920
9	30	2921
4	12	2922
3	74	2924
24	34	2931
8	82	2932
17	54	2934
24	51	2936
21	32	2942
24	60	2969
34	92	2973
97	98	2976
20	28	2991
7	24	2998
85	95	3005
24	96	3008
76	92	3008
24	85	3009
79	99	3013
7	68	3021
39	46	3021
22	31	3028
24	26	3028
24	46	3038
24	44	3042
4	24	3055
6	53	3057
38	88	3066
11	36	3068
28	39	3069
17	24	3072
27	99	3072
57	63	3075
35	44	3079
17	62	3089
3	34	3092
1	24	3094
9	75	3095
45	92	3095
39	88	3097
28	63	3103
24	63	3105
28	69	3110
49	99	3117
68	75	3117
22	75	3122
25	92	3123
24	35	3136
37	38	3138
19	21	3142
60	67	3147
60	69	3147
19	63	3149
1	24	3151
14	67	3152
76	78	3153
54	90	3158
70	74	3160
3	24	3174
21	24	3175
24	41	3192
22	24	3206
38	62	3219
38	42	3227
1	78	3228
24	58	3235
24	33	3236
53	96	3241
57	74	3244
24	39	3246
24	52	3250
24	40	3253
37	38	3260
15	55	3261
21	29	3263
14	24	3271
7	38	3275
19	77	3278
61	76	3278
1	33	3284
24	76	3284
1	9	3285
22	38	3285
28	47	3294
0	65	3298
24	62	3298
59	66	3300
11	59	3315
21	33	3317
18	24	3322
28	81	3327
25	39	3329
38	75	3334
15	25	3336
38	69	3337
17	22	3340
55	81	3346
21	93	3351
24	29	3355
24	38	3360
72	89	3383
29	57	3388
44	49	3390
38	45	3393
4	50	3395
17	42	3396
79	86	3397
38	91	3398
57	96	3399
64	77	3399
49	65	3404
24	65	3407
51	90	3408
24	53	3414
0	88	3418
34	88	3423
24	77	3425
22	24	3434
51	78	3434
57	63	3437
11	60	3438
9	19	3439
7	24	3444
28	76	3445
48	86	3448
57	91	3472
70	76	3474
8	92	3476
24	37	3484
74	79	3491
1	24	3495
24	74	3496
74	96	3500
24	43	3504
11	75	3506
42	49	3516
70	81	3528
2	21	3536
31	64	3541
1	38	3549
21	27	3551
24	37	3554
4	82	3555
24	36	3555
20	24	3560
72	76	3563
1	78	3576
22	28	3586
7	63	3592
38	60	3592
46	85	3594
49	78	3595
25	31	3601
17	27	3602
24	25	3605
56	84	3605
24	53	3607
28	38	3622
63	74	3623
30	88	3633
25	39	3634
24	47	3642
3	31	3643
55	74	3644
5	24	3666
37	57	3666
62	76	3668
7	75	3693
3	24	3699
24	43	3703
6	74	3704
17	41	3705
0	85	3706
47	74	3709
27	74	3715
76	77	3715
2	39	3717
70	86	3719
0	86	3725
0	96	3728
29	63	3733
22	24	3734
25	26	3735
9	38	3737
12	24	3739
27	34	3752
21	77	3755
24	76	3770
18	28	3772
24	38	3772
19	24	3775
24	59	3777
16	77	3782
31	78	3787
38	64	3788
22	39	3798
25	38	3799
38	99	3806
24	62	3812
22	42	3818
24	87	3818
10	52	3839
24	84	3842
22	60	3844
68	84	3845
15	54	3848
38	72	3849
74	95	3849
33	86	3854
43	91	3858
28	46	3863
22	24	3866
58	98	3869
19	98	3873
38	47	3874
11	65	3881
24	75	3891
25	28	3904
25	30	3913
76	79	3917
55	76	3931
9	38	3934
22	77	3934
24	87	3938
4	24	3941
22	38	3949
40	53	3958
22	75	3964
4	19	3986
24	65	3986
9	77	3998
24	25	4001
45	75	4006
25	87	4009
25	85	4015
13	24	4017
25	77	4019
23	32	4023
1	64	4028
20	43	4032
24	75	4032
25	93	4032
12	88	4033
4	24	4043
38	61	4043
24	44	4045
10	45	4057
35	75	4058
48	55	4062
15	27	4067
42	88	4067
24	62	4084
24	34	4087
7	99	4099
22	61	4099
15	24	4100
17	62	4102
38	76	4104
24	28	4112
19	38	4113
13	24	4114
24	57	4125
12	98	4126
40	58	4128
28	65	4129
43	53	4139
42	81	4146
67	87	4155
2	43	4158
22	24	4164
12	28	4168
41	76	4177
2	11	4179
84	92	4187
9	87	4188
7	34	4191
13	49	4193
4	53	4195
30	98	4198
32	73	4202
11	24	4203
16	24	4208
48	94	4209
0	94	4211
24	53	4216
28	59	4219
35	92	4219
1	64	4220
25	93	4224
38	98	4227
83	85	4230
60	69	4232
35	41	4233
24	43	4236
21	24	4244
65	91	4244
26	38	4252
22	24	4257
44	62	4264
22	25	4268
41	97	4278
26	27	4279
22	24	4287
41	43	4287
33	67	4289
38	43	4289
53	89	4289
24	69	4292
31	90	4300
15	58	4311
17	77	4328
38	63	4328
24	25	4332
22	29	4333
1	83	4334
5	28	4339
6	95	4351
24	65	4355
17	89	4367
75	87	4367
18	21	4369
60	88	4369
2	20	4381
54	63	4385
22	24	4387
38	51	4393
55	72	4394
24	56	4417
22	76	4425
10	90	4426
41	63	4432
10	90	4448
17	24	4449
24	42	4452
65	74	4455
72	82	4457
19	99	4459
94	95	4461
5	60	4463
31	65	4475
25	38	4476
10	24	4478
4	38	4482
23	51	4488
2	10	4492
2	29	4504
24	46	4507
62	98	4514
36	57	4515
76	98	4520
24	65	4526
46	65	4529
24	50	4532
1	24	4537
38	77	4546
41	73	4547
24	79	4548
24	39	4550
22	98	4551
24	91	4556
24	33	4558
4	13	4560
49	75	4566
92	97	4566
22	92	4567
7	24	4577
22	36	4577
24	28	4578
15	20	4588
38	73	4608
12	38	4610
16	76	4611
24	43	4616
24	76	4622
22	56	4628
22	38	4629
28	97	4633
38	65	4633
27	41	4639
42	44	4653
22	97	4655
27	40	4658
36	61	4664
0	76	4668
21	31	4672
24	94	4681
24	34	4687
60	62	4697
24	61	4700
24	55	4712
31	38	4715
11	65	4726
60	68	4730
58	59	4739
24	31	4751
7	52	4753
25	88	4754
39	43	4755
87	92	4757
8	24	4760
24	92	4791
12	89	4795
24	60	4795
1	85	4802
84	93	4812
28	83	4814
11	63	4826
11	85	4836
10	24	4838
18	57	4846
24	65	4848
25	94	4851
16	74	4881
62	77	4881
38	83	4882
9	24	4884
24	85	4885
20	77	4896
38	54	4898
6	24	4903
35	72	4905
9	57	4907
19	24	4909
40	60	4913
23	25	4916
0	77	4923
17	86	4926
26	38	4930
37	57	4930
38	82	4931
76	87	4935
20	60	4943
16	24	4945
76	77	4945
24	63	4948
19	24	4951
24	92	4954
0	25	4958
28	77	4963
60	69	4976
38	43	4978
43	64	4982
21	24	4986
24	41	4990
19	25	4995
9	60	4997
11	61	5000
71	97	5011
3	24	5014
15	57	5014
59	76	5017
11	65	5019
9	27	5023
22	35	5024
49	63	5028
37	88	5032
24	46	5033
24	94	5038
32	92	5041
3	74	5043
13	24	5046
0	97	5047
49	67	5050
24	97	5058
4	76	5072
0	38	5080
69	87	5085
24	74	5091
38	70	5094
54	63	5100
24	38	5101
22	98	5102
7	60	5103
27	78	5112
38	72	5112
24	77	5113
14	54	5114
38	89	5115
9	35	5116
24	61	5116
24	79	5116
10	50	5125
60	79	5132
0	38	5136
30	90	5152
16	43	5155
42	49	5155
24	74	5161
50	66	5164
49	77	5166
32	64	5168
38	44	5171
40	75	5172
12	20	5174
2	24	5178
24	60	5180
77	87	5183
24	69	5186
20	59	5189
25	32	5193
63	65	5193
20	42	5195
24	97	5201
29	66	5211
80	94	5218
64	81	5221
38	80	5223
77	78	5223
27	74	5225
0	22	5227
53	57	5227
45	91	5228
0	66	5235
24	50	5243
61	63	5243
74	77	5244
28	92	5260
5	84	5261
38	93	5262
65	98	5267
30	74	5275
6	61	5283
75	94	5297
74	78	5298
70	75	5300
24	85	5306
58	63	5307
6	24	5310
24	38	5310
39	80	5312
47	53	5320
1	36	5327
25	64	5327
57	70	5327
60	78	5329
60	86	5335
10	56	5338
25	72	5343
74	89	5346
15	78	5349
0	24	5357
83	87	5358
8	24	5360
25	27	5360
24	76	5362
31	38	5362
0	20	5364
10	68	5364
60	83	5368
4	24	5377
22	64	5387
25	99	5389
77	84	5399
39	71	5401
0	5	5403
24	86	5403
43	45	5406
44	66	5416
14	15	5417
12	86	5419
14	77	5428
20	62	5429
28	73	5429
21	49	5432
60	83	5436
14	79	5438
30	61	5452
45	47	5457
21	94	5458
37	43	5458
25	53	5459
24	71	5463
76	98	5473
22	50	5482
16	81	5490
38	69	5490
60	94	5496
60	81	5499
24	67	5511
22	42	5513
24	60	5523
24	69	5524
22	50	5537
24	77	5542
44	78	5545
24	63	5548
35	97	5548
21	22	5552
21	25	5553
22	28	5555
24	65	5562
24	35	5563
24	56	5570
7	79	5573
35	90	5577
7	24	5580
6	25	5583
21	49	5587
4	58	5588
12	78	5594
5	6	5603
24	75	5606
38	79	5606
22	97	5612
20	74	5614
22	34	5615
3	24	5617
60	63	5621
46	60	5622
79	95	5633
6	74	5634
24	67	5644
2	38	5647
12	22	5648
1	24	5656
24	38	5660
24	66	5666
24	38	5671
0	74	5683
14	91	5684
38	81	5693
25	97	5696
24	38	5707
2	26	5712
75	78	5712
0	38	5717
36	90	5719
24	70	5724
24	95	5730
6	64	5738
8	41	5741
25	34	5751
16	65	5758
23	39	5759
8	24	5761
21	60	5762
38	57	5773
0	82	5778
8	9	5786
11	21	5786
24	52	5793
28	60	5798
40	67	5806
28	61	5810
1	21	5812
62	83	5813
24	57	5815
24	65	5818
26	97	5818
9	24	5823
28	88	5830
17	75	5832
23	29	5835
34	99	5835
5	38	5842
38	86	5854
0	64	5859
38	51	5865
21	22	5869
42	58	5870
24	38	5871
0	37	5872
77	89	5889
24	25	5891
24	26	5895
44	87	5895
13	30	5897
9	25	5900
24	42	5903
0	39	5904
0	78	5906
0	22	5912
0	24	5924
1	86	5926
33	74	5928
24	35	5931
24	95	5935
15	24	5941
0	39	5944
7	45	5944
31	60	5945
39	70	5953
39	77	5955
27	73	5958
22	24	5959
24	27	5960
21	24	5972
7	65	5976
24	51	5979
7	9	5986
18	47	5990
35	79	5992
39	82	5994
9	24	5996
38	75	6001
38	95	6004
25	84	6010
24	31	6014
9	50	6017
9	57	6020
12	38	6025
34	42	6033
38	76	6038
24	96	6043
59	85	6049
4	24	6050
3	38	6051
19	70	6053
24	26	6055
53	76	6058
37	75	6075
4	80	6076
9	24	6076
24	52	6088
25	65	6101
30	74	6102
24	94	6105
24	81	6108
22	24	6111
15	81	6112
24	25	6113
24	59	6121
10	24	6125
32	38	6132
24	38	6141
11	22	6142
22	62	6146
25	28	6152
9	82	6157
49	78	6157
63	91	6157
47	73	6159
58	65	6169
35	81	6172
63	84	6174
24	97	6186
55	76	6190
25	90	6191
28	42	6193
28	43	6194
32	83	6203
10	25	6213
30	95	6213
25	28	6214
24	25	6223
21	49	6224
73	76	6228
74	98	6232
12	49	6236
24	81	6245
24	25	6250
0	19	6251
20	27	6254
24	54	6265
22	49	6266
42	58	6275
24	38	6291
24	38	6295
67	86	6298
24	25	6299
30	33	6300
1	68	6305
46	52	6307
20	43	6309
27	67	6310
44	78	6311
92	97	6319
38	92	6341
43	53	6342
12	82	6347
63	88	6359
24	77	6368
0	24	6369
0	66	6369
62	76	6384
15	96	6400
46	61	6410
69	83	6413
74	94	6417
31	38	6418
24	33	6424
53	89	6428
19	84	6439
11	62	6440
31	75	6449
43	57	6451
25	38	6452
22	91	6457
33	44	6457
22	88	6463
24	61	6472
22	42	6481
9	24	6485
28	53	6486
24	56	6487
11	38	6495
9	24	6498
45	60	6500
18	27	6522
24	35	6524
20	47	6528
12	39	6537
30	35	6539
56	65	6546
0	17	6554
0	38	6561
38	43	6563
89	93	6568
11	46	6570
22	86	6577
24	38	6581
24	63	6589
0	76	6592
51	62	6593
0	28	6594
7	8	6594
22	38	6616
24	86	6617
68	74	6622
12	28	6627
24	38	6633
15	85	6636
36	56	6658
24	85	6663
9	94	6668
7	24	6670
24	33	6674
47	52	6678
66	86	6679
15	76	6681
38	53	6681
20	43	6682
24	38	6685
24	46	6686
24	47	6686
24	36	6695
4	77	6699
11	24	6700
22	64	6703
10	49	6707
0	43	6724
24	87	6732
24	74	6734
15	29	6735
31	64	6736
44	48	6736
49	76	6738
0	22	6746
60	96	6747
71	74	6750
0	42	6753
0	76	6757
24	27	6763
38	54	6763
7	99	6774
11	38	6775
22	43	6781
42	46	6784
38	68	6789
24	96	6790
4	24	6797
24	98	6800
4	65	6802
27	63	6804
8	81	6810
38	61	6810
65	78	6810
24	76	6813
34	42	6825
17	49	6829
33	75	6834
44	64	6847
53	88	6847
48	72	6849
0	38	6858
40	58	6858
10	87	6859
9	53	6862
1	49	6867
94	98	6869
44	60	6874
35	74	6875
85	96	6876
7	79	6880
38	99	6880
43	67	6880
42	67	6883
24	25	6886
12	57	6888
21	74	6901
16	62	6910
7	24	6912
24	25	6917
44	87	6922
24	38	6924
24	27	6925
43	58	6932
36	84	6934
16	74	6938
65	78	6939
24	52	6943
16	74	6956
28	45	6961
38	54	6962
11	24	6963
24	50	6970
24	67	6972
16	24	6976
88	93	6976
4	42	6982
38	63	6986
26	66	6992
39	63	6993
0	78	7002
21	57	7009
3	89	7010
57	62	7011
24	46	7015
24	31	7019
74	87	7020
41	96	7024
24	34	7027
24	55	7033
24	26	7036
48	65	7046
0	71	7053
24	38	7054
2	78	7056
4	19	7068
81	86	7072
16	21	7082
12	35	7086
0	69	7100
8	60	7101
19	24	7103
91	92	7103
24	92	7104
0	4	7105
63	72	7109
22	76	7113
65	73	7113
19	76	7120
24	92	7124
24	76	7131
38	79	7135
0	98	7136
16	33	7137
38	80	7145
38	64	7146
12	76	7152
24	80	7153
35	78	7159
35	38	7160
16	94	7161
12	66	7163
25	78	7175
24	52	7181
4	5	7188
1	76	7189
66	81	7199
24	25	7207
8	73	7210
15	24	7217
5	77	7229
7	8	7229
43	95	7233
24	25	7236
36	78	7239
32	52	7240
24	38	7242
1	70	7245
1	69	7250
2	90	7256
20	24	7259
37	99	7261
25	62	7263
3	38	7266
0	90	7271
56	68	7277
22	24	7281
24	57	7281
12	68	7282
56	65	7282
76	96	7291
0	97	7310
10	19	7311
36	80	7315
4	42	7316
0	42	7318
24	61	7328
11	24	7342
23	75	7344
38	85	7348
48	84	7350
70	74	7369
24	63	7370
38	61	7372
40	62	7377
24	28	7379
0	63	7384
16	97	7393
35	77	7393
1	2	7398
28	74	7403
23	80	7405
15	59	7426
67	92	7440
10	86	7445
5	76	7446
24	92	7447
21	78	7448
20	86	7456
8	45	7468
25	76	7472
0	12	7474
24	42	7474
24	59	7477
49	76	7485
40	95	7491
19	94	7501
24	74	7507
61	78	7512
9	30	7515
33	43	7518
18	76	7532
24	89	7543
17	67	7545
69	85	7546
7	24	7548
22	26	7551
1	83	7553
38	60	7562
0	40	7566
11	24	7566
60	67	7571
0	97	7576
24	74	7578
34	99	7581
42	50	7592
5	25	7594
18	51	7594
3	68	7599
5	65	7599
27	65	7604
46	72	7608
29	38	7609
39	77	7611
15	43	7617
33	38	7617
38	76	7617
0	24	7640
39	91	7652
24	38	7664
6	98	7666
8	92	7666
43	75	7666
24	28	7668
43	50	7678
38	42	7683
24	39	7688
0	69	7710
14	83	7717
3	24	7721
19	42	7728
30	53	7739
23	25	7745
41	87	7750
22	24	7753
24	76	7753
26	60	7754
65	71	7757
7	83	7758
22	38	7761
24	78	7763
10	24	7765
24	42	7769
71	77	7770
76	79	7782
61	62	7788
24	88	7791
38	84	7791
28	38	7800
19	24	7801
38	42	7805
22	24	7806
38	41	7812
11	61	7813
73	81	7814
62	68	7818
22	24	7833
29	78	7842
80	95	7847
9	38	7858
24	94	7859
35	39	7869
33	38	7875
0	24	7899
38	54	7907
14	38	7910
5	36	7915
24	70	7915
2	39	7916
28	60	7916
7	63	7920
5	81	7922
20	71	7924
24	81	7943
28	60	7948
27	78	7952
24	63	7953
35	78	7954
65	89	7962
30	74	7968
77	82	7974
60	82	7984
25	73	7985
24	97	7987
51	85	7997
7	75	8002
24	70	8002
23	39	8014
38	96	8015
19	77	8024
21	50	8030
57	65	8030
15	71	8049
48	82	8049
15	86	8050
23	48	8055
73	75	8057
3	87	8059
76	78	8065
28	39	8069
61	95	8071
42	89	8074
31	80	8077
24	76	8085
22	82	8086
9	84	8109
74	76	8110
24	43	8122
35	74	8128
25	63	8146
64	78	8147
24	42	8161
1	76	8168
5	74	8169
24	96	8169
24	53	8170
74	76	8171
62	65	8186
39	91	8192
20	56	8201
24	97	8202
29	96	8202
58	84	8210
24	71	8214
25	33	8230
68	71	8231
38	76	8233
24	38	8237
24	86	8247
63	87	8263
25	75	8266
13	24	8270
90	96	8273
49	90	8277
1	24	8280
50	97	8282
24	76	8287
38	61	8290
50	65	8293
69	71	8294
24	92	8306
35	38	8307
10	24	8311
26	78	8311
43	83	8318
32	76	8328
24	83	8336
36	75	8339
37	63	8348
16	91	8349
34	56	8354
53	94	8354
33	96	8355
19	24	8364
60	65	8370
33	35	8375
28	71	8382
26	38	8387
3	24	8390
59	89	8393
27	69	8396
25	94	8397
7	52	8398
38	76	8401
21	42	8405
13	91	8415
24	96	8415
62	97	8417
12	18	8418
16	50	8420
24	77	8425
77	85	8435
24	86	8443
24	38	8450
0	24	8453
24	43	8455
14	24	8460
24	52	8465
50	76	8466
39	87	8477
15	22	8480
77	98	8483
1	24	8484
19	26	8486
28	40	8486
47	66	8486
55	61	8486
24	44	8490
90	97	8494
24	65	8495
24	47	8496
26	38	8496
24	93	8497
73	89	8498
24	82	8508
53	90	8520
46	65	8522
4	52	8527
62	81	8527
18	92	8534
24	54	8534
38	46	8534
24	50	8537
24	53	8547
1	36	8555
24	74	8555
28	99	8556
1	24	8558
24	95	8559
0	39	8567
7	52	8567
31	63	8567
0	75	8573
35	71	8578
25	39	8580
5	24	8591
39	59	8593
24	38	8601
24	57	8607
0	38	8614
63	68	8617
8	38	8618
59	93	8621
66	96	8628
38	57	8641
41	43	8641
7	22	8643
24	38	8644
59	84	8655
52	74	8658
13	63	8660
19	76	8664
24	47	8664
61	90	8666
24	25	8668
24	92	8673
21	24	8675
21	33	8676
24	30	8689
38	57	8692
12	16	8707
40	65	8719
51	67	8720
9	77	8725
24	45	8727
38	95	8727
85	93	8727
43	96	8742
0	24	8743
6	22	8749
62	83	8751
25	86	8753
6	71	8758
7	24	8760
14	32	8763
42	81	8772
38	86	8782
24	80	8784
38	62	8790
87	89	8793
9	21	8806
2	38	8809
73	98	8813
53	97	8832
38	39	8835
24	38	8847
24	76	8849
16	97	8855
30	87	8856
7	22	8858
24	75	8860
12	24	8863
7	78	8864
59	70	8866
74	84	8872
7	92	8881
44	90	8882
49	76	8883
24	33	8884
24	28	8891
36	62	8897
9	38	8903
13	53	8903
16	24	8909
25	76	8918
24	59	8921
25	58	8926
25	68	8927
38	50	8942
57	60	8947
34	76	8949
16	24	8955
24	50	8961
25	38	8962
16	59	8966
38	78	8969
0	99	8970
38	64	8976
81	86	8977
24	74	8985
25	50	8986
24	97	8991
22	24	8995
38	82	9010
38	81	9018
25	44	9023
24	39	9034
10	24	9040
15	41	9042
9	24	9051
12	24	9052
4	24	9056
24	77	9064
34	36	9065
85	86	9068
24	72	9072
24	42	9073
37	76	9076
24	75	9079
48	76	9082
22	35	9085
41	46	9101
64	81	9102
19	66	9108
24	28	9127
24	73	9130
4	24	9137
27	38	9137
78	89	9138
16	99	9141
31	38	9141
28	77	9142
31	39	9145
22	24	9153
40	76	9153
67	78	9155
28	44	9159
41	65	9159
54	98	9159
25	59	9161
63	73	9164
24	33	9165
77	89	9167
25	42	9175
5	79	9177
59	79	9181
63	93	9185
22	39	9189
25	42	9192
12	72	9193
56	83	9193
1	24	9199
19	57	9204
25	38	9204
65	74	9205
60	95	9222
34	44	9224
92	99	9226
48	74	9229
71	81	9231
0	62	9236
60	78	9244
24	38	9247
60	76	9247
16	78	9250
1	78	9267
0	21	9272
24	71	9283
24	64	9285
9	24	9286
17	70	9286
34	65	9287
38	47	9288
25	77	9293
22	24	9299
23	24	9300
46	50	9300
13	31	9307
31	62	9307
25	77	9310
15	38	9311
40	65	9318
31	59	9319
24	40	9339
27	75	9347
24	83	9352
0	24	9356
24	85	9357
52	61	9363
24	58	9364
40	49	9365
25	68	9371
60	85	9376
8	41	9383
24	39	9388
55	94	9388
25	39	9395
84	92	9395
24	67	9403
24	70	9405
24	30	9413
24	28	9418
0	99	9424
60	78	9433
81	86	9439
24	97	9444
15	62	9447
27	37	9448
30	98	9459
4	38	9461
38	62	9465
24	42	9472
13	24	9474
49	86	9479
60	97	9488
24	95	9492
6	24	9493
8	94	9494
27	79	9503
38	59	9503
22	93	9504
10	37	9507
22	43	9515
24	54	9521
10	48	9529
17	28	9540
74	92	9547
38	99	9560
24	70	9566
4	38	9570
63	76	9578
24	93	9580
87	98	9580
23	38	9582
38	74	9592
76	97	9595
64	83	9597
0	38	9600
62	66	9606
74	83	9614
7	63	9616
58	94	9619
42	63	9621
27	79	9628
5	44	9632
11	63	9636
49	82	9638
51	75	9640
18	66	9642
62	81	9642
22	38	9648
28	77	9672
62	69	9672
25	86	9679
33	74	9687
24	86	9699
1	38	9701
24	25	9711
38	59	9711
61	69	9719
25	32	9720
0	48	9722
27	71	9725
24	40	9728
32	69	9730
28	57	9733
31	40	9736
23	40	9741
31	94	9742
28	78	9743
22	25	9750
29	38	9754
24	33	9762
22	67	9764
35	38	9764
24	91	9775
6	24	9777
24	77	9789
61	98	9789
38	62	9791
24	77	9795
24	70	9806
2	81	9807
5	45	9821
24	29	9821
78	81	9823
24	51	9828
19	38	9836
38	39	9840
24	52	9842
8	90	9845
48	81	9860
43	92	9861
0	24	9863
12	53	9865
26	86	9869
42	49	9869
94	97	9869
42	63	9873
29	76	9879
7	37	9880
14	25	9880
30	76	9884
16	19	9888
0	82	9896
47	69	9902
76	81	9907
7	19	9912
24	35	9913
22	59	9918
1	92	9919
12	24	9920
24	71	9923
25	83	9924
75	76	9925
22	25	9928
59	76	9929
5	24	9933
7	56	9938
19	97	9944
24	25	9946
1	92	9947
24	98	9949
25	71	9951
10	20	9952
57	86	9952
78	99	9956
44	57	9962
24	44	9963
24	99	9967
12	60	9972
24	49	9979
61	87	9982
24	47	9983
63	68	9986
24	25	9989
28	42	10019
38	75	10030
42	83	10031
24	38	10032
21	74	10035
24	29	10039
5	93	10044
63	85	10052
14	24	10053
8	22	10067
10	31	10069
19	43	10075
38	68	10079
44	71	10083
39	76	10084
52	63	10089
16	56	10100
0	43	10102
40	98	10107
28	38	10111
30	51	10121
36	58	10122
38	96	10122
33	35	10127
24	68	10131
17	32	10142
25	38	10146
26	79	10150
38	56	10150
24	57	10162
21	90	10168
75	94	10174
0	73	10178
43	89	10179
14	39	10180
22	48	10192
24	57	10195
22	24	10206
39	88	10209
60	64	10211
3	53	10215
76	95	10217
17	54	10235
24	52	10237
25	57	10240
25	50	10242
67	88	10244
15	24	10247
24	43	10258
35	36	10260
13	94	10261
24	36	10271
24	38	10274
24	57	10291
24	82	10291
24	75	10294
22	38	10299
14	30	10316
20	49	10317
31	90	10321
24	43	10324
38	65	10326
4	14	10328
2	80	10334
23	30	10340
15	42	10346
37	62	10354
12	57	10356
24	34	10356
1	50	10361
33	75	10361
24	33	10366
22	87	10368
76	84	10372
38	60	10373
21	38	10374
19	25	10380
28	38	10381
26	76	10386
31	76	10389
38	89	10405
39	63	10409
57	89	10410
70	98	10411
24	61	10412
25	38	10420
4	28	10422
25	50	10422
14	91	10429
24	31	10429
7	78	10438
38	82	10441
10	29	10447
0	24	10451
75	95	10457
24	52	10460
25	88	10462
16	51	10463
24	54	10464
22	73	10467
0	72	10469
24	92	10470
28	38	10473
24	50	10476
43	86	10480
37	76	10482
22	62	10485
0	24	10494
16	40	10498
5	66	10502
35	96	10506
63	91	10507
35	38	10508
24	95	10510
24	74	10517
24	86	10528
87	92	10532
0	81	10533
21	42	10538
9	24	10548
24	51	10551
38	92	10565
19	77	10568
28	94	10569
24	57	10572
24	52	10572
21	24	10575
5	24	10588
62	78	10596
25	38	10603
24	52	10606
24	86	10631
9	43	10634
38	53	10634
24	70	10640
24	37	10643
24	92	10644
12	24	10648
24	55	10655
24	33	10656
44	85	10661
1	72	10663
28	52	10663
24	31	10664
29	91	10665
24	76	10671
24	44	10671
24	38	10680
19	51	10688
24	74	10688
24	80	10689
4	70	10691
24	47	10693
35	38	10694
32	48	10696
22	61	10710
12	24	10713
24	60	10721
24	27	10721
20	50	10728
69	98	10730
22	24	10731
19	51	10739
11	86	10740
44	75	10740
25	64	10741
24	47	10751
24	92	10752
12	76	10773
6	13	10790
38	76	10791
24	26	10797
15	65	10806
17	61	10806
13	44	10807
38	99	10809
19	65	10821
22	67	10826
96	97	10836
86	90	10842
41	74	10851
38	63	10853
24	78	10854
15	22	10861
67	89	10862
28	29	10874
21	24	10876
55	56	10876
40	53	10878
22	78	10884
24	46	10884
33	52	10887
15	24	10891
24	82	10893
15	53	10894
0	38	10897
75	91	10898
67	98	10902
24	78	10907
24	74	10908
4	28	10910
55	65	10912
67	97	10913
38	95	10926
86	93	10927
32	53	10931
49	76	10935
42	74	10946
0	13	10956
38	90	10956
22	38	10959
24	80	10961
18	59	10967
30	72	10980
24	63	10981
34	53	10985
18	63	10990
0	96	10995
38	58	10995
25	28	10998
24	63	11001
9	23	11013
31	74	11020
67	74	11020
11	76	11025
13	53	11026
0	69	11032
21	57	11039
38	70	11039
49	82	11040
24	95	11042
7	49	11046
24	76	11048
10	28	11054
74	77	11061
28	74	11065
38	57	11065
31	48	11069
23	86	11071
15	56	11085
25	53	11087
56	79	11089
24	38	11091
21	51	11092
0	51	11101
14	38	11101
16	70	11101
24	87	11102
46	82	11105
21	49	11108
24	38	11117
53	56	11119
59	78	11128
44	67	11143
24	87	11174
12	86	11178
2	72	11181
57	97	11182
8	60	11196
22	31	11198
1	48	11206
67	93	11210
8	24	11213
52	68	11213
1	50	11215
24	38	11216
7	98	11221
23	63	11223
14	24	11226
44	79	11229
24	91	11234
30	63	11242
24	84	11252
38	83	11252
0	61	11258
1	24	11261
24	50	11261
24	63	11269
24	58	11280
19	38	11281
50	51	11286
24	46	11287
4	24	11289
60	77	11301
24	78	11302
78	92	11306
46	90	11309
7	19	11310
1	22	11311
30	77	11311
6	63	11312
49	81	11314
24	46	11317
1	76	11320
12	28	11324
25	60	11325
18	39	11338
19	63	11339
24	37	11348
59	81	11349
63	78	11354
50	86	11356
24	54	11361
25	57	11365
24	38	11366
32	44	11367
10	37	11375
8	24	11379
42	99	11393
28	35	11418
24	87	11419
4	60	11426
38	63	11429
24	97	11434
22	24	11435
34	38	11450
21	24	11453
24	38	11453
46	61	11454
22	38	11457
77	92	11463
18	39	11464
24	77	11466
47	76	11468
25	74	11472
39	93	11474
5	48	11476
25	33	11477
9	24	11481
24	36	11486
54	74	11487
76	85	11494
24	59	11496
38	78	11500
1	71	11507
11	92	11508
15	38	11513
0	96	11514
24	38	11516
18	98	11535
24	38	11544
29	71	11545
27	66	11551
0	28	11561
22	24	11573
8	44	11575
3	11	11581
16	24	11587
47	96	11602
3	38	11606
0	22	11610
9	28	11615
16	50	11621
24	43	11622
67	70	11624
29	53	11625
15	18	11628
66	72	11633
27	92	11634
51	57	11637
26	48	11638
24	44	11652
12	24	11663
11	38	11688
23	24	11692
25	98	11693
57	74	11694
31	40	11696
79	84	11696
12	24	11700
7	63	11703
38	94	11703
37	79	11707
21	48	11708
0	96	11718
90	95	11719
38	40	11720
38	58	11731
24	28	11733
33	38	11735
47	57	11741
22	24	11744
24	53	11747
55	79	11758
24	31	11761
0	22	11763
24	83	11765
3	97	11772
2	22	11775
51	59	11780
28	60	11784
8	50	11786
24	45	11788
38	78	11790
76	86	11791
13	75	11795
0	40	11797
35	58	11797
42	74	11807
16	39	11808
31	33	11813
11	24	11830
24	90	11830
24	56	11833
15	62	11841
38	97	11842
24	49	11845
24	28	11849
28	79	11851
17	74	11856
60	77	11860
5	91	11873
50	76	11879
24	25	11883
15	56	11893
24	70	11894
25	96	11895
4	49	11896
13	42	11900
86	89	11905
63	78	11909
7	24	11915
43	98	11921
3	36	11923
3	58	11924
2	76	11925
3	71	11929
8	63	11933
24	90	11941
11	86	11947
38	90	11948
21	74	11958
25	85	11961
50	92	11967
7	60	11968
22	97	11977
24	57	11985
1	74	11986
31	37	11992
24	27	11997
19	28	12009
24	53	12009
38	89	12010
25	98	12017
31	57	12018
21	25	12022
0	65	12035
41	77	12035
20	58	12053
38	45	12053
35	78	12054
7	9	12056
25	26	12056
15	38	12070
0	22	12083
19	24	12083
65	96	12089
22	49	12094
38	47	12100
10	69	12105
37	38	12111
22	89	12113
70	82	12122
4	37	12127
24	25	12140
37	82	12143
42	60	12143
14	94	12144
0	38	12169
24	55	12174
6	45	12178
51	90	12180
10	37	12192
28	84	12192
10	90	12199
22	24	12202
15	26	12207
24	92	12213
18	54	12222
38	76	12224
35	40	12232
9	66	12246
14	53	12246
29	38	12253
11	81	12265
38	91	12265
74	88	12265
41	63	12269
6	77	12271
38	59	12274
36	48	12277
24	32	12280
24	49	12293
24	73	12311
24	49	12312
30	54	12321
63	81	12323
0	43	12330
1	96	12331
24	25	12337
59	90	12339
65	88	12346
24	57	12348
25	86	12352
12	24	12358
38	67	12363
31	36	12377
24	25	12379
89	92	12380
81	95	12385
0	14	12398
4	14	12398
25	40	12398
60	65	12407
12	89	12409
74	79	12409
38	69	12412
48	97	12412
24	88	12414
36	99	12416
13	76	12421
1	5	12425
0	24	12426
24	44	12429
68	95	12430
11	24	12431
9	24	12436
4	58	12440
9	38	12447
15	87	12449
38	60	12450
10	38	12451
5	52	12455
44	83	12456
14	86	12461
24	73	12462
67	75	12478
24	84	12481
24	98	12485
22	24	12488
43	60	12490
40	68	12492
24	36	12499
59	91	12501
0	10	12515
25	50	12516
22	89	12517
40	53	12519
24	28	12530
12	53	12533
24	34	12537
29	61	12555
12	65	12575
25	83	12577
12	16	12582
32	63	12585
1	38	12590
24	76	12596
2	54	12598
24	30	12602
24	64	12608
42	59	12608
63	97	12616
27	38	12635
1	24	12644
9	24	12647
18	51	12649
59	70	12653
24	63	12664
24	70	12664
78	84	12668
0	78	12686
24	27	12687
24	71	12690
25	98	12690
29	42	12690
38	78	12690
9	25	12702
16	52	12707
66	71	12714
31	51	12734
18	49	12737
3	21	12740
24	60	12740
24	25	12741
28	79	12741
0	42	12745
6	38	12747
4	24	12749
7	24	12751
4	71	12755
9	87	12755
21	89	12758
1	24	12764
24	37	12769
31	38	12775
38	75	12775
82	87	12778
29	84	12779
24	38	12786
24	86	12787
60	98	12787
87	99	12789
37	67	12792
24	79	12793
25	37	12794
0	89	12802
24	38	12804
52	88	12810
38	57	12812
38	93	12812
46	81	12814
18	40	12815
0	36	12817
5	38	12823
12	24	12827
19	68	12834
42	51	12837
22	62	12838
24	75	12845
48	79	12847
24	31	12876
24	83	12877
41	75	12885
24	67	12887
76	81	12890
76	93	12894
9	62	12899
38	61	12899
12	30	12902
23	24	12918
37	38	12925
38	76	12929
3	40	12935
6	30	12936
21	42	12937
29	67	12937
7	60	12939
24	38	12942
25	44	12971
22	26	12975
38	64	12977
18	43	12980
38	91	12983
24	98	12997
38	88	12997
68	90	12999
2	24	13001
18	21	13003
44	70	13004
21	27	13006
24	45	13007
21	24	13009
57	99	13019
43	53	13023
24	93	13025
10	97	13026
24	38	13029
36	97	13029
44	99	13032
41	86	13040
0	78	13041
13	24	13045
39	65	13046
19	55	13056
24	38	13056
35	67	13057
38	63	13057
34	98	13066
16	76	13067
97	99	13077
38	78	13085
38	59	13092
3	15	13094
21	54	13098
11	62	13101
21	50	13107
22	71	13109
24	41	13109
51	81	13109
24	51	13111
24	57	13113
10	86	13120
24	38	13129
59	76	13130
24	86	13134
9	75	13138
22	56	13139
41	60	13141
66	76	13144
56	82	13149
37	88	13153
7	39	13155
10	58	13161
24	53	13165
20	28	13169
16	98	13171
42	92	13176
24	63	13177
14	60	13182
11	32	13183
24	89	13197
3	92	13198
24	67	13198
8	28	13200
24	38	13213
37	63	13214
3	38	13221
11	24	13227
10	38	13232
39	65	13238
22	24	13247
43	77	13251
79	96	13260
58	72	13261
11	15	13265
33	60	13276
29	38	13277
2	62	13278
22	78	13279
24	27	13279
38	77	13280
11	90	13284
24	96	13302
24	98	13308
22	59	13321
4	6	13324
64	83	13326
16	98	13330
22	75	13348
51	63	13356
10	25	13357
41	42	13365
2	9	13371
24	33	13374
35	58	13376
31	76	13379
14	78	13380
19	84	13386
53	72	13391
12	24	13392
47	49	13396
24	37	13399
24	35	13404
37	49	13404
0	77	13407
24	36	13407
25	76	13413
42	74	13416
24	85	13426
23	43	13427
32	79	13427
18	39	13430
51	78	13432
1	14	13436
24	77	13440
76	87	13445
19	38	13448
4	7	13451
15	24	13454
39	76	13454
41	50	13461
25	48	13468
28	31	13473
15	63	13477
25	32	13480
57	59	13519
24	98	13520
55	63	13528
9	65	13532
26	49	13532
4	71	13536
24	77	13537
24	45	13539
10	76	13542
9	40	13564
51	77	13571
22	86	13572
4	38	13586
27	62	13600
23	83	13604
53	90	13609
24	42	13610
44	74	13610
11	46	13617
72	99	13617
57	75	13618
14	72	13624
21	56	13624
25	75	13624
57	77	13631
8	23	13639
53	85	13639
24	63	13642
60	81	13654
31	40	13662
22	31	13671
22	24	13681
7	85	13683
20	76	13686
0	28	13688
38	97	13688
24	78	13695
7	91	13699
9	36	13713
24	26	13720
29	77	13722
24	38	13728
24	63	13728
44	86	13728
24	45	13733
0	60	13745
11	69	13745
43	92	13756
54	79	13756
24	43	13758
27	29	13758
65	74	13771
0	39	13778
27	79	13782
64	70	13783
84	95	13786
59	82	13792
24	38	13802
17	74	13803
60	65	13806
13	86	13811
39	49	13812
0	38	13814
88	91	13815
21	38	13823
70	94	13823
24	38	13825
10	22	13827
24	86	13831
9	38	13836
0	42	13841
14	38	13846
19	37	13847
38	82	13851
25	79	13855
45	66	13857
57	95	13858
33	63	13859
24	77	13870
60	74	13878
24	71	13880
22	76	13885
22	33	13889
15	18	13899
24	39	13899
38	95	13903
20	91	13908
7	63	13910
28	92	13917
15	56	13919
52	96	13922
36	42	13927
49	78	13935
24	25	13944
44	92	13946
24	33	13948
25	57	13949
11	25	13952
10	24	13955
39	76	13961
38	66	13970
0	42	13973
7	36	13979
24	37	14000
24	71	14001
18	25	14004
25	93	14010
38	76	14013
31	49	14017
24	65	14018
24	25	14023
24	83	14024
0	13	14026
24	31	14033
24	25	14034
32	76	14057
51	98	14059
0	24	14062
22	57	14062
65	67	14062
28	65	14074
38	48	14075
67	76	14075
2	67	14077
24	45	14079
0	24	14081
7	31	14083
24	95	14087
57	71	14088
4	24	14089
50	55	14089
59	86	14092
32	59	14093
24	58	14096
22	28	14098
3	12	14102
3	19	14106
8	68	14106
25	90	14107
0	75	14109
16	19	14120
38	43	14128
6	62	14135
62	72	14136
24	69	14142
57	59	14145
24	38	14166
24	41	14168
7	33	14171
10	60	14178
1	10	14181
24	36	14181
5	67	14186
24	78	14191
38	48	14192
62	91	14193
47	62	14197
43	76	14205
13	54	14207
7	40	14214
7	28	14217
23	24	14225
28	36	14228
22	59	14229
69	98	14233
53	57	14236
7	63	14238
25	71	14243
19	81	14248
34	38	14252
12	66	14258
24	25	14259
24	76	14259
57	78	14266
55	86	14270
31	38	14278
24	56	14280
45	85	14286
21	56	14288
24	98	14289
5	24	14298
0	27	14307
64	76	14307
24	61	14318
24	69	14321
63	81	14321
24	43	14325
24	32	14327
67	71	14331
24	39	14335
25	57	14336
24	62	14339
51	84	14344
0	31	14345
71	81	14346
24	52	14347
50	72	14354
32	73	14357
24	70	14363
28	45	14386
39	53	14389
24	98	14396
19	52	14397
11	76	14398
16	55	14399
24	77	14405
36	87	14406
22	27	14408
24	79	14408
4	12	14415
24	38	14418
7	60	14420
32	63	14423
38	86	14431
12	36	14451
14	50	14453
22	97	14455
24	29	14457
55	79	14462
69	87	14463
18	38	14472
39	41	14481
34	78	14483
2	6	14485
24	61	14487
4	38	14489
24	66	14490
43	55	14497
8	98	14498
0	88	14500
65	95	14506
38	47	14509
34	42	14521
38	86	14527
39	44	14530
22	24	14535
73	93	14538
7	43	14543
38	76	14556
3	38	14562
54	92	14563
14	84	14564
66	82	14567
9	60	14570
24	44	14570
14	99	14572
90	92	14578
26	78	14580
24	71	14582
48	77	14582
65	70	14590
21	22	14591
24	76	14592
18	38	14603
21	24	14609
24	65	14611
57	84	14612
9	34	14630
44	60	14630
24	65	14633
18	47	14649
20	24	14653
82	89	14653
58	89	14655
6	74	14662
30	39	14672
41	96	14674
63	74	14675
24	47	14678
25	60	14678
12	60	14679
28	60	14682
1	24	14683
24	79	14683
6	38	14684
78	85	14691
27	92	14694
25	58	14695
15	93	14698
24	62	14702
12	24	14708
11	71	14722
24	25	14722
6	24	14741
24	71	14741
24	38	14742
15	25	14745
59	77	14761
15	77	14763
8	26	14771
34	50	14774
45	78	14775
27	82	14777
1	7	14780
25	60	14784
27	78	14784
22	74	14786
32	41	14790
38	99	14791
67	74	14804
24	25	14807
40	48	14820
36	57	14821
50	77	14825
22	24	14826
38	64	14826
0	89	14832
19	24	14833
0	24	14835
24	51	14837
24	34	14849
24	26	14856
24	42	14857
65	76	14858
7	33	14866
52	92	14872
5	44	14887
37	63	14887
7	25	14892
5	38	14899
0	61	14902
53	89	14903
48	77	14913
7	70	14917
57	97	14918
8	63	14925
26	80	14930
26	44	14931
12	24	14955
11	92	14957
7	51	14959
24	82	14963
21	38	14969
24	29	14972
19	38	14981
42	50	14981
43	52	14984
29	67	14985
15	43	14995
0	87	14997
25	77	15000
24	84	15002
20	62	15003
25	77	15010
9	70	15014
12	24	15015
12	28	15016
15	24	15019
25	33	15019
25	89	15019
16	22	15021
10	91	15028
44	94	15031
42	59	15036
66	72	15036
9	21	15043
40	90	15047
19	60	15049
19	63	15049
24	65	15060
22	42	15061
24	33	15076
28	89	15085
35	62	15088
2	77	15093
18	28	15098
5	22	15099
38	57	15120
60	69	15136
34	61	15138
24	63	15141
78	79	15141
16	56	15147
24	38	15152
61	63	15152
24	93	15154
21	53	15158
24	25	15160
24	54	15160
73	77	15161
24	39	15164
38	89	15164
24	74	15167
21	85	15168
24	33	15170
24	67	15183
19	78	15187
38	83	15188
28	53	15191
76	88	15193
22	24	15194
25	40	15202
24	91	15204
37	44	15208
44	60	15208
24	40	15211
74	75	15214
4	63	15215
0	20	15217
19	97	15219
28	46	15222
35	57	15222
13	16	15223
52	78	15223
25	98	15229
1	77	15237
24	53	15242
24	29	15248
34	92	15251
38	95	15254
24	39	15259
22	37	15264
57	93	15266
16	60	15271
24	38	15276
3	24	15283
57	84	15289
38	73	15298
64	82	15302
5	19	15318
6	33	15325
22	94	15330
33	60	15334
7	72	15343
24	49	15348
5	24	15354
24	33	15357
60	65	15358
36	46	15360
24	60	15371
24	81	15379
9	44	15380
7	22	15391
24	78	15391
38	86	15391
21	38	15402
20	21	15410
25	76	15412
38	74	15421
24	75	15426
22	57	15445
25	45	15447
24	31	15451
18	87	15453
19	25	15455
44	98	15458
24	25	15463
1	19	15465
28	46	15470
0	58	15484
24	77	15486
2	38	15487
24	46	15491
0	64	15496
10	24	15500
21	93	15500
0	43	15501
2	62	15504
12	22	15504
36	44	15511
5	38	15514
55	58	15518
42	99	15527
15	85	15531
40	87	15536
45	92	15536
24	27	15542
8	38	15543
21	77	15545
24	74	15545
14	51	15554
42	94	15560
62	70	15561
29	46	15573
38	49	15576
17	71	15582
38	90	15582
16	77	15591
24	28	15597
24	28	15598
22	63	15602
24	57	15602
5	38	15607
13	38	15621
11	81	15632
20	91	15634
60	75	15635
63	79	15635
60	74	15638
24	57	15645
14	54	15647
17	34	15648
5	86	15652
18	19	15668
8	72	15674
0	24	15677
38	39	15683
38	74	15696
43	80	15696
38	78	15699
24	42	15703
64	96	15708
22	42	15713
22	35	15715
24	80	15723
24	60	15727
63	91	15729
24	56	15734
61	71	15737
22	25	15743
83	94	15769
63	64	15774
40	79	15790
13	25	15793
28	41	15807
4	29	15812
39	51	15828
24	38	15840
32	73	15841
5	24	15843
42	60	15852
19	72	15853
25	38	15853
38	42	15853
66	80	15856
64	68	15862
24	58	15863
18	21	15869
57	66	15871
22	50	15879
24	36	15880
24	38	15881
7	72	15887
77	96	15887
4	11	15891
0	18	15892
10	28	15897
12	88	15900
25	35	15900
22	38	15915
50	95	15920
24	57	15923
24	86	15926
54	62	15930
22	24	15932
25	87	15932
42	49	15936
31	60	15939
31	69	15941
24	78	15951
24	84	15960
4	53	15964
74	87	15966
15	17	15967
22	24	15967
1	24	15975
25	81	15979
7	19	15983
24	99	15983
45	85	15984
38	62	15987
45	84	15988
38	89	15992
48	70	16007
24	85	16008
20	95	16018
21	44	16022
44	92	16022
24	38	16033
0	59	16034
8	24	16039
0	38	16044
0	61	16044
91	97	16062
22	74	16066
35	95	16082
7	57	16089
94	95	16090
24	60	16097
7	74	16108
38	42	16109
25	46	16110
43	76	16116
6	82	16120
4	85	16132
41	98	16141
10	78	16142
24	90	16145
15	89	16148
24	43	16157
24	25	16160
22	76	16165
24	83	16166
24	91	16168
43	52	16170
29	76	16174
24	90	16175
24	81	16175
56	79	16175
24	38	16189
22	25	16191
18	38	16192
38	81	16192
73	76	16192
5	53	16203
6	87	16213
29	69	16214
25	86	16216
24	97	16218
50	57	16224
39	92	16226
34	86	16230
41	98	16230
21	68	16235
43	67	16235
20	61	16240
23	87	16246
49	92	16246
0	60	16251
24	65	16254
31	51	16255
25	95	16256
11	15	16266
16	69	16266
32	47	16268
9	84	16271
28	78	16274
38	76	16275
49	77	16276
25	50	16281
37	70	16286
39	86	16287
38	93	16297
26	74	16299
24	28	16300
81	97	16305
12	45	16307
27	37	16308
24	38	16311
38	89	16341
0	89	16342
26	85	16344
77	85	16349
24	72	16353
7	45	16354
21	24	16356
15	35	16362
24	85	16366
1	67	16369
67	72	16378
22	76	16380
13	18	16385
41	44	16387
5	38	16390
18	36	16392
7	42	16393
31	85	16407
38	76	16426
21	24	16427
39	47	16444
19	25	16450
68	79	16452
87	97	16456
60	97	16488
24	42	16493
4	24	16499
9	24	16517
60	63	16525
7	10	16531
29	46	16533
24	70	16542
5	37	16571
48	94	16575
39	42	16584
24	28	16591
24	38	16593
24	66	16602
59	86	16603
24	28	16604
24	65	16604
21	59	16615
0	60	16619
60	91	16619
0	38	16635
24	25	16639
24	77	16641
24	72	16641
24	40	16646
87	97	16648
21	92	16652
9	73	16675
24	25	16683
38	47	16684
25	63	16696
24	49	16699
74	97	16701
21	78	16702
24	95	16704
31	42	16706
4	24	16713
55	79	16717
37	38	16719
49	91	16722
22	35	16734
29	78	16749
24	76	16750
59	87	16763
40	55	16764
41	60	16764
35	84	16768
12	41	16773
22	38	16773
32	74	16778
20	95	16796
12	98	16799
76	93	16809
31	67	16810
24	82	16812
44	80	16814
15	24	16827
32	77	16833
0	45	16835
11	34	16836
53	58	16844
12	49	16849
9	24	16859
33	92	16866
9	91	16874
38	49	16874
28	87	16875
24	38	16884
41	65	16884
24	26	16885
24	53	16888
13	49	16889
24	35	16890
25	38	16904
9	75	16906
64	97	16906
47	60	16912
45	63	16932
24	80	16948
83	91	16949
32	77	16955
72	74	16964
21	49	16966
24	76	16966
28	87	16971
25	81	16977
19	24	16980
24	67	16983
5	29	16985
24	38	16988
38	84	16988
24	25	16989
53	76	16990
82	91	17004
38	76	17005
43	74	17006
68	75	17009
82	89	17011
23	80	17016
38	56	17016
57	88	17017
0	1	17018
24	64	17022
0	30	17033
1	70	17037
24	60	17037
39	64	17041
24	96	17042
9	89	17045
28	38	17045
7	74	17049
6	24	17050
3	19	17052
24	98	17053
6	84	17061
0	15	17062
6	25	17082
24	38	17082
38	91	17086
7	61	17090
57	62	17092
38	75	17095
12	42	17101
7	67	17103
58	88	17107
24	28	17112
49	56	17112
63	97	17115
38	69	17118
24	75	17121
24	38	17135
0	38	17142
38	86	17142
0	75	17143
0	24	17144
8	53	17144
24	34	17146
70	71	17151
24	44	17153
28	38	17156
39	79	17159
46	93	17160
62	76	17166
66	82	17166
73	90	17171
38	75	17183
38	87	17193
7	95	17209
82	87	17211
22	43	17212
36	50	17213
24	36	17214
42	73	17217
25	63	17224
18	82	17232
8	24	17233
84	89	17240
33	77	17242
58	88	17245
76	89	17249
38	65	17253
24	38	17255
24	71	17257
24	25	17262
4	24	17270
24	62	17270
24	64	17284
2	9	17286
12	92	17286
43	96	17289
9	35	17300
38	75	17301
2	89	17302
81	95	17304
24	89	17310
38	77	17316
22	78	17319
38	97	17319
38	50	17320
33	75	17331
38	50	17341
9	16	17345
28	92	17349
9	24	17356
67	71	17356
43	59	17365
15	24	17369
24	74	17369
1	24	17376
22	65	17376
24	38	17381
24	38	17383
24	25	17386
0	68	17387
22	24	17389
38	55	17399
24	41	17402
38	60	17403
24	59	17404
23	47	17405
74	77	17405
22	55	17406
35	83	17408
24	48	17411
25	38	17429
58	78	17432
28	38	17433
21	63	17443
24	43	17445
0	9	17448
24	38	17451
76	97	17452
25	38	17454
24	74	17458
58	62	17458
10	35	17465
22	29	17476
2	24	17478
32	44	17480
23	71	17481
22	98	17484
79	89	17487
0	81	17500
22	86	17503
12	28	17508
24	78	17516
38	85	17517
0	35	17519
39	88	17519
24	28	17520
41	50	17522
24	71	17526
24	28	17528
52	63	17537
24	43	17541
38	80	17556
24	86	17569
16	38	17572
39	47	17582
7	10	17584
16	35	17584
21	49	17584
10	90	17591
24	95	17591
37	38	17595
28	62	17602
59	96	17604
25	82	17605
24	63	17609
24	59	17615
4	29	17616
37	96	17617
38	52	17617
24	64	17620
38	74	17620
17	24	17621
24	82	17625
19	22	17631
56	60	17632
24	78	17633
25	98	17635
38	73	17636
22	57	17637
34	70	17642
21	54	17647
92	97	17649
24	61	17657
38	78	17660
59	72	17660
1	21	17667
12	24	17667
14	18	17669
28	38	17670
94	95	17674
49	88	17680
24	48	17691
32	70	17701
62	95	17705
16	75	17709
0	25	17716
78	92	17719
25	83	17720
53	76	17729
38	45	17732
4	49	17738
24	66	17742
38	68	17743
12	24	17744
71	87	17744
24	43	17746
29	37	17747
24	52	17751
29	52	17761
22	46	17768
59	98	17769
58	65	17770
24	57	17771
75	89	17775
11	24	17787
49	93	17787
21	44	17796
67	76	17798
24	60	17818
24	25	17819
22	65	17830
36	76	17833
27	74	17835
36	56	17838
68	75	17845
35	61	17846
24	81	17847
24	63	17852
38	78	17869
7	24	17872
12	38	17881
3	65	17885
7	97	17885
21	28	17886
16	38	17894
24	55	17895
36	76	17902
13	45	17909
37	45	17911
80	83	17911
21	40	17912
60	97	17921
14	43	17925
76	89	17925
28	53	17932
24	98	17946
1	63	17951
11	19	17951
1	20	17958
35	38	17958
24	28	17978
73	78	17985
9	50	18003
25	44	18013
50	65	18015
1	38	18018
24	44	18020
49	60	18024
24	49	18034
34	48	18050
38	51	18055
0	10	18056
10	24	18062
10	38	18068
39	71	18069
1	86	18071
17	98	18072
31	60	18072
21	74	18074
22	24	18084
24	28	18086
38	78	18088
24	27	18089
9	20	18098
62	89	18100
24	32	18102
10	52	18109
55	64	18110
6	59	18113
48	96	18114
24	95	18115
25	63	18118
0	50	18124
0	3	18125
1	45	18136
61	68	18143
19	57	18146
21	40	18150
24	91	18150
0	14	18157
10	54	18164
0	20	18170
22	24	18182
25	84	18185
25	74	18187
24	76	18189
81	97	18189
7	63	18191
0	20	18195
7	52	18199
9	71	18218
63	85	18227
20	38	18228
28	38	18229
29	34	18234
15	58	18238
49	55	18244
24	37	18249
71	84	18255
24	35	18257
33	57	18262
24	85	18280
24	25	18287
7	24	18296
24	35	18296
32	51	18305
17	77	18308
35	95	18308
42	47	18308
24	28	18331
74	88	18333
20	83	18338
38	45	18339
47	79	18339
60	95	18343
27	39	18351
25	65	18352
0	29	18354
21	23	18365
22	60	18374
37	67	18390
25	75	18392
28	36	18395
25	93	18396
12	21	18400
8	24	18407
53	88	18407
30	51	18408
14	38	18412
20	58	18416
19	38	18420
22	24	18420
53	67	18422
1	81	18428
21	49	18429
0	6	18434
84	89	18435
56	91	18437
12	24	18440
25	98	18441
24	42	18446
0	87	18453
24	74	18468
24	71	18475
25	63	18476
24	85	18477
43	74	18477
10	33	18479
8	24	18482
13	24	18487
24	68	18487
7	24	18490
22	51	18496
0	24	18499
22	24	18499
3	24	18510
24	38	18510
13	76	18511
80	87	18523
19	21	18526
24	35	18529
25	35	18530
28	96	18535
30	97	18537
15	24	18543
69	87	18544
24	65	18553
25	77	18566
24	63	18567
11	50	18575
42	79	18579
15	38	18585
60	67	18586
0	3	18595
48	73	18601
1	38	18603
7	24	18608
7	22	18617
65	77	18618
1	56	18619
38	78	18623
74	88	18630
24	49	18632
21	85	18641
25	98	18652
25	58	18653
14	24	18659
24	81	18660
28	48	18665
38	74	18665
38	99	18666
66	76	18676
24	56	18695
24	95	18698
12	50	18703
20	74	18703
0	86	18704
24	38	18704
68	72	18704
22	72	18710
0	19	18711
25	43	18712
48	83	18712
24	44	18724
15	71	18730
24	53	18736
67	98	18739
4	62	18740
27	28	18740
35	86	18740
64	90	18745
73	74	18748
34	45	18750
21	61	18759
8	19	18764
3	94	18767
1	49	18770
30	86	18778
36	63	18790
6	36	18791
53	63	18791
19	71	18806
41	65	18806
24	93	18811
0	22	18828
24	76	18832
72	87	18843
22	43	18845
10	76	18857
78	97	18860
60	72	18864
75	99	18865
83	92	18872
73	98	18884
24	93	18885
0	78	18890
24	58	18891
44	97	18891
63	65	18893
9	21	18894
10	30	18907
14	70	18908
86	94	18912
23	31	18913
24	86	18915
24	86	18923
28	60	18925
7	25	18926
24	55	18926
8	54	18930
49	50	18941
24	98	18943
83	92	18945
27	75	18947
78	81	18947
62	68	18951
24	61	18952
38	98	18952
22	24	18962
31	34	18972
10	24	18975
24	28	19000
14	28	19006
24	35	19012
39	76	19018
24	97	19019
24	68	19023
46	81	19024
33	85	19025
24	91	19028
44	50	19032
55	85	19041
10	85	19043
24	38	19045
60	73	19046
34	62	19054
4	83	19059
14	24	19059
23	24	19060
1	7	19062
31	38	19062
33	73	19063
24	74	19064
20	22	19073
25	58	19082
38	41	19086
24	38	19087
24	37	19092
24	46	19096
57	82	19096
64	89	19096
76	94	19100
40	67	19104
87	98	19115
20	48	19117
42	54	19121
38	48	19126
33	41	19127
16	26	19132
47	74	19132
32	66	19138
20	23	19139
1	41	19142
50	51	19142
21	61	19143
24	35	19145
0	78	19150
24	35	19152
14	22	19157
22	29	19163
7	77	19167
49	78	19177
39	97	19185
38	49	19191
75	85	19191
67	69	19192
29	64	19195
18	22	19197
12	81	19198
19	80	19201
57	66	19201
23	38	19204
24	28	19206
24	75	19206
0	53	19217
8	90	19223
28	57	19231
59	87	19232
21	30	19233
40	61	19234
24	38	19237
18	62	19238
28	44	19240
27	57	19249
12	23	19250
22	37	19256
15	53	19275
8	81	19285
13	38	19286
74	95	19287
90	97	19287
25	43	19295
38	62	19295
31	84	19296
76	82	19304
5	20	19305
24	28	19307
18	52	19310
38	79	19310
65	99	19313
22	34	19314
74	98	19319
30	47	19320
49	89	19323
4	40	19333
33	39	19334
45	99	19335
1	54	19347
22	24	19347
10	35	19349
42	83	19351
24	38	19355
0	28	19360
18	23	19368
23	38	19372
43	78	19374
0	55	19384
38	42	19386
24	60	19400
16	75	19404
21	22	19421
25	77	19424
3	22	19436
24	28	19440
32	38	19440
12	53	19452
77	86	19454
34	47	19457
5	38	19463
24	42	19475
55	81	19481
55	66	19483
10	59	19486
21	57	19487
5	30	19489
22	39	19490
2	19	19492
16	24	19504
9	36	19522
28	85	19523
4	25	19525
12	31	19530
38	59	19535
29	83	19537
45	71	19540
24	99	19543
67	74	19552
14	89	19553
24	74	19556
38	74	19556
28	76	19559
14	93	19561
38	68	19565
25	62	19566
38	48	19570
78	95	19572
82	85	19581
28	65	19585
3	30	19587
0	76	19598
6	57	19601
38	76	19602
24	56	19603
75	78	19613
24	38	19614
22	55	19618
2	24	19619
63	86	19620
31	36	19642
24	38	19646
43	87	19650
53	78	19656
33	85	19657
74	76	19664
24	38	19669
0	1	19672
27	74	19677
24	42	19683
43	60	19708
15	33	19711
2	60	19712
26	38	19712
26	47	19720
24	76	19722
26	29	19725
19	38	19727
24	50	19729
38	57	19729
0	99	19733
24	39	19737
55	90	19737
15	35	19740
47	67	19744
61	86	19745
20	71	19748
28	38	19753
76	88	19758
61	65	19760
8	25	19765
78	85	19774
22	88	19783
24	87	19787
14	57	19803
24	65	19803
22	25	19809
21	38	19819
46	88	19821
24	82	19822
24	92	19824
21	69	19826
5	38	19828
36	44	19837
24	38	19849
24	30	19849
24	28	19859
1	39	19861
42	58	19862
3	64	19865
28	74	19871
2	63	19878
13	24	19881
20	43	19882
38	65	19886
24	76	19887
24	38	19895
25	38	19902
28	63	19916
38	39	19919
24	59	19925
44	86	19931
7	12	19937
19	23	19939
25	67	19941
37	61	19944
11	58	19945
0	39	19949
42	65	19951
39	82	19954
25	97	19959
24	65	19962
38	75	19971
14	49	19991
15	94	20000
