31	57	1
44	45	1
0	71	6
29	95	10
35	82	23
44	90	24
68	71	29
12	62	34
35	71	44
19	33	57
6	60	75
26	71	78
45	96	81
40	95	88
32	51	92
42	65	97
26	73	98
26	97	110
92	96	112
19	29	117
15	42	118
36	94	131
43	60	132
29	88	135
29	71	147
29	92	149
44	89	151
2	71	165
76	85	170
31	53	173
2	62	181
3	66	181
29	41	183
21	44	184
46	59	185
64	87	195
71	88	200
78	95	209
21	62	210
29	57	213
20	85	218
49	78	219
62	97	220
47	61	226
24	57	230
59	69	233
68	71	235
56	74	236
3	67	241
24	33	245
47	63	248
29	76	250
60	61	255
35	71	258
33	46	266
71	90	266
41	44	280
34	71	283
44	90	287
44	73	287
82	85	289
53	99	294
15	29	305
36	95	306
62	91	314
49	65	315
74	75	315
6	53	320
38	47	320
44	80	321
62	87	325
41	60	330
57	95	331
48	83	339
32	82	341
62	91	343
54	86	347
39	49	359
53	87	363
56	97	363
44	60	372
2	38	375
30	69	382
57	82	389
2	87	394
49	71	410
44	96	418
36	53	428
15	83	430
4	88	437
57	71	440
6	98	443
14	95	444
9	49	449
44	73	449
45	89	451
21	43	462
19	32	488
62	77	496
76	96	496
69	76	497
62	71	502
11	81	503
9	57	513
59	62	515
7	13	517
9	74	524
62	85	533
16	86	546
24	29	551
30	44	553
12	29	556
40	86	556
52	82	561
19	82	576
10	65	583
34	47	583
44	62	585
79	84	587
29	75	595
19	60	599
2	19	600
38	62	603
8	47	614
14	71	614
29	61	619
71	79	620
29	34	624
21	52	633
37	72	636
7	43	640
28	34	641
53	62	655
11	29	669
25	33	670
42	47	673
44	62	682
2	58	690
44	61	693
60	88	695
26	51	701
2	6	711
7	8	712
13	22	713
31	60	721
21	95	742
7	32	744
46	48	763
76	89	764
15	71	765
30	94	765
70	95	771
76	88	776
25	60	778
45	60	781
2	60	787
49	90	791
22	29	811
29	85	814
52	62	814
0	74	824
56	88	826
7	82	827
7	86	837
7	81	845
27	53	849
22	60	855
19	60	856
30	89	857
44	60	859
60	77	865
13	53	866
56	72	870
79	89	872
15	50	873
42	72	873
13	97	874
75	88	876
62	91	877
66	83	878
18	44	887
52	55	896
57	68	897
60	89	903
7	44	904
65	90	904
29	47	907
16	71	908
53	62	915
55	75	915
1	49	918
71	89	922
66	73	925
7	29	927
44	62	938
2	77	939
2	25	941
69	71	945
23	55	946
24	91	948
7	80	953
16	68	953
23	60	954
6	54	957
2	65	969
44	79	971
46	95	975
51	62	981
68	95	990
71	80	992
2	82	993
5	29	1006
18	71	1009
6	98	1012
0	60	1020
2	40	1023
44	90	1031
60	71	1031
71	76	1032
48	88	1042
7	44	1048
74	84	1053
19	62	1054
50	95	1057
71	84	1066
29	44	1067
40	60	1073
0	54	1077
56	87	1087
70	95	1089
36	93	1090
40	98	1091
55	62	1091
18	29	1100
29	64	1108
29	53	1111
22	62	1112
45	99	1115
8	30	1117
44	74	1128
72	74	1132
32	45	1133
41	78	1141
3	59	1153
14	36	1153
19	60	1154
52	93	1158
76	87	1168
52	71	1172
30	35	1174
7	19	1178
44	63	1185
13	99	1190
16	76	1198
18	44	1201
44	70	1204
20	87	1213
18	53	1214
48	64	1215
2	72	1217
38	52	1249
49	96	1263
47	73	1267
29	39	1271
15	60	1273
49	62	1281
71	98	1281
2	77	1286
44	71	1286
0	55	1294
7	86	1296
25	39	1296
31	36	1303
41	78	1307
71	79	1309
4	26	1315
37	76	1315
7	86	1317
7	65	1333
52	96	1358
8	19	1371
19	60	1372
17	50	1375
42	62	1376
44	95	1380
29	57	1383
32	65	1384
77	89	1399
3	99	1406
36	89	1410
69	76	1422
11	74	1436
69	90	1437
48	99	1448
74	85	1461
10	82	1463
30	94	1471
7	94	1473
40	60	1473
30	47	1478
71	96	1480
7	30	1487
19	54	1487
65	83	1514
5	98	1515
45	60	1523
19	43	1533
29	60	1536
39	95	1536
6	99	1550
39	93	1551
57	95	1551
18	62	1554
35	44	1557
7	41	1559
12	20	1573
2	5	1576
59	60	1581
25	42	1593
79	95	1606
30	36	1618
72	74	1618
45	46	1626
44	72	1627
6	29	1636
74	89	1640
53	77	1644
80	90	1651
60	65	1653
62	92	1655
66	85	1657
10	19	1663
4	82	1676
17	48	1685
22	67	1688
72	97	1692
8	71	1693
17	80	1696
52	65	1708
60	66	1708
71	73	1709
49	73	1726
36	92	1729
11	25	1732
62	88	1734
35	62	1743
34	45	1748
56	90	1748
34	74	1750
60	95	1751
29	60	1753
7	37	1763
30	85	1763
32	95	1767
44	71	1774
71	95	1778
21	85	1783
6	91	1803
1	55	1804
89	90	1804
60	71	1807
45	98	1808
60	83	1808
38	87	1813
1	65	1817
17	62	1822
44	69	1827
52	93	1832
18	33	1834
29	56	1842
7	65	1850
14	80	1854
34	60	1861
1	10	1862
12	71	1868
16	67	1873
17	87	1880
60	71	1882
48	60	1883
16	69	1886
44	71	1902
5	52	1908
1	44	1913
2	18	1915
29	68	1915
25	92	1931
28	60	1935
68	73	1936
34	47	1937
28	72	1942
30	81	1954
7	23	1969
46	86	1974
49	58	1975
96	98	1977
36	75	1986
9	29	1996
29	64	1996
57	62	1997
28	55	2000
71	99	2000
71	82	2008
4	13	2011
39	60	2027
16	96	2031
40	71	2043
61	74	2049
41	56	2063
5	32	2067
24	95	2068
55	67	2079
56	74	2083
2	42	2084
65	95	2086
23	89	2098
10	36	2100
35	73	2108
60	66	2112
4	23	2119
71	80	2137
1	69	2142
2	77	2146
14	79	2155
62	74	2155
13	76	2159
36	72	2160
2	58	2171
60	76	2171
36	65	2173
34	76	2175
35	71	2176
29	65	2177
1	89	2181
39	96	2184
60	97	2214
89	94	2215
5	55	2219
48	62	2219
34	44	2223
66	85	2229
31	76	2236
62	76	2240
2	44	2253
57	60	2267
5	43	2270
8	71	2273
0	29	2275
4	62	2284
12	71	2285
2	85	2292
20	44	2295
7	28	2296
8	77	2298
41	71	2299
53	70	2327
67	68	2331
11	98	2347
52	95	2354
34	73	2355
82	84	2359
24	71	2360
4	18	2361
62	89	2362
82	89	2369
18	36	2374
13	62	2378
35	95	2390
29	78	2395
60	66	2397
29	65	2400
15	58	2409
2	59	2415
81	89	2423
52	62	2428
2	99	2434
27	29	2436
32	85	2441
4	62	2442
7	18	2445
79	94	2453
23	29	2462
66	73	2464
20	95	2467
7	52	2469
44	78	2476
50	52	2476
62	96	2482
65	78	2482
44	71	2499
47	91	2500
16	44	2503
7	36	2505
45	68	2517
59	98	2517
8	34	2519
28	90	2545
46	49	2546
60	84	2548
60	98	2549
29	35	2551
19	82	2570
28	90	2579
50	77	2581
89	93	2588
49	68	2592
29	35	2593
55	75	2596
2	28	2599
21	29	2601
2	86	2604
3	56	2604
44	67	2617
6	84	2622
27	53	2623
19	90	2631
14	99	2640
58	60	2649
4	85	2651
75	87	2654
71	99	2659
51	71	2672
66	96	2674
65	89	2675
44	67	2687
10	57	2688
18	29	2712
13	60	2716
10	71	2718
29	52	2721
29	59	2721
45	96	2730
14	91	2734
35	95	2739
29	36	2746
54	97	2749
7	53	2758
29	95	2758
44	71	2760
19	87	2761
44	88	2767
90	96	2773
51	69	2780
71	77	2787
37	71	2790
73	90	2806
13	28	2810
16	56	2811
20	92	2816
9	54	2818
25	60	2824
44	96	2826
16	57	2830
13	40	2833
8	52	2869
17	56	2876
5	62	2884
79	95	2884
18	89	2885
59	75	2886
77	85	2886
2	53	2891
40	71	2891
28	48	2896
29	31	2909
52	84	2914
44	48	2920
58	76	2923
75	92	2929
9	63	2936
57	92	2939
44	68	2947
53	59	2949
62	84	2958
23	31	2964
11	74	2969
93	94	2971
9	48	2974
8	88	2976
26	73	2976
49	99	2976
42	71	2982
78	89	2992
44	65	2998
60	92	3004
58	75	3013
7	62	3030
83	90	3035
1	75	3040
8	57	3046
52	84	3046
44	45	3050
8	97	3061
44	90	3061
60	87	3069
1	60	3073
35	96	3078
35	37	3086
41	71	3088
71	93	3090
1	19	3093
57	67	3095
49	60	3099
58	84	3100
60	81	3100
29	40	3101
33	86	3113
22	71	3117
5	34	3121
57	82	3136
89	99	3137
32	44	3138
18	61	3147
25	60	3151
36	52	3151
71	95	3152
51	59	3156
29	71	3163
30	76	3176
1	6	3177
11	60	3178
79	99	3187
23	80	3188
22	96	3190
80	90	3198
61	82	3205
34	49	3211
93	99	3211
21	25	3213
30	77	3218
71	93	3222
0	7	3228
71	80	3239
41	44	3244
11	36	3246
10	93	3253
2	3	3258
48	70	3259
23	65	3280
11	31	3284
6	51	3300
52	97	3310
54	95	3320
18	92	3321
74	75	3322
13	66	3329
43	86	3330
32	82	3334
42	89	3334
60	92	3337
1	83	3340
29	61	3346
5	21	3348
2	57	3357
56	78	3365
23	62	3366
29	52	3373
13	60	3375
27	47	3377
85	88	3379
44	46	3389
29	82	3390
47	92	3390
66	96	3395
40	98	3398
32	90	3405
25	53	3406
62	66	3410
66	69	3411
1	14	3415
65	73	3427
28	52	3431
49	81	3433
17	71	3439
49	88	3444
56	95	3447
70	90	3447
55	89	3464
2	83	3468
40	71	3471
22	60	3486
29	73	3489
3	71	3491
58	78	3493
29	39	3494
4	20	3501
29	95	3502
50	60	3507
1	32	3509
44	61	3510
7	89	3515
60	61	3516
62	71	3522
82	91	3522
51	60	3527
29	68	3543
27	31	3550
0	7	3555
66	76	3560
21	99	3563
9	87	3573
69	86	3575
49	55	3579
12	32	3581
63	94	3594
44	76	3603
4	7	3607
51	66	3607
51	93	3608
2	71	3610
44	97	3611
41	66	3615
39	55	3620
29	30	3622
25	29	3623
61	98	3625
75	91	3635
7	35	3636
22	62	3643
62	90	3652
40	62	3661
65	72	3661
45	87	3673
25	36	3680
34	53	3680
12	13	3681
45	74	3681
29	97	3686
75	84	3686
35	46	3688
2	7	3690
19	82	3690
4	29	3698
17	29	3712
51	82	3713
2	29	3714
57	92	3714
84	91	3716
7	75	3730
3	66	3743
2	11	3745
60	96	3756
55	69	3757
48	76	3759
75	99	3759
2	44	3762
0	71	3763
9	91	3764
26	72	3769
29	52	3770
44	74	3776
31	83	3777
69	71	3792
10	25	3795
29	92	3802
12	61	3827
28	44	3828
48	62	3828
19	29	3832
49	60	3832
19	92	3835
91	99	3838
61	88	3840
79	81	3843
50	96	3848
3	84	3860
56	89	3868
29	57	3879
29	32	3879
40	57	3881
36	38	3884
34	75	3893
22	96	3895
13	87	3903
32	44	3909
60	84	3922
33	44	3925
26	52	3930
37	79	3933
18	74	3936
26	29	3936
32	60	3939
49	79	3941
65	99	3948
75	90	3952
71	90	3954
29	66	3956
48	76	3963
71	95	3964
38	44	3967
35	72	3970
22	89	3974
4	68	3975
29	76	3975
17	44	3978
44	60	3979
0	89	3983
3	71	3987
9	62	3990
29	75	3990
49	62	3991
29	96	3992
7	17	3994
44	62	3995
23	97	4000
65	96	4002
1	32	4003
62	68	4012
63	65	4013
84	89	4016
26	44	4017
54	91	4019
4	72	4020
31	72	4026
13	71	4030
12	13	4040
44	74	4046
56	72	4061
18	96	4066
44	75	4075
48	72	4080
62	86	4081
95	96	4085
1	33	4094
4	13	4095
10	90	4095
15	25	4097
48	95	4097
18	87	4113
60	71	4118
81	95	4118
7	34	4129
23	57	4132
68	76	4133
25	60	4144
26	81	4147
5	87	4152
56	71	4152
95	96	4157
19	82	4159
17	46	4168
3	85	4171
18	96	4171
67	68	4175
26	60	4176
35	90	4182
76	92	4188
1	99	4192
40	62	4193
6	72	4204
40	96	4213
24	52	4260
63	89	4260
31	44	4265
71	75	4265
64	71	4274
8	34	4275
62	71	4281
32	75	4283
39	52	4285
61	68	4287
2	71	4292
13	80	4318
19	26	4322
67	80	4327
60	71	4334
31	59	4336
14	78	4351
38	70	4353
37	68	4358
51	71	4360
16	76	4361
19	86	4364
6	34	4368
30	69	4369
7	78	4371
62	91	4374
29	44	4381
18	85	4391
25	71	4402
5	60	4406
45	71	4407
71	86	4409
29	71	4423
29	56	4426
27	76	4433
4	7	4438
64	66	4443
0	70	4445
46	71	4448
60	62	4451
23	44	4452
1	55	4458
44	76	4463
44	95	4472
20	89	4473
62	70	4478
34	93	4509
21	40	4513
71	88	4524
29	67	4525
72	96	4527
67	68	4537
8	37	4540
24	34	4541
29	93	4543
1	78	4545
22	29	4547
19	59	4548
16	72	4576
41	96	4579
44	74	4580
47	67	4580
44	45	4603
0	97	4607
8	60	4613
2	40	4615
39	60	4623
0	38	4634
4	29	4636
1	7	4638
29	52	4650
75	92	4651
55	62	4659
49	59	4662
71	99	4663
7	44	4667
22	47	4683
49	99	4683
42	95	4684
17	96	4690
19	41	4698
21	46	4708
69	97	4711
49	73	4713
2	44	4716
69	91	4717
2	62	4721
21	90	4723
2	80	4726
61	89	4731
72	74	4743
35	60	4762
76	91	4769
22	39	4773
25	47	4779
40	66	4783
5	60	4793
7	84	4804
22	60	4811
29	40	4812
29	41	4820
29	71	4821
72	81	4821
36	62	4838
59	92	4847
52	82	4849
24	71	4851
62	95	4854
2	90	4855
44	97	4859
21	44	4880
45	77	4880
61	97	4881
31	90	4894
71	89	4896
60	63	4909
71	78	4910
47	64	4914
0	62	4921
20	56	4932
52	60	4936
29	71	4937
17	95	4946
60	69	4946
73	96	4948
7	86	4949
20	29	4949
1	3	4955
75	84	4961
47	62	4964
25	56	4970
38	74	4980
29	44	4987
16	71	4996
12	44	4999
74	75	5002
84	99	5004
8	53	5016
76	89	5019
22	29	5032
40	71	5041
74	89	5044
77	95	5046
10	73	5047
46	96	5051
47	55	5060
52	65	5062
7	77	5071
1	7	5074
4	65	5075
26	47	5087
44	58	5097
44	75	5098
35	59	5100
18	91	5105
56	59	5112
22	60	5113
7	78	5121
62	76	5121
59	70	5141
7	74	5146
7	71	5149
82	98	5151
13	29	5158
31	57	5159
60	76	5160
20	79	5162
47	53	5164
3	34	5171
57	71	5178
57	95	5188
19	90	5195
89	99	5195
50	90	5198
32	77	5199
57	71	5204
62	89	5208
63	75	5213
46	73	5215
44	49	5216
52	80	5223
44	67	5226
15	75	5228
29	76	5257
47	95	5263
72	93	5265
33	79	5275
62	92	5294
23	54	5296
25	65	5297
14	62	5304
0	50	5309
18	72	5314
54	87	5329
9	72	5332
0	76	5337
73	75	5348
44	76	5351
19	32	5358
16	53	5362
29	98	5369
65	67	5373
29	99	5376
89	95	5376
14	29	5384
62	87	5390
7	44	5395
7	29	5406
12	69	5412
74	95	5418
7	46	5430
33	71	5452
7	53	5462
16	80	5463
44	66	5470
37	44	5474
19	99	5487
45	97	5490
2	19	5497
12	62	5501
45	65	5508
89	92	5512
54	93	5518
35	52	5529
87	98	5529
14	44	5537
79	95	5538
7	79	5539
49	60	5540
44	50	5543
49	82	5544
88	95	5551
30	99	5557
83	98	5561
71	91	5564
29	60	5572
17	95	5574
14	28	5581
30	71	5582
31	99	5585
10	62	5586
83	95	5589
19	42	5618
60	89	5621
26	76	5622
1	89	5623
4	83	5627
19	23	5631
19	44	5640
71	74	5641
49	60	5646
46	52	5660
57	68	5660
66	89	5666
44	72	5672
29	44	5676
21	44	5685
40	53	5688
29	74	5695
49	59	5695
62	87	5700
95	97	5701
19	44	5711
29	80	5711
36	71	5718
44	74	5718
25	99	5722
60	61	5725
53	61	5728
8	72	5734
53	95	5736
44	60	5740
69	95	5740
66	87	5742
65	83	5754
29	68	5758
13	95	5760
8	62	5763
44	68	5777
50	60	5781
59	66	5781
1	60	5785
58	84	5806
49	62	5812
47	85	5821
0	34	5839
25	56	5842
3	95	5845
46	62	5854
53	62	5856
29	76	5858
67	77	5859
18	26	5861
29	32	5864
7	50	5865
24	96	5867
57	73	5872
29	97	5873
20	85	5888
60	95	5889
1	86	5892
57	89	5895
61	75	5895
9	79	5903
76	97	5906
39	44	5909
11	37	5928
0	75	5932
47	71	5941
88	99	5951
7	18	5952
13	40	5953
2	62	5957
34	71	5958
7	62	5959
18	91	5961
60	96	5962
7	78	5967
61	69	5969
31	94	5970
2	7	5981
41	76	5986
49	52	5999
79	98	6002
49	71	6009
49	59	6010
10	74	6013
65	80	6014
2	89	6016
21	44	6023
48	94	6029
57	63	6035
37	44	6047
1	94	6049
71	99	6054
58	90	6055
9	90	6061
5	45	6063
5	29	6068
32	83	6068
2	40	6084
53	69	6088
23	29	6090
44	70	6091
50	76	6091
9	68	6092
59	68	6092
9	89	6108
10	84	6110
22	29	6114
71	90	6114
3	39	6118
44	57	6121
54	72	6122
28	62	6125
12	29	6127
29	71	6133
42	95	6135
44	46	6147
65	96	6147
2	91	6156
8	28	6166
29	52	6166
44	71	6170
71	76	6179
60	64	6183
29	74	6188
71	91	6190
45	68	6196
11	56	6197
49	96	6197
57	71	6197
37	75	6198
59	61	6211
71	77	6214
64	74	6249
76	89	6249
55	75	6271
71	96	6271
56	62	6274
44	99	6277
44	89	6280
33	62	6281
50	77	6282
46	96	6283
29	96	6284
29	60	6285
34	69	6302
29	45	6309
69	98	6309
14	79	6312
18	72	6318
29	60	6322
62	90	6329
29	84	6334
55	57	6335
49	53	6337
76	89	6340
75	83	6342
21	29	6343
0	44	6367
75	96	6374
7	60	6375
17	25	6376
11	22	6379
16	29	6395
18	44	6401
37	62	6401
27	71	6418
15	96	6426
29	73	6429
40	60	6431
51	68	6431
6	29	6439
59	95	6441
22	72	6446
44	60	6449
90	91	6455
10	62	6457
60	62	6475
15	62	6476
21	70	6476
42	74	6476
36	55	6482
26	29	6483
17	44	6516
30	62	6518
23	60	6520
29	68	6521
36	97	6531
60	64	6537
59	91	6545
54	81	6546
37	72	6550
2	95	6552
84	98	6553
11	80	6559
65	71	6566
30	39	6567
32	84	6570
1	96	6575
23	54	6578
1	61	6592
17	23	6598
54	99	6598
2	60	6603
49	89	6604
40	95	6608
49	65	6609
26	73	6614
44	59	6619
49	84	6630
81	85	6631
29	72	6634
39	91	6634
70	71	6634
7	57	6636
8	33	6636
89	93	6636
44	76	6652
49	55	6654
91	99	6654
48	50	6663
55	89	6667
30	89	6668
50	71	6673
50	82	6674
51	58	6689
1	89	6703
49	62	6705
26	39	6713
2	32	6718
2	30	6719
19	56	6725
2	55	6729
49	60	6732
44	56	6736
15	50	6742
29	94	6742
25	60	6747
18	44	6755
44	71	6757
1	44	6763
60	89	6763
17	94	6768
7	72	6784
95	99	6784
76	99	6799
2	60	6801
52	65	6802
5	60	6804
4	79	6805
5	28	6805
28	57	6814
60	68	6825
67	96	6831
29	74	6842
58	89	6845
50	56	6850
52	72	6859
19	77	6873
12	37	6876
44	61	6886
62	64	6892
16	96	6898
13	18	6911
45	49	6917
66	67	6918
95	96	6920
38	75	6923
52	74	6926
66	87	6930
32	89	6937
22	29	6944
33	62	6947
35	62	6955
7	65	6959
3	54	6960
22	71	6964
16	57	6971
26	29	6972
52	62	6972
17	55	6981
44	68	6988
40	94	6989
89	96	6992
29	62	6995
29	96	6995
29	77	6995
35	87	6996
20	82	6997
2	74	6999
8	74	7007
44	53	7023
60	66	7023
2	29	7024
41	47	7025
1	73	7031
29	75	7032
53	87	7033
50	52	7034
75	95	7048
44	74	7084
5	60	7085
25	52	7085
33	39	7087
54	78	7100
29	61	7103
19	45	7107
58	95	7122
62	90	7127
12	89	7129
43	60	7131
44	51	7131
19	80	7141
29	59	7141
35	59	7171
7	10	7180
53	77	7184
81	95	7188
60	96	7191
26	68	7192
62	97	7195
34	76	7209
60	89	7216
29	81	7236
56	62	7237
62	95	7237
47	75	7247
44	60	7252
6	42	7259
85	89	7260
37	68	7269
44	60	7274
16	62	7280
44	77	7282
31	62	7290
43	66	7292
54	85	7295
62	71	7303
44	78	7306
34	96	7309
44	46	7318
29	54	7333
62	91	7334
0	89	7336
50	69	7340
52	63	7341
44	79	7347
18	37	7359
45	86	7365
59	87	7365
2	38	7369
90	95	7372
3	52	7376
48	86	7377
53	76	7393
50	70	7399
44	95	7405
33	59	7407
23	52	7422
57	97	7424
46	57	7427
35	76	7433
45	89	7433
31	95	7438
59	71	7443
60	89	7443
85	95	7446
5	58	7452
35	71	7452
29	60	7469
19	35	7470
39	59	7501
46	71	7503
17	92	7506
2	44	7508
11	75	7514
68	82	7517
33	71	7522
1	18	7531
35	44	7538
4	23	7542
34	42	7543
22	72	7557
7	93	7558
2	22	7565
52	92	7586
12	75	7596
23	94	7600
62	97	7613
23	51	7617
35	41	7619
34	44	7633
27	71	7642
52	89	7653
49	60	7654
12	98	7655
66	77	7659
34	65	7664
12	44	7669
53	65	7671
29	93	7672
7	29	7674
56	95	7676
28	33	7682
7	85	7683
2	62	7690
33	56	7703
10	65	7715
23	96	7719
49	61	7730
60	77	7735
69	82	7735
7	75	7739
60	62	7739
29	72	7747
62	95	7756
27	44	7758
7	33	7765
0	62	7768
54	77	7772
83	95	7774
60	88	7801
44	75	7805
29	52	7808
0	69	7818
60	96	7819
16	69	7824
1	96	7826
62	75	7827
29	50	7828
4	98	7830
7	42	7833
73	95	7835
15	39	7836
55	81	7836
22	60	7840
19	97	7847
1	7	7857
62	64	7857
48	53	7862
50	71	7865
38	89	7866
5	96	7868
86	87	7870
51	88	7874
29	76	7881
14	40	7884
50	60	7884
73	99	7890
75	88	7892
8	66	7897
27	77	7897
55	89	7897
20	95	7899
44	96	7904
63	68	7905
18	95	7909
32	62	7914
60	76	7914
23	62	7927
44	53	7927
7	72	7934
44	55	7934
73	81	7953
9	71	7957
34	67	7962
29	39	7963
1	76	7972
26	40	7978
46	71	7980
6	41	7984
50	89	7985
20	54	7989
7	16	7990
60	88	7997
40	60	7998
2	36	8000
29	96	8029
11	52	8034
51	62	8038
32	99	8046
71	77	8047
41	94	8051
12	60	8062
44	60	8063
34	40	8067
53	60	8068
18	60	8069
0	73	8070
29	71	8070
1	47	8081
56	84	8083
64	70	8099
60	96	8100
16	99	8102
32	68	8110
44	55	8111
23	79	8117
44	62	8128
4	34	8130
7	87	8131
44	47	8137
22	62	8146
29	52	8148
15	29	8149
2	40	8154
48	59	8157
7	62	8161
26	76	8166
62	71	8171
83	96	8173
21	67	8177
53	74	8188
29	60	8190
76	86	8193
32	83	8206
46	76	8206
82	89	8213
76	82	8240
13	83	8244
15	36	8247
62	89	8253
20	68	8254
23	46	8257
19	62	8265
60	70	8276
29	39	8277
28	69	8283
31	74	8284
38	89	8292
31	76	8302
44	81	8302
30	48	8310
38	62	8320
94	98	8323
60	97	8330
49	51	8337
52	97	8354
23	65	8355
62	94	8356
86	87	8359
53	76	8365
35	46	8374
10	31	8378
21	24	8387
76	78	8391
23	49	8397
26	67	8397
60	71	8399
62	96	8400
13	35	8401
36	58	8402
45	53	8402
37	96	8412
36	89	8417
60	65	8418
62	98	8432
57	89	8437
35	62	8442
1	17	8448
71	74	8463
38	95	8464
19	62	8465
19	98	8470
0	71	8471
49	96	8482
29	89	8483
20	76	8487
34	50	8488
62	68	8497
26	54	8498
19	59	8503
52	76	8504
19	71	8507
44	92	8524
29	49	8530
36	67	8531
31	62	8532
44	93	8533
59	60	8540
22	44	8544
1	56	8550
65	71	8551
2	76	8554
18	62	8554
17	44	8557
56	84	8593
40	60	8607
75	84	8607
29	76	8618
34	76	8620
13	56	8627
57	75	8634
34	88	8639
39	41	8640
35	80	8650
1	98	8651
32	89	8653
89	96	8656
15	51	8658
28	44	8658
86	91	8670
85	87	8673
10	89	8681
62	76	8684
53	62	8685
5	44	8687
20	29	8688
44	75	8691
74	89	8700
2	90	8705
2	56	8705
13	49	8710
29	88	8713
25	95	8733
29	57	8737
89	95	8737
23	33	8738
90	97	8742
41	71	8744
41	71	8745
60	71	8747
50	89	8749
44	66	8750
66	96	8754
56	61	8759
32	87	8765
21	65	8776
37	62	8777
1	96	8779
33	81	8779
56	60	8787
50	71	8789
47	90	8793
19	68	8795
62	72	8795
29	86	8801
71	82	8801
19	61	8802
26	87	8805
19	69	8811
13	66	8814
22	91	8817
23	51	8818
25	76	8834
44	89	8843
1	90	8846
29	53	8848
41	93	8854
41	83	8861
9	85	8864
30	60	8868
1	89	8875
1	44	8876
7	90	8880
11	82	8884
44	71	8890
29	60	8904
75	83	8906
5	50	8908
32	71	8911
10	99	8916
32	58	8917
66	97	8920
8	98	8936
2	65	8941
29	53	8948
26	95	8949
5	29	8952
29	88	8954
23	95	8955
46	51	8958
1	81	8960
52	71	8966
46	57	8970
6	60	8979
0	41	8981
34	43	8981
44	82	8991
29	99	9013
8	25	9015
30	52	9016
22	96	9021
28	38	9021
33	64	9034
18	88	9036
40	44	9039
68	75	9042
34	77	9051
53	60	9052
71	89	9054
0	11	9056
62	89	9064
30	77	9080
24	81	9088
38	76	9089
7	44	9107
2	37	9112
44	96	9114
71	82	9116
62	82	9117
48	87	9122
66	77	9122
5	97	9123
45	54	9131
19	87	9133
55	75	9133
46	85	9137
74	96	9148
38	72	9151
51	68	9155
2	50	9159
2	95	9162
32	39	9166
47	92	9169
53	83	9174
10	91	9184
6	29	9186
59	68	9187
62	80	9188
2	34	9189
52	60	9198
53	62	9199
12	29	9206
23	59	9212
44	89	9215
2	71	9220
33	91	9222
36	82	9227
34	75	9238
38	44	9242
9	52	9245
19	58	9253
29	45	9255
57	78	9259
60	71	9297
9	74	9304
30	83	9304
18	75	9305
23	66	9317
65	95	9318
24	53	9319
82	95	9322
24	79	9325
66	87	9336
22	57	9345
44	62	9373
50	83	9373
49	85	9375
15	75	9382
41	61	9382
29	85	9385
2	38	9393
44	48	9395
21	66	9396
1	36	9398
11	71	9406
60	89	9410
18	23	9419
49	75	9427
62	76	9431
34	49	9445
79	99	9454
53	89	9466
65	95	9467
12	45	9487
44	62	9493
29	96	9496
6	78	9497
13	71	9501
44	65	9505
6	54	9527
19	76	9540
19	76	9541
2	53	9543
62	98	9560
36	75	9564
62	66	9567
7	42	9572
74	75	9574
4	40	9580
30	44	9591
23	86	9592
22	82	9615
0	30	9621
12	68	9630
7	16	9634
37	40	9637
10	65	9645
69	72	9646
76	78	9646
65	98	9668
29	60	9669
22	96	9673
71	86	9673
90	99	9677
69	71	9680
39	68	9681
10	89	9683
0	23	9690
58	60	9695
29	96	9699
29	96	9700
2	44	9725
88	89	9728
36	41	9745
46	76	9746
11	44	9750
17	33	9750
48	97	9751
87	96	9751
64	89	9761
46	67	9782
62	94	9793
57	60	9801
2	77	9808
2	31	9816
56	62	9823
32	45	9840
60	62	9852
30	84	9855
19	88	9856
3	89	9865
29	95	9877
18	60	9878
24	56	9879
41	45	9887
20	46	9889
0	62	9899
90	94	9916
44	99	9917
60	63	9917
52	72	9918
32	57	9919
62	95	9919
51	71	9922
53	97	9923
68	85	9932
1	83	9940
44	51	9940
45	61	9947
87	98	9953
52	83	9955
11	37	9957
61	95	9966
49	71	9968
78	99	9970
62	96	9977
37	89	9990
44	57	9997
3	29	9998
56	75	10001
44	78	10005
21	55	10009
19	29	10028
21	29	10028
34	44	10049
11	23	10050
44	67	10061
53	67	10063
62	90	10066
1	44	10073
60	70	10076
29	44	10080
10	51	10088
1	71	10094
33	64	10099
2	70	10101
32	62	10103
49	87	10103
26	44	10111
37	89	10111
1	85	10112
72	85	10114
6	26	10124
36	53	10133
62	74	10133
19	40	10134
7	95	10137
54	95	10139
54	63	10140
14	65	10142
32	65	10142
57	99	10143
35	71	10148
46	66	10160
67	74	10169
43	51	10177
71	99	10177
59	88	10184
44	76	10185
45	60	10185
44	65	10188
4	22	10199
0	95	10206
7	97	10210
29	44	10212
2	60	10214
7	65	10218
28	59	10218
29	68	10218
0	29	10219
3	73	10219
49	90	10228
42	47	10229
43	57	10229
1	65	10231
3	60	10232
29	76	10238
36	68	10244
62	96	10250
44	62	10260
62	89	10265
45	80	10284
63	95	10291
34	57	10293
60	89	10298
33	36	10299
7	29	10312
45	63	10314
44	89	10315
34	55	10316
59	64	10316
31	75	10327
70	89	10327
46	99	10328
35	90	10332
38	89	10333
46	58	10335
62	96	10340
5	96	10343
29	76	10344
7	75	10353
13	29	10355
40	43	10358
50	97	10359
75	87	10359
12	26	10367
95	99	10375
62	89	10379
40	98	10382
5	27	10388
72	74	10388
94	96	10396
34	51	10399
32	95	10401
64	99	10402
46	92	10404
60	95	10405
1	89	10409
7	29	10410
62	90	10410
36	99	10412
65	96	10416
7	36	10420
62	65	10423
53	56	10424
75	95	10426
58	71	10428
71	96	10430
65	68	10432
2	73	10434
7	11	10445
2	17	10453
29	76	10455
63	87	10460
71	90	10466
29	92	10467
29	71	10471
9	60	10479
1	19	10482
2	99	10483
81	95	10484
69	95	10495
18	32	10499
71	76	10501
49	71	10514
29	74	10523
42	62	10525
62	97	10528
42	46	10532
47	66	10538
44	65	10540
30	96	10547
31	98	10547
55	62	10547
29	66	10550
48	89	10551
31	84	10552
29	59	10554
18	99	10570
40	96	10586
46	83	10587
22	97	10589
93	96	10590
17	23	10604
25	58	10607
19	99	10612
36	80	10612
82	96	10612
23	75	10621
24	65	10622
47	66	10640
81	90	10648
88	89	10662
4	44	10667
32	48	10672
14	85	10679
35	70	10681
77	89	10682
60	90	10683
29	76	10689
34	59	10692
38	62	10692
62	89	10694
31	77	10696
88	91	10701
11	40	10702
5	71	10705
80	92	10707
4	32	10709
10	19	10709
44	52	10729
44	66	10736
41	47	10753
95	97	10753
89	91	10754
6	95	10772
24	62	10781
16	60	10783
8	60	10789
44	68	10791
3	51	10800
29	61	10803
5	44	10806
17	74	10809
95	99	10809
44	47	10811
5	55	10822
63	71	10825
22	32	10826
74	91	10827
29	39	10830
44	95	10842
8	19	10844
14	23	10845
32	47	10849
86	96	10853
47	97	10858
43	50	10861
12	52	10864
18	87	10867
20	71	10867
56	89	10889
53	79	10892
35	68	10894
29	72	10904
40	90	10911
32	81	10912
29	93	10921
44	49	10929
52	61	10936
39	44	10942
59	61	10945
36	62	10964
76	88	10966
5	65	10969
53	97	10969
5	68	10991
52	95	10996
44	62	11000
49	78	11006
34	44	11011
7	65	11016
1	60	11017
27	41	11019
53	56	11024
52	97	11026
15	65	11032
1	30	11036
66	85	11048
22	57	11058
78	89	11063
34	69	11069
36	79	11072
34	81	11076
43	62	11080
44	96	11081
30	40	11092
29	41	11095
32	71	11096
71	74	11097
57	72	11113
46	50	11114
82	99	11123
29	34	11125
8	89	11127
20	90	11135
89	95	11137
76	95	11138
1	25	11139
2	71	11140
66	76	11148
12	41	11149
31	61	11170
61	83	11170
76	78	11174
29	60	11177
4	47	11179
29	62	11179
1	45	11189
85	99	11195
21	57	11197
16	99	11198
60	85	11215
90	97	11224
28	37	11229
13	57	11233
66	96	11233
9	78	11236
20	41	11243
29	58	11246
2	21	11253
21	62	11254
21	28	11288
7	64	11295
45	79	11308
71	87	11308
17	24	11311
2	29	11319
9	42	11321
44	56	11326
29	71	11333
44	71	11333
35	44	11337
41	60	11341
35	95	11343
2	71	11345
29	52	11353
2	28	11355
40	62	11367
31	92	11373
4	15	11375
22	66	11389
23	62	11400
7	86	11401
39	67	11401
23	79	11416
49	87	11417
60	64	11423
0	95	11426
35	95	11428
1	6	11431
62	90	11438
48	97	11444
31	74	11448
76	88	11448
4	7	11452
27	62	11454
33	91	11457
24	29	11458
95	99	11461
42	80	11472
31	33	11475
76	95	11491
19	44	11496
60	62	11496
23	92	11506
59	89	11507
44	46	11512
59	71	11512
8	82	11527
29	69	11527
6	44	11531
57	77	11535
50	54	11536
71	90	11540
65	69	11546
0	44	11553
15	29	11553
75	79	11554
44	60	11556
34	77	11558
44	74	11562
44	56	11571
29	45	11573
19	56	11574
26	44	11582
44	60	11589
72	89	11599
45	77	11601
34	62	11604
60	95	11606
57	76	11608
76	88	11608
9	72	11618
0	73	11619
13	28	11627
39	71	11641
69	90	11641
40	44	11645
63	98	11652
11	47	11658
57	82	11659
14	60	11662
71	91	11662
36	44	11668
71	96	11680
40	95	11686
29	58	11687
29	36	11689
74	82	11689
29	95	11693
35	73	11698
79	82	11714
17	95	11722
40	73	11743
27	75	11750
31	96	11752
1	41	11757
71	74	11774
44	80	11780
35	60	11782
4	53	11790
27	44	11790
59	69	11790
7	41	11791
13	19	11798
7	40	11801
0	60	11804
2	98	11806
29	89	11809
0	44	11810
44	95	11813
48	68	11820
31	44	11821
71	79	11829
1	52	11834
85	96	11835
7	52	11881
88	91	11885
49	71	11887
62	63	11888
75	82	11889
30	60	11897
44	67	11899
69	75	11903
66	90	11906
7	71	11915
7	49	11922
4	95	11929
40	48	11937
65	94	11943
53	73	11945
3	19	11946
67	88	11954
31	32	11955
3	95	11963
9	96	11964
60	68	11971
76	91	11972
0	44	11978
54	62	11986
6	46	11990
44	94	12002
67	85	12002
29	96	12007
71	95	12009
77	88	12010
29	42	12015
62	99	12018
60	84	12022
0	5	12027
35	95	12029
13	19	12046
7	8	12064
13	77	12069
47	99	12069
13	92	12072
0	44	12076
34	60	12081
8	62	12084
52	98	12084
14	61	12085
56	62	12086
49	60	12089
42	52	12090
62	78	12093
17	71	12097
71	79	12098
17	37	12110
2	44	12113
34	89	12117
53	87	12117
71	76	12121
34	60	12123
62	92	12128
23	98	12129
12	76	12133
71	84	12134
35	57	12138
10	71	12143
22	36	12143
31	36	12163
29	98	12167
98	99	12171
21	62	12180
4	7	12192
7	98	12194
11	46	12206
6	69	12212
75	92	12212
75	81	12212
46	62	12218
32	92	12227
19	52	12229
7	15	12240
9	71	12243
25	40	12246
7	12	12253
72	75	12254
15	29	12259
13	57	12263
0	3	12271
2	59	12282
44	52	12289
26	99	12295
0	41	12296
44	80	12296
28	44	12297
19	90	12298
49	65	12307
55	74	12307
2	17	12315
59	71	12315
54	96	12316
15	29	12328
71	76	12334
46	63	12346
97	99	12349
6	68	12351
51	56	12352
14	65	12366
47	75	12367
74	90	12370
62	88	12377
56	88	12380
61	77	12385
35	44	12391
70	84	12395
65	96	12398
89	95	12398
20	96	12404
34	89	12407
30	99	12408
44	71	12412
8	30	12417
62	89	12422
59	65	12430
29	79	12436
29	83	12448
71	94	12452
0	57	12463
46	57	12473
5	74	12477
10	12	12481
44	75	12491
83	88	12495
98	99	12498
43	44	12505
13	36	12511
50	82	12511
32	53	12523
12	87	12530
6	29	12534
32	96	12540
52	68	12555
21	88	12558
7	96	12559
25	60	12563
13	14	12567
57	76	12569
12	29	12578
44	71	12580
17	62	12583
17	40	12595
8	57	12596
9	73	12596
56	87	12607
2	96	12615
39	60	12616
5	42	12617
8	89	12624
46	77	12629
29	60	12630
74	98	12630
28	85	12636
34	89	12642
21	52	12654
12	13	12657
44	84	12659
41	71	12669
53	63	12671
53	65	12674
18	29	12675
45	62	12676
30	71	12678
50	90	12694
25	60	12705
38	52	12708
10	99	12714
12	96	12723
68	71	12727
35	44	12731
7	74	12732
11	71	12732
7	29	12738
13	34	12738
69	79	12738
44	73	12740
25	44	12744
7	73	12747
21	52	12749
23	84	12749
44	46	12750
6	31	12751
25	76	12768
69	95	12769
64	71	12772
44	55	12777
12	52	12778
7	77	12780
1	7	12781
8	70	12782
44	74	12793
34	91	12794
50	99	12794
64	65	12795
52	85	12800
74	84	12802
29	97	12808
44	76	12814
68	89	12819
44	71	12821
7	90	12824
39	84	12825
4	55	12828
40	65	12830
40	88	12830
28	60	12835
41	68	12840
44	70	12843
29	57	12846
41	52	12846
8	29	12852
96	99	12853
51	59	12857
69	97	12858
36	43	12863
13	99	12866
62	96	12872
85	90	12873
29	62	12885
66	75	12900
29	86	12904
3	71	12905
62	91	12905
44	74	12910
19	24	12915
63	95	12929
89	90	12933
7	96	12942
39	77	12944
18	26	12949
57	71	12952
89	97	12960
42	89	12968
44	79	12968
1	99	12980
44	76	12981
50	51	12994
25	44	12998
19	63	12999
16	99	13008
44	67	13008
53	81	13010
71	95	13023
36	44	13034
57	96	13036
59	90	13041
64	72	13046
7	60	13047
18	60	13050
71	73	13066
53	60	13084
44	66	13089
39	53	13095
71	96	13099
2	50	13103
4	96	13114
1	8	13130
9	44	13134
7	95	13140
57	64	13141
13	15	13143
76	77	13144
60	62	13146
37	95	13150
53	89	13159
49	71	13184
0	62	13191
47	97	13208
19	60	13209
30	44	13235
38	76	13241
60	62	13243
47	61	13244
52	91	13247
29	30	13251
62	76	13256
25	44	13258
72	94	13269
17	41	13273
10	39	13276
31	90	13276
73	95	13279
29	38	13282
2	26	13291
7	44	13294
44	81	13294
32	43	13297
65	89	13299
77	95	13305
52	94	13307
5	65	13324
32	71	13324
4	90	13330
8	76	13332
17	95	13346
27	46	13350
4	71	13351
29	61	13354
49	87	13358
57	90	13369
70	94	13372
8	80	13384
50	62	13386
49	52	13399
29	71	13402
44	63	13406
71	93	13407
1	22	13408
28	48	13410
97	99	13415
62	97	13433
65	85	13433
81	95	13436
2	5	13440
29	77	13442
29	70	13445
57	98	13451
44	45	13456
49	76	13457
53	87	13461
30	31	13467
60	67	13502
68	81	13502
2	52	13505
18	96	13513
11	63	13516
55	60	13518
18	71	13529
44	60	13530
44	49	13536
1	59	13544
44	71	13544
20	65	13557
75	95	13558
2	25	13560
9	22	13563
75	99	13567
12	74	13572
39	66	13573
6	95	13575
49	75	13575
29	62	13585
16	50	13586
38	66	13589
61	98	13589
9	99	13594
29	36	13597
65	95	13607
56	82	13617
17	73	13620
71	79	13626
28	59	13630
6	90	13634
40	97	13644
71	80	13644
40	65	13659
52	62	13664
42	55	13677
20	89	13684
64	71	13685
17	61	13691
40	65	13691
60	62	13695
54	68	13697
13	43	13701
71	86	13701
60	65	13704
36	99	13708
22	93	13719
69	99	13723
23	47	13729
44	56	13742
2	56	13744
68	96	13745
13	44	13750
53	58	13750
35	50	13753
26	63	13758
2	95	13760
7	29	13764
36	81	13772
38	99	13785
12	37	13801
52	80	13801
26	95	13807
49	71	13809
1	32	13811
19	71	13812
30	62	13815
29	31	13830
60	71	13835
29	44	13837
73	77	13848
10	15	13850
6	60	13854
7	40	13856
11	50	13856
19	86	13860
37	71	13866
44	91	13866
1	7	13870
23	90	13874
39	77	13879
73	96	13881
44	86	13884
17	60	13892
83	96	13898
45	81	13899
10	33	13900
57	99	13901
3	5	13902
46	59	13911
44	62	13913
2	29	13919
5	44	13921
35	72	13921
44	72	13921
29	77	13928
75	86	13936
7	71	13941
39	58	13949
46	60	13949
52	83	13949
68	71	13949
47	76	13959
7	93	13965
44	45	13965
4	95	13966
28	77	13971
43	60	13978
29	51	13980
44	98	13982
62	75	13986
24	55	14000
5	52	14001
25	72	14009
11	34	14011
67	80	14011
16	81	14013
39	70	14013
39	74	14017
44	82	14020
39	47	14021
6	80	14023
1	10	14028
7	13	14033
25	29	14035
36	69	14035
91	96	14045
60	96	14046
76	89	14047
9	53	14062
83	89	14065
55	90	14074
30	89	14076
12	82	14077
44	89	14085
25	95	14086
45	80	14086
19	29	14095
7	69	14110
19	57	14113
28	46	14115
36	96	14115
15	44	14120
60	75	14124
46	56	14130
19	51	14145
2	30	14149
13	89	14149
33	85	14158
29	86	14162
60	72	14162
52	94	14165
88	99	14170
21	63	14191
69	71	14199
3	71	14200
30	95	14213
7	96	14216
29	61	14217
87	89	14221
60	89	14223
19	60	14226
52	73	14226
27	45	14227
42	57	14249
29	57	14251
84	88	14258
44	88	14266
2	85	14270
56	65	14271
44	61	14297
60	68	14299
65	73	14305
18	72	14315
44	90	14334
51	66	14335
75	96	14335
47	76	14339
21	36	14341
11	71	14349
12	44	14360
23	58	14373
50	53	14380
1	40	14381
3	65	14393
44	81	14395
58	83	14404
18	29	14408
2	62	14411
2	62	14416
5	44	14416
68	95	14419
82	89	14428
74	76	14434
62	89	14443
26	89	14444
33	73	14445
33	89	14461
8	90	14464
35	44	14465
75	87	14470
44	60	14475
68	92	14480
60	85	14483
29	63	14484
36	44	14487
44	99	14491
22	60	14492
0	72	14517
7	44	14519
49	98	14519
49	52	14528
44	60	14535
63	92	14538
19	98	14541
66	96	14541
58	75	14545
2	40	14550
88	90	14553
22	90	14561
29	58	14561
71	74	14563
46	71	14576
29	67	14577
35	43	14585
8	60	14587
16	40	14588
26	76	14591
29	44	14595
25	29	14598
44	73	14598
87	88	14601
52	92	14602
57	71	14607
53	57	14610
67	71	14617
44	99	14626
44	83	14631
29	60	14637
11	71	14650
22	27	14657
39	90	14667
23	71	14673
25	81	14675
44	47	14676
49	92	14679
62	68	14680
39	44	14682
44	78	14688
52	89	14692
29	96	14702
29	62	14719
19	71	14724
36	77	14732
29	59	14733
60	84	14734
68	81	14735
37	65	14738
44	63	14748
58	71	14752
46	95	14758
56	68	14760
29	63	14773
31	66	14774
39	40	14776
8	73	14788
1	23	14791
16	35	14792
24	99	14802
17	92	14803
23	50	14809
71	89	14809
44	87	14814
9	42	14817
29	73	14817
7	60	14820
40	62	14820
12	46	14827
26	60	14831
71	72	14846
32	87	14851
65	71	14865
68	95	14865
4	96	14867
12	13	14867
74	75	14870
66	71	14878
7	60	14886
49	95	14886
74	95	14888
45	68	14890
44	53	14891
29	78	14899
26	95	14908
71	72	14912
13	76	14917
44	91	14923
23	60	14928
52	82	14929
24	44	14939
19	24	14941
94	99	14942
76	81	14953
41	44	14957
7	23	14965
10	93	14967
18	95	14967
44	45	14971
51	90	14973
13	39	14981
7	60	14982
19	96	14990
25	29	14991
2	71	14995
1	66	15002
35	53	15002
7	74	15007
14	62	15014
46	62	15014
50	72	15015
16	29	15025
17	47	15029
19	78	15029
58	74	15043
29	70	15045
15	96	15048
44	52	15059
44	87	15060
71	90	15065
34	74	15068
56	97	15068
33	85	15082
29	99	15095
19	64	15098
36	62	15114
24	60	15116
25	36	15127
10	37	15145
60	61	15147
38	62	15155
50	52	15169
76	89	15175
38	52	15181
8	66	15193
38	90	15196
60	98	15196
54	73	15208
67	72	15208
62	74	15209
44	96	15210
29	44	15211
52	91	15215
7	44	15216
75	91	15219
21	72	15226
33	40	15245
40	99	15247
81	98	15248
23	29	15264
61	68	15269
2	20	15272
60	76	15273
62	71	15279
35	42	15284
1	8	15290
63	90	15290
44	47	15295
32	65	15300
86	96	15305
34	98	15310
0	60	15314
8	52	15314
49	61	15328
29	59	15331
29	65	15336
20	40	15341
73	93	15344
20	67	15346
15	96	15348
21	70	15356
29	71	15357
19	65	15362
29	41	15371
56	60	15374
29	71	15376
60	97	15381
8	69	15382
12	34	15393
44	95	15397
68	89	15400
49	54	15402
6	90	15407
90	97	15409
7	62	15417
30	89	15418
36	89	15421
29	76	15423
51	88	15429
91	99	15429
8	49	15445
0	73	15447
12	71	15453
23	43	15454
74	96	15459
12	99	15462
54	97	15465
20	73	15467
56	60	15467
63	71	15473
33	71	15475
52	71	15478
7	44	15482
7	75	15482
29	92	15484
23	42	15493
21	89	15495
70	88	15496
29	71	15505
24	62	15514
76	95	15525
59	81	15527
42	44	15533
23	96	15543
83	89	15543
94	96	15543
64	88	15545
18	76	15554
19	95	15558
60	62	15558
13	60	15567
44	89	15570
10	44	15572
65	75	15588
60	89	15589
40	62	15595
57	97	15597
41	96	15604
27	71	15608
6	44	15609
43	81	15610
9	44	15615
32	62	15628
62	81	15632
73	76	15634
7	35	15650
44	71	15661
56	77	15664
66	80	15666
2	56	15677
23	29	15679
9	38	15685
57	91	15690
19	39	15693
95	96	15694
10	71	15698
1	75	15700
69	75	15710
50	62	15713
29	84	15718
17	26	15719
8	60	15720
37	62	15724
50	62	15725
28	71	15726
7	21	15733
84	95	15733
4	76	15737
23	29	15740
31	81	15749
22	92	15757
45	60	15775
27	60	15777
2	95	15781
23	95	15782
2	74	15787
44	76	15790
33	60	15804
91	99	15804
30	75	15809
64	66	15809
71	75	15810
0	95	15818
42	70	15826
60	74	15826
50	68	15833
60	89	15839
19	96	15842
42	62	15842
42	45	15844
25	44	15846
27	52	15849
0	35	15854
7	12	15854
38	77	15855
44	90	15864
12	96	15869
29	78	15869
35	46	15881
30	72	15883
65	89	15885
29	71	15901
88	94	15901
83	95	15904
68	75	15905
2	5	15911
34	47	15914
39	75	15919
20	92	15929
66	71	15932
89	98	15941
8	63	15949
71	87	15951
2	62	15957
33	49	15968
4	59	15973
44	60	15977
59	85	15984
9	58	15990
3	13	15996
90	95	15996
47	66	15997
9	90	16001
6	71	16002
2	27	16009
25	96	16017
1	32	16024
13	41	16046
29	46	16046
7	29	16049
44	90	16050
60	63	16056
44	86	16064
8	62	16083
58	96	16083
45	91	16093
29	30	16095
65	91	16119
8	66	16120
35	68	16125
52	65	16127
4	99	16131
62	76	16134
35	98	16140
29	85	16153
44	85	16153
65	71	16157
65	89	16157
29	42	16159
28	83	16161
13	89	16166
29	95	16170
8	44	16172
11	25	16180
60	61	16183
7	71	16188
0	6	16195
25	30	16196
29	66	16205
11	74	16209
49	61	16209
52	63	16211
40	45	16212
0	71	16218
55	87	16229
19	76	16234
44	60	16242
40	95	16244
43	77	16244
21	62	16248
44	76	16252
23	62	16256
71	95	16256
11	56	16265
31	46	16268
95	96	16269
32	40	16277
19	35	16278
40	44	16283
33	88	16294
24	38	16295
6	37	16296
7	26	16310
34	36	16310
14	29	16318
60	77	16320
14	89	16322
29	74	16329
44	84	16331
6	70	16344
76	96	16344
94	95	16347
30	43	16348
15	23	16365
62	94	16371
62	76	16372
49	62	16376
18	29	16377
45	71	16378
52	57	16382
35	62	16386
6	52	16387
21	44	16389
13	91	16391
29	65	16393
46	99	16398
57	80	16407
95	96	16411
35	57	16412
5	43	16413
57	76	16419
7	47	16420
29	95	16422
46	85	16426
73	96	16430
29	97	16436
89	94	16441
81	94	16444
39	44	16448
10	99	16454
14	60	16454
27	44	16460
60	68	16461
15	29	16474
4	8	16476
9	54	16487
23	97	16492
72	95	16492
11	65	16500
59	92	16503
18	95	16509
15	48	16513
29	52	16515
76	85	16515
1	73	16526
29	65	16526
60	84	16533
0	51	16535
58	62	16544
68	90	16566
65	95	16572
62	84	16583
2	89	16585
61	73	16586
84	91	16590
71	96	16592
29	96	16600
53	99	16603
51	99	16608
5	81	16614
0	61	16616
57	94	16617
43	67	16620
29	39	16621
39	85	16623
11	88	16625
17	49	16629
26	29	16629
1	39	16632
6	44	16638
2	56	16641
32	38	16641
53	95	16641
86	96	16642
27	85	16657
11	17	16661
46	72	16665
53	56	16670
78	99	16671
42	99	16678
40	89	16700
27	36	16701
55	67	16702
14	44	16708
43	47	16711
33	85	16714
48	65	16718
61	82	16723
9	21	16725
87	95	16726
76	77	16733
1	58	16737
23	68	16742
21	99	16749
3	71	16754
60	71	16765
29	72	16769
62	79	16770
70	93	16775
13	44	16780
21	99	16781
19	20	16784
7	60	16786
22	62	16795
34	59	16796
52	92	16796
35	53	16805
60	62	16808
44	95	16810
49	62	16820
59	60	16821
10	29	16823
6	84	16829
59	90	16836
56	76	16839
44	48	16844
44	78	16844
64	99	16848
53	99	16856
0	65	16857
1	39	16870
11	44	16870
5	89	16891
44	73	16891
21	62	16895
0	29	16901
18	62	16901
96	97	16901
20	81	16907
4	19	16912
29	60	16915
7	72	16916
29	44	16927
42	50	16940
16	21	16944
55	83	16952
53	65	16954
2	41	16966
37	60	16970
33	96	16993
29	62	17012
32	42	17016
89	97	17021
15	20	17023
27	60	17026
40	58	17028
61	72	17043
56	76	17044
57	95	17056
68	76	17089
60	75	17091
33	96	17093
62	92	17103
2	4	17108
60	71	17115
52	62	17116
34	40	17117
23	31	17119
35	58	17123
1	60	17135
7	74	17144
11	81	17144
47	60	17145
27	29	17152
15	57	17153
35	67	17158
19	96	17161
44	75	17170
29	62	17172
2	57	17175
37	71	17186
71	93	17201
35	90	17202
65	89	17204
13	75	17212
22	57	17232
47	65	17233
29	35	17235
49	66	17252
32	44	17255
50	95	17256
62	95	17258
6	97	17261
60	69	17261
44	89	17266
1	86	17267
60	66	17269
23	29	17279
62	99	17282
68	97	17287
2	73	17289
1	19	17294
7	51	17297
53	64	17304
23	29	17309
8	29	17318
16	77	17318
18	60	17320
36	98	17328
4	28	17332
29	81	17347
41	44	17355
60	88	17364
44	65	17374
50	72	17374
71	99	17374
43	65	17381
87	89	17384
19	71	17386
58	85	17393
17	41	17400
84	89	17409
7	60	17412
18	27	17414
10	36	17423
2	60	17424
44	91	17441
29	47	17446
35	81	17456
62	99	17459
53	59	17461
83	91	17463
8	66	17480
44	65	17481
37	52	17486
71	92	17488
59	95	17507
65	99	17511
18	25	17519
12	90	17523
60	70	17525
60	96	17526
44	46	17530
4	73	17556
13	40	17557
1	33	17565
3	53	17569
74	90	17569
42	95	17572
10	19	17575
22	90	17577
46	94	17577
12	13	17580
43	60	17580
30	70	17581
68	71	17584
41	85	17587
53	60	17589
29	55	17590
2	36	17591
9	75	17594
49	54	17594
60	77	17595
37	62	17597
53	71	17597
23	94	17599
1	30	17600
73	89	17600
26	94	17602
66	74	17603
48	71	17617
49	60	17618
71	90	17622
7	31	17623
6	65	17645
15	96	17646
40	46	17649
2	66	17661
55	65	17661
58	62	17670
71	76	17671
2	32	17673
3	32	17677
62	72	17680
10	81	17687
29	38	17691
44	65	17691
56	69	17692
27	86	17701
29	80	17702
20	44	17703
1	71	17705
24	40	17710
44	86	17712
60	75	17712
27	55	17716
2	89	17724
31	52	17733
38	60	17734
44	72	17734
5	53	17744
60	89	17745
71	95	17745
52	76	17752
71	89	17755
34	49	17763
5	10	17766
10	54	17766
54	65	17769
59	89	17772
2	13	17773
18	72	17774
12	29	17776
10	44	17786
7	29	17792
11	62	17802
20	99	17804
44	49	17805
32	76	17806
25	44	17811
74	78	17824
64	91	17835
14	29	17843
44	60	17854
12	89	17869
61	76	17869
52	60	17877
29	95	17880
29	71	17890
42	62	17890
4	10	17891
45	96	17903
62	99	17905
65	71	17921
4	76	17924
44	68	17926
36	93	17927
32	60	17930
45	62	17939
21	26	17943
36	44	17952
19	29	17954
75	96	17962
60	89	17965
29	47	17984
24	60	17985
60	76	17986
7	96	17991
5	44	17993
34	44	17998
35	40	18003
31	75	18004
66	67	18004
62	89	18012
25	76	18015
2	77	18020
13	22	18026
27	68	18031
2	95	18034
10	83	18043
52	60	18048
32	49	18051
56	96	18053
19	99	18079
24	37	18082
45	72	18082
38	96	18089
89	95	18093
71	75	18094
22	29	18097
1	29	18100
7	95	18122
46	85	18122
30	71	18123
35	44	18138
19	91	18139
33	50	18141
29	90	18142
1	29	18143
35	91	18144
36	44	18147
47	96	18153
65	75	18157
44	88	18162
74	97	18167
2	29	18172
45	99	18172
56	95	18178
35	81	18188
29	60	18189
62	89	18203
44	61	18208
44	90	18209
57	60	18213
60	89	18213
33	76	18214
77	95	18217
33	80	18227
32	63	18231
8	65	18236
4	76	18237
28	56	18241
71	87	18242
29	60	18246
62	67	18246
31	73	18256
21	74	18259
62	82	18261
89	90	18261
13	60	18263
47	54	18272
13	82	18273
29	45	18273
15	33	18275
5	29	18277
29	69	18295
46	60	18295
0	96	18299
69	75	18303
2	60	18314
56	60	18329
60	62	18331
33	99	18332
10	60	18342
16	65	18350
36	71	18350
40	42	18353
50	52	18353
15	44	18363
12	87	18370
45	88	18371
11	53	18379
62	68	18395
12	74	18399
24	29	18401
34	89	18415
15	47	18417
20	44	18435
84	92	18444
40	65	18448
89	92	18452
57	89	18453
53	65	18455
52	60	18456
1	93	18458
68	71	18458
29	88	18467
24	61	18469
14	29	18470
62	96	18471
88	96	18481
50	65	18500
13	69	18503
76	84	18504
6	89	18505
26	34	18508
0	87	18516
29	62	18523
41	89	18523
31	77	18538
51	53	18546
18	53	18554
89	91	18556
7	35	18567
59	71	18569
89	96	18569
3	82	18571
7	75	18571
29	58	18578
29	67	18593
2	38	18597
21	74	18598
1	52	18604
17	29	18608
62	84	18609
0	44	18613
89	96	18613
56	86	18632
29	88	18634
66	95	18639
32	67	18641
39	58	18644
43	78	18646
39	56	18657
38	55	18658
34	43	18662
52	96	18676
79	91	18677
4	68	18690
57	90	18698
59	65	18705
19	62	18707
6	29	18708
66	68	18708
37	71	18711
56	60	18713
62	77	18716
60	62	18725
70	73	18725
29	80	18730
29	71	18736
41	62	18738
20	91	18740
23	41	18741
44	61	18743
59	89	18744
7	58	18754
59	72	18758
55	96	18759
44	48	18770
23	54	18774
62	74	18776
60	84	18777
65	90	18781
40	69	18787
9	65	18810
56	75	18819
59	65	18829
51	89	18830
5	88	18833
48	95	18836
38	95	18838
72	96	18843
44	71	18844
29	35	18846
56	66	18847
49	62	18853
52	62	18854
69	85	18854
33	69	18855
32	74	18875
2	27	18882
71	95	18882
29	81	18884
7	77	18887
7	95	18891
30	32	18891
44	72	18896
42	80	18901
3	52	18908
1	60	18909
71	76	18945
29	62	18947
18	71	18949
62	96	18951
23	44	18955
64	78	18955
2	31	18960
7	51	18961
6	35	18962
44	71	18962
10	61	18965
21	74	18997
57	85	19011
2	89	19015
30	32	19020
23	81	19030
11	29	19035
5	16	19037
19	31	19037
44	71	19053
4	30	19062
12	29	19070
18	89	19073
42	60	19076
1	60	19082
30	56	19089
52	71	19090
10	29	19093
7	80	19096
76	90	19098
37	60	19103
46	57	19105
89	96	19109
23	29	19111
56	89	19111
76	89	19121
60	80	19133
13	35	19137
7	49	19141
29	34	19146
66	76	19150
32	37	19153
8	72	19155
2	25	19160
76	96	19162
47	80	19179
21	39	19180
88	92	19189
70	76	19192
60	71	19194
68	93	19195
63	77	19199
29	96	19200
29	37	19205
29	56	19213
12	96	19214
19	29	19222
65	72	19222
87	90	19222
46	95	19227
16	77	19234
34	95	19236
53	62	19236
41	89	19243
72	89	19245
19	79	19249
1	68	19255
60	76	19255
32	39	19261
56	60	19261
1	2	19262
29	70	19265
3	87	19269
23	89	19272
44	65	19276
46	74	19284
82	84	19289
73	89	19292
60	62	19295
25	39	19313
49	80	19314
57	67	19321
29	45	19331
22	40	19334
46	52	19340
29	50	19344
40	47	19344
27	29	19347
19	55	19352
63	93	19357
41	50	19358
43	90	19360
30	75	19365
10	86	19367
30	71	19368
29	63	19372
29	70	19376
7	96	19381
95	96	19383
44	96	19384
54	71	19385
71	81	19386
57	60	19391
61	80	19392
71	83	19392
29	96	19394
2	44	19398
2	40	19401
9	71	19414
58	92	19418
53	80	19422
4	9	19425
4	84	19426
56	75	19426
2	71	19427
49	99	19430
4	44	19431
29	71	19432
7	89	19434
13	45	19436
49	95	19439
32	89	19441
55	68	19446
54	64	19449
28	89	19452
44	62	19458
25	37	19466
33	57	19475
31	49	19476
56	73	19476
49	84	19477
68	71	19477
44	71	19479
29	71	19483
21	95	19485
44	62	19490
30	60	19498
46	98	19500
29	69	19501
29	50	19512
23	29	19513
19	29	19514
29	62	19516
71	89	19517
62	84	19519
65	93	19523
10	73	19524
44	60	19530
54	89	19548
56	86	19549
27	71	19555
60	89	19556
15	71	19562
20	35	19565
35	56	19567
27	48	19572
30	84	19576
46	56	19587
84	89	19604
4	32	19609
60	71	19615
12	70	19616
1	5	19618
69	82	19627
7	71	19628
19	39	19637
14	35	19644
29	54	19645
2	4	19650
4	96	19650
29	62	19660
3	62	19670
12	90	19670
62	75	19673
21	99	19675
33	75	19696
28	96	19697
3	35	19701
7	36	19704
14	57	19709
27	99	19710
33	95	19713
2	85	19718
7	70	19724
1	79	19725
60	65	19728
75	87	19730
9	28	19752
44	62	19753
35	44	19766
26	93	19773
28	62	19778
72	99	19783
48	51	19789
17	20	19796
66	72	19803
35	52	19807
29	65	19812
1	8	19850
23	30	19864
53	72	19881
44	62	19883
72	95	19887
57	76	19890
36	37	19891
60	89	19893
46	65	19900
36	68	19902
26	60	19903
42	59	19907
1	71	19918
52	86	19918
2	71	19921
7	52	19921
60	63	19924
2	36	19936
62	71	19952
85	96	19956
28	74	19957
38	71	19958
56	82	19965
44	75	19966
36	99	19973
6	34	19984
65	88	19993
29	44	19995
40	86	19998
55	98	20000
