30	40	1
31	77	9
31	58	29
77	79	50
68	94	52
7	84	65
26	36	73
30	54	83
34	54	106
18	85	113
18	82	118
13	16	124
2	84	132
66	82	141
31	46	142
34	79	146
49	84	152
25	62	155
3	77	165
10	48	165
82	91	166
6	91	169
68	84	173
0	38	176
23	29	201
26	98	218
53	81	221
11	67	228
35	56	229
45	68	234
45	55	234
82	94	240
13	68	243
32	35	250
12	82	254
48	51	264
61	71	266
78	95	283
4	54	287
11	54	291
61	65	291
7	71	292
11	30	298
44	46	299
51	92	308
58	77	313
73	81	316
31	43	321
76	79	327
11	29	329
14	76	329
57	78	330
46	54	333
29	41	337
4	49	348
20	62	353
35	57	360
26	31	368
30	72	382
60	61	389
64	66	395
8	64	399
38	87	403
19	49	404
7	60	406
1	35	412
10	91	428
6	53	429
68	86	430
33	96	436
48	49	439
88	90	445
51	70	461
54	85	464
54	86	464
22	40	475
63	70	475
88	90	480
68	78	481
7	27	486
22	44	505
52	95	510
44	46	523
30	69	527
32	44	529
29	66	544
25	46	554
30	98	555
31	68	573
54	96	575
90	94	577
62	80	578
7	57	580
55	98	584
4	75	605
17	72	610
31	68	615
31	66	616
27	97	619
44	90	634
57	86	634
7	23	635
41	79	635
23	51	648
11	34	657
69	82	661
47	67	671
34	39	685
0	47	688
2	62	688
7	59	697
50	53	703
61	90	703
60	90	704
44	82	718
29	50	730
17	90	743
20	43	747
24	98	755
7	10	759
31	68	768
33	51	771
50	76	773
68	82	783
56	91	796
31	82	798
26	87	804
28	98	807
21	22	808
5	86	809
27	31	825
6	68	829
43	44	834
51	54	835
6	90	842
55	56	846
7	86	849
28	44	853
26	80	863
50	83	866
9	49	871
1	17	878
7	88	879
29	48	889
31	62	902
13	26	904
8	19	907
21	97	915
55	84	918
71	87	922
31	80	925
3	20	926
13	81	930
13	75	930
40	80	942
36	51	950
40	77	951
71	76	960
31	82	981
7	91	985
25	84	989
10	17	990
64	71	996
82	83	1018
54	62	1026
31	38	1027
48	65	1031
42	80	1037
36	42	1040
42	71	1050
23	49	1059
21	54	1060
31	34	1071
34	48	1084
77	84	1084
48	65	1092
19	93	1093
43	58	1098
29	87	1099
51	88	1101
54	71	1110
22	51	1114
71	82	1117
30	37	1118
50	84	1126
7	12	1128
7	19	1132
75	87	1152
7	36	1154
35	43	1154
17	29	1159
23	35	1166
1	50	1175
45	66	1184
62	75	1187
19	51	1193
79	82	1194
73	87	1197
23	34	1200
25	89	1222
18	71	1232
3	51	1239
46	82	1241
19	91	1255
71	83	1261
9	49	1269
64	82	1270
19	30	1285
72	78	1288
46	86	1290
66	67	1291
7	11	1292
15	39	1295
7	58	1296
35	39	1305
2	78	1309
65	94	1310
4	51	1318
54	68	1322
10	93	1331
72	89	1333
54	57	1334
26	33	1356
43	66	1365
58	59	1365
20	30	1366
40	58	1366
19	39	1367
17	43	1371
35	82	1373
19	41	1378
29	37	1384
2	49	1392
71	81	1402
35	82	1406
33	59	1410
87	89	1412
21	35	1435
55	81	1437
3	62	1445
17	81	1451
29	74	1461
13	51	1471
30	69	1475
35	90	1475
26	86	1490
76	99	1514
28	77	1515
2	87	1521
66	82	1521
23	68	1524
30	89	1533
4	95	1534
12	62	1535
2	98	1537
54	87	1540
49	59	1541
17	31	1550
51	81	1554
4	13	1557
40	68	1560
40	93	1563
50	51	1588
27	54	1594
4	10	1600
7	86	1600
82	93	1600
26	62	1603
50	77	1605
14	92	1609
36	68	1609
30	77	1610
89	97	1612
23	54	1619
35	86	1625
51	86	1628
31	68	1629
9	82	1637
84	85	1642
71	84	1643
13	38	1645
25	52	1646
61	80	1660
19	31	1668
35	53	1669
17	36	1676
39	54	1677
7	54	1679
81	96	1679
19	59	1685
80	82	1688
20	35	1690
79	82	1690
35	97	1692
0	7	1695
35	75	1703
0	54	1708
54	66	1708
1	3	1715
54	72	1724
23	43	1733
7	54	1739
66	71	1757
7	24	1762
4	71	1766
7	68	1771
15	31	1773
30	80	1774
26	68	1775
90	93	1785
49	80	1789
13	82	1810
28	98	1811
30	35	1819
50	85	1830
10	49	1832
49	57	1840
51	60	1841
3	43	1849
31	91	1857
16	49	1860
23	33	1860
51	62	1866
7	68	1869
49	59	1869
4	60	1874
12	74	1879
49	99	1889
18	54	1897
38	61	1907
47	68	1912
7	31	1917
75	87	1919
60	84	1924
7	17	1928
7	47	1950
23	44	1954
35	81	1957
17	82	1958
68	69	1959
29	45	1964
44	66	1972
29	78	1973
37	68	1973
7	18	1974
35	54	1989
19	99	1990
49	56	1997
29	33	1999
82	83	1999
54	77	2002
4	49	2006
38	87	2009
38	57	2011
29	82	2013
59	98	2016
49	98	2020
44	85	2021
62	69	2023
35	69	2030
70	80	2049
68	80	2072
7	66	2073
49	59	2081
5	20	2084
32	54	2086
16	67	2090
1	99	2092
46	68	2092
32	78	2095
47	73	2108
7	91	2121
62	74	2122
35	43	2124
54	57	2126
36	71	2129
49	78	2129
68	99	2138
74	77	2146
23	40	2156
26	53	2162
17	38	2165
33	65	2165
6	49	2172
28	94	2173
31	55	2177
9	12	2178
37	63	2179
39	77	2188
54	58	2192
30	31	2203
1	98	2204
2	39	2208
39	46	2208
7	70	2210
3	77	2219
34	62	2219
26	71	2227
60	68	2230
54	62	2233
36	77	2244
35	78	2250
54	89	2254
10	61	2255
34	51	2255
24	57	2259
29	92	2275
54	62	2283
51	71	2284
44	51	2287
36	66	2289
36	87	2293
3	29	2296
7	51	2310
56	63	2321
84	85	2342
7	49	2353
25	50	2366
4	77	2371
35	53	2374
25	61	2377
82	83	2381
7	23	2384
23	35	2387
30	31	2392
10	40	2395
71	74	2414
27	77	2430
24	94	2433
24	30	2443
13	27	2445
7	51	2455
66	91	2458
7	51	2459
17	61	2461
5	23	2475
11	20	2485
21	33	2501
7	64	2512
5	86	2523
54	88	2523
38	40	2546
2	17	2547
2	82	2552
17	97	2552
15	44	2558
36	56	2562
36	94	2569
51	74	2570
6	87	2581
74	93	2593
21	49	2610
6	64	2613
23	93	2625
0	71	2628
54	91	2636
33	62	2644
68	96	2644
56	98	2649
13	28	2653
15	35	2659
7	40	2660
2	22	2661
2	61	2677
55	59	2680
54	88	2682
1	68	2683
54	99	2683
31	45	2684
42	68	2692
82	99	2697
42	96	2701
17	30	2703
4	82	2711
45	65	2713
45	60	2717
71	94	2730
91	92	2736
9	67	2743
35	40	2753
9	94	2757
21	44	2757
68	89	2760
54	85	2761
7	31	2769
36	53	2771
40	82	2772
45	56	2773
22	64	2778
30	54	2781
12	93	2783
13	82	2793
17	77	2796
87	97	2797
85	87	2811
3	7	2812
18	32	2820
11	46	2822
66	88	2826
33	77	2828
26	54	2835
26	72	2841
1	7	2844
56	76	2847
66	74	2847
54	71	2857
62	83	2860
92	97	2869
63	92	2876
7	55	2889
13	40	2892
4	84	2899
2	82	2904
7	36	2906
13	61	2909
28	35	2917
7	44	2919
45	87	2922
3	54	2923
38	77	2923
23	44	2929
17	19	2945
19	21	2948
6	27	2949
41	96	2952
11	28	2953
61	73	2970
29	38	2980
39	78	2986
40	47	2987
47	54	2989
73	93	2997
31	81	3007
17	51	3009
26	58	3010
66	76	3011
13	68	3014
35	50	3020
69	72	3020
17	31	3021
4	78	3024
50	83	3026
4	98	3029
52	79	3040
26	84	3041
38	50	3041
49	62	3043
16	36	3049
7	97	3057
29	62	3061
7	53	3062
12	40	3072
25	77	3073
34	81	3077
1	99	3079
0	44	3083
12	91	3086
52	77	3100
17	99	3102
18	68	3104
49	84	3105
17	54	3106
40	88	3106
50	57	3107
63	77	3107
55	68	3111
75	85	3117
42	77	3133
55	80	3137
9	49	3148
31	67	3152
40	98	3153
62	67	3154
12	92	3158
17	19	3160
33	54	3160
7	40	3162
23	26	3179
1	60	3188
70	72	3189
7	24	3192
90	95	3201
23	54	3212
51	70	3213
68	77	3215
13	37	3223
16	27	3227
4	34	3232
49	74	3236
7	70	3242
26	74	3274
51	85	3279
44	77	3288
1	23	3293
4	37	3296
8	79	3298
40	93	3300
23	82	3308
14	77	3319
4	40	3320
41	51	3333
44	87	3338
23	31	3350
39	78	3355
38	56	3356
34	68	3359
27	28	3369
17	30	3377
44	77	3380
65	77	3392
39	64	3400
27	95	3414
3	21	3417
0	2	3420
23	93	3425
48	52	3462
27	77	3465
46	59	3472
54	96	3475
46	89	3480
23	79	3484
39	97	3485
9	77	3503
14	19	3503
40	68	3513
21	66	3520
54	62	3528
29	77	3534
24	41	3543
42	76	3544
35	68	3547
39	88	3555
5	18	3560
4	97	3568
4	54	3580
9	86	3581
51	66	3594
62	65	3597
57	85	3598
48	73	3605
7	19	3606
22	41	3607
77	95	3614
19	82	3624
42	91	3624
68	86	3632
17	54	3636
55	68	3641
7	71	3643
62	74	3650
40	43	3661
23	91	3670
35	80	3672
35	98	3673
5	59	3678
1	81	3684
15	77	3692
7	27	3718
48	76	3725
4	73	3731
54	85	3741
18	87	3749
26	68	3749
4	55	3752
31	54	3753
62	83	3758
7	69	3764
17	30	3768
26	40	3774
62	75	3786
22	44	3798
54	98	3798
2	73	3801
18	37	3804
55	59	3806
82	85	3809
13	61	3810
39	97	3816
54	82	3833
47	82	3859
12	39	3861
50	82	3873
7	77	3888
7	82	3894
28	82	3897
92	98	3899
35	93	3900
45	46	3900
49	55	3901
70	99	3901
40	93	3906
17	66	3907
76	81	3908
35	77	3916
7	87	3918
17	49	3919
49	98	3921
30	37	3927
84	92	3930
32	52	3940
49	50	3942
68	76	3948
13	94	3960
30	73	3960
7	11	3962
34	78	3964
17	70	3973
7	13	3974
49	93	3974
24	77	3996
30	53	4009
17	85	4010
89	95	4012
15	92	4021
40	68	4022
7	87	4028
50	86	4030
9	52	4038
14	74	4053
2	49	4065
43	83	4065
5	11	4070
81	82	4072
24	54	4075
66	80	4083
13	29	4088
37	98	4092
54	82	4097
43	48	4100
34	57	4108
3	66	4114
43	82	4118
50	54	4125
37	68	4130
7	57	4136
13	58	4141
19	88	4142
39	77	4149
44	91	4155
16	73	4159
59	97	4163
54	77	4164
46	86	4171
17	64	4174
49	77	4176
24	58	4184
17	49	4185
19	84	4190
19	20	4201
26	34	4201
7	18	4207
13	25	4210
12	97	4218
22	88	4220
19	89	4222
45	86	4222
0	87	4226
67	82	4228
23	44	4232
19	67	4259
8	80	4264
9	44	4267
73	90	4275
3	98	4276
17	79	4276
13	43	4279
33	82	4285
83	95	4286
62	77	4292
54	91	4293
57	66	4304
2	6	4313
31	66	4322
9	31	4323
26	79	4326
74	90	4326
62	92	4328
59	68	4329
39	78	4330
7	80	4333
27	98	4338
7	77	4343
22	91	4343
51	62	4345
17	57	4349
33	34	4349
11	69	4355
31	49	4357
69	77	4392
31	37	4398
34	98	4402
71	80	4406
52	54	4407
18	57	4408
13	30	4414
16	24	4414
35	49	4420
44	83	4420
10	11	4443
16	30	4448
40	74	4451
7	77	4454
19	87	4456
20	49	4473
42	51	4476
42	85	4479
20	77	4496
31	68	4498
75	77	4501
0	23	4503
18	91	4504
52	82	4512
52	83	4515
80	90	4518
27	82	4539
38	82	4549
39	60	4555
23	78	4562
26	30	4579
7	48	4585
19	28	4585
1	99	4589
78	80	4596
30	61	4601
61	66	4602
28	41	4605
26	77	4606
34	59	4606
51	98	4619
52	60	4623
2	90	4624
7	49	4635
16	57	4648
35	95	4675
31	84	4677
49	84	4683
6	34	4692
7	44	4712
23	41	4714
12	87	4741
4	93	4747
31	51	4748
41	64	4748
12	13	4751
4	82	4752
30	83	4756
36	44	4757
24	85	4761
49	54	4764
15	43	4773
12	40	4783
2	85	4797
13	41	4802
17	61	4809
47	76	4809
59	82	4818
18	57	4820
70	82	4821
4	38	4833
15	66	4838
13	20	4840
5	7	4855
13	87	4875
32	85	4876
33	76	4877
11	90	4879
17	72	4886
25	45	4897
10	89	4904
16	77	4906
0	21	4916
12	74	4916
17	39	4937
32	57	4950
66	68	4950
48	51	4952
24	81	4975
8	45	4977
12	82	4979
18	49	4980
7	90	4995
3	68	4996
20	82	5006
19	56	5020
3	39	5030
21	54	5032
19	50	5041
46	83	5043
55	82	5047
64	98	5054
18	23	5058
77	95	5066
11	92	5070
7	84	5073
84	98	5081
77	79	5083
31	94	5085
77	82	5085
87	99	5085
11	60	5089
5	32	5098
76	92	5131
54	82	5133
30	68	5135
7	68	5136
31	43	5136
24	64	5146
35	58	5150
54	84	5155
7	51	5156
17	39	5159
68	89	5159
19	41	5161
9	40	5163
58	68	5170
38	85	5173
23	36	5185
49	72	5185
49	80	5186
18	54	5188
9	75	5189
19	53	5191
19	54	5204
46	94	5205
18	98	5208
16	19	5217
1	90	5227
1	56	5238
44	71	5238
4	90	5241
6	7	5245
26	85	5251
13	23	5257
50	97	5259
35	48	5269
53	63	5287
65	77	5289
13	72	5292
3	24	5308
34	69	5311
66	78	5311
43	93	5316
19	23	5346
7	10	5349
22	38	5350
49	68	5350
13	92	5363
13	85	5370
36	68	5380
10	85	5385
54	78	5387
29	68	5409
20	54	5413
35	68	5416
39	42	5421
26	80	5422
88	89	5445
7	54	5447
7	92	5450
27	77	5452
39	45	5452
58	61	5456
51	64	5459
39	63	5466
68	86	5481
44	68	5498
36	91	5506
51	70	5516
24	80	5519
18	61	5527
21	39	5528
30	45	5556
30	82	5562
4	38	5565
11	72	5570
12	53	5571
70	77	5571
24	40	5577
38	66	5581
12	82	5584
13	16	5586
6	54	5592
39	49	5599
10	54	5602
9	40	5605
49	70	5606
41	52	5612
40	85	5618
77	85	5628
4	30	5629
55	79	5639
7	17	5647
38	52	5653
17	47	5655
26	94	5662
40	77	5665
71	93	5665
23	89	5670
53	62	5695
3	80	5696
23	30	5696
22	26	5697
25	68	5698
19	49	5724
76	89	5729
63	74	5730
3	56	5733
4	56	5740
54	77	5746
17	56	5758
7	43	5761
37	58	5765
35	74	5771
13	27	5777
54	92	5806
27	87	5808
64	81	5825
18	99	5830
3	20	5836
17	81	5844
23	85	5844
26	45	5854
18	77	5855
6	96	5857
10	68	5857
19	61	5861
18	82	5864
8	76	5874
35	63	5882
28	59	5889
51	62	5907
38	60	5909
29	54	5912
62	68	5917
36	94	5920
21	54	5940
35	40	5940
40	47	5945
4	84	5959
4	49	5967
35	97	5967
39	54	5983
78	98	5984
1	62	5991
4	60	5993
28	62	5994
54	86	6000
28	54	6009
51	91	6011
15	80	6014
9	72	6018
19	25	6026
79	80	6029
66	79	6041
55	97	6044
36	88	6054
24	38	6066
14	44	6072
30	62	6076
43	73	6078
24	48	6082
30	79	6106
52	82	6119
74	77	6121
7	31	6123
7	30	6123
54	91	6128
83	84	6128
30	89	6137
67	76	6146
49	70	6159
2	31	6170
7	31	6175
54	56	6175
22	96	6178
7	99	6181
54	80	6187
0	68	6193
26	79	6204
36	71	6211
31	68	6217
39	78	6227
78	92	6236
17	26	6239
31	66	6242
3	77	6246
19	64	6246
38	57	6254
4	60	6275
16	54	6275
43	68	6276
23	99	6277
62	71	6279
50	66	6280
48	51	6286
33	79	6291
4	58	6293
19	68	6306
2	7	6311
49	78	6314
29	80	6325
17	54	6327
40	99	6329
49	77	6338
7	11	6341
61	69	6343
40	53	6345
6	57	6351
29	50	6354
10	19	6357
42	68	6362
0	79	6368
13	79	6371
82	94	6372
20	87	6374
61	90	6375
4	20	6376
80	87	6378
29	57	6383
35	51	6398
39	71	6401
20	28	6402
75	83	6404
29	46	6407
30	51	6411
72	74	6412
22	29	6429
30	50	6434
1	13	6452
30	57	6458
57	89	6462
35	97	6471
23	64	6473
61	87	6474
21	49	6485
9	87	6486
13	34	6489
7	11	6491
54	76	6491
4	49	6509
49	78	6509
21	77	6511
9	40	6521
7	31	6523
43	61	6526
25	78	6532
31	49	6532
59	92	6532
2	61	6538
66	95	6547
59	92	6548
81	99	6550
51	68	6559
26	28	6561
7	91	6570
54	99	6574
79	98	6575
11	69	6577
57	72	6577
30	74	6581
32	39	6582
14	27	6597
76	83	6600
7	94	6602
8	72	6613
56	89	6626
49	51	6636
21	45	6637
12	75	6642
35	89	6646
30	31	6647
3	54	6653
60	63	6653
45	69	6658
45	47	6662
7	68	6668
59	67	6671
13	85	6678
82	89	6687
13	98	6692
16	72	6694
10	44	6695
70	96	6695
61	67	6697
44	76	6699
23	68	6703
40	66	6704
5	31	6709
38	63	6712
30	54	6715
54	82	6716
26	82	6721
4	23	6731
20	54	6747
6	63	6753
4	41	6762
23	79	6768
27	38	6774
66	77	6779
17	50	6784
31	98	6784
54	75	6789
13	87	6794
55	87	6795
10	49	6797
39	40	6801
7	79	6802
33	40	6806
43	51	6806
30	34	6807
60	67	6811
15	60	6824
19	67	6832
41	67	6845
40	95	6851
13	35	6862
53	91	6866
7	13	6880
20	21	6895
66	90	6909
2	82	6918
31	32	6922
4	30	6935
77	79	6935
32	82	6938
5	57	6942
4	41	6961
7	98	6975
1	80	6982
7	50	6989
35	40	6996
32	82	7000
85	90	7001
3	6	7009
16	78	7015
18	22	7024
68	84	7024
54	80	7025
68	93	7041
67	98	7045
0	71	7046
42	61	7051
59	99	7057
2	60	7069
7	95	7072
58	83	7076
61	69	7081
33	71	7094
18	88	7098
23	97	7098
57	82	7103
19	56	7114
4	33	7118
0	49	7138
8	11	7146
30	89	7146
17	95	7147
49	77	7149
16	29	7153
57	58	7166
2	77	7167
27	45	7174
10	61	7182
19	81	7198
66	68	7202
7	62	7206
6	77	7221
22	40	7228
59	90	7230
30	50	7235
17	30	7236
26	47	7236
54	89	7241
10	61	7253
77	92	7253
60	77	7261
60	95	7264
9	82	7270
4	66	7279
51	89	7281
31	54	7282
23	24	7290
1	80	7303
54	56	7320
7	99	7332
23	39	7333
80	98	7335
19	35	7348
44	67	7352
29	73	7356
17	79	7365
71	84	7369
40	97	7373
9	77	7376
6	12	7379
22	56	7388
25	70	7390
17	87	7406
7	27	7410
16	35	7410
16	27	7410
6	18	7416
35	74	7429
7	68	7435
47	86	7438
21	35	7469
35	66	7471
26	85	7478
1	3	7485
11	62	7500
29	52	7503
67	88	7511
19	79	7523
23	40	7527
73	82	7531
26	58	7539
58	90	7541
66	95	7557
31	37	7561
18	61	7566
31	55	7570
4	6	7582
20	49	7582
4	40	7583
84	88	7585
23	96	7588
36	92	7593
49	50	7597
21	30	7599
20	77	7619
54	66	7621
7	75	7630
7	83	7631
36	80	7643
7	68	7648
40	56	7650
39	59	7655
33	54	7658
29	89	7660
0	54	7674
35	78	7675
25	71	7694
54	68	7724
35	37	7729
5	40	7732
28	34	7733
2	7	7743
68	91	7745
35	46	7758
11	65	7770
6	24	7773
16	51	7773
20	26	7774
35	64	7774
55	59	7782
32	76	7784
13	55	7791
36	63	7792
76	93	7795
61	95	7802
44	68	7803
42	81	7804
62	82	7809
5	7	7812
12	19	7816
27	92	7817
60	65	7823
56	79	7833
62	96	7840
51	93	7847
39	44	7857
7	70	7859
46	95	7872
44	63	7881
21	36	7886
61	77	7891
32	93	7894
7	54	7898
45	77	7901
4	9	7904
64	79	7909
7	87	7922
26	43	7924
33	54	7924
23	63	7931
49	69	7932
32	77	7956
38	95	7956
3	21	7958
76	78	7960
12	68	7970
35	46	7974
41	71	7984
73	77	7996
9	68	8002
20	82	8003
20	82	8017
54	59	8023
2	31	8026
40	68	8033
19	29	8041
26	62	8055
44	50	8060
3	31	8068
29	30	8075
11	56	8076
54	61	8084
6	34	8087
20	94	8095
33	55	8095
20	49	8102
17	79	8103
5	71	8104
23	87	8112
7	82	8115
40	57	8119
82	90	8127
39	95	8131
20	61	8133
23	88	8133
31	71	8134
35	94	8147
4	36	8153
2	56	8167
23	62	8206
73	82	8220
48	80	8221
40	82	8223
4	35	8230
7	51	8231
68	82	8235
2	40	8246
19	61	8250
12	85	8251
23	49	8253
12	68	8257
23	77	8258
36	68	8262
17	71	8268
68	82	8270
24	40	8274
53	57	8275
77	99	8276
55	57	8288
80	89	8291
7	74	8292
34	36	8296
7	14	8297
32	34	8312
54	68	8333
79	84	8335
62	79	8338
10	82	8339
71	81	8342
58	61	8348
82	90	8354
38	66	8355
18	82	8373
44	99	8383
20	82	8384
3	87	8399
7	20	8405
29	62	8406
24	47	8411
1	29	8414
35	44	8420
20	43	8421
34	35	8428
7	16	8453
39	68	8453
7	44	8457
21	85	8459
57	93	8461
21	36	8463
17	22	8464
7	75	8470
49	54	8472
18	28	8473
57	79	8476
17	58	8477
44	78	8480
45	71	8488
33	43	8489
17	32	8495
30	56	8496
16	79	8499
40	68	8511
1	95	8512
40	68	8516
26	31	8518
25	68	8520
68	70	8523
30	82	8524
19	54	8526
46	71	8527
57	71	8531
4	17	8544
23	45	8545
53	98	8548
31	46	8568
9	43	8570
23	59	8575
26	40	8577
29	48	8584
31	53	8587
20	23	8597
2	29	8599
15	82	8604
31	58	8608
16	51	8617
35	59	8618
23	97	8641
13	95	8643
17	18	8649
62	82	8655
53	78	8657
40	84	8659
7	32	8660
54	68	8669
38	39	8678
31	75	8679
40	68	8682
41	51	8691
7	41	8692
33	44	8695
20	85	8711
77	92	8715
73	82	8724
49	85	8725
34	46	8730
48	87	8731
70	99	8737
34	68	8741
3	53	8744
32	77	8753
7	77	8755
82	91	8755
69	78	8758
16	94	8769
27	89	8769
85	91	8771
1	8	8793
68	89	8795
47	89	8801
34	64	8804
13	35	8806
20	90	8806
69	81	8834
12	58	8845
35	52	8848
58	98	8849
30	43	8854
1	54	8861
23	40	8864
7	74	8873
54	75	8881
51	68	8884
58	76	8886
26	71	8889
34	79	8889
7	9	8896
17	65	8898
31	89	8898
4	93	8899
49	68	8913
54	72	8914
18	82	8917
34	82	8917
9	69	8919
32	43	8923
79	80	8923
18	68	8925
79	81	8926
23	93	8931
36	79	8932
31	34	8940
55	82	8941
39	71	8945
17	80	8956
31	38	8960
19	62	8969
49	55	8969
10	58	8982
5	80	8984
68	79	8989
35	72	9003
7	54	9028
6	72	9031
61	97	9036
37	64	9037
16	99	9040
20	88	9040
19	33	9052
26	73	9064
2	56	9067
5	22	9076
34	68	9077
50	51	9081
17	54	9083
46	73	9087
17	55	9092
54	62	9094
11	91	9119
2	77	9126
16	23	9127
1	17	9135
32	37	9145
4	55	9153
16	77	9157
30	66	9174
7	12	9175
27	51	9177
35	36	9181
10	66	9184
26	56	9185
20	71	9193
51	54	9194
3	44	9199
4	8	9216
7	63	9220
64	71	9220
85	99	9222
0	23	9224
8	83	9224
19	92	9228
19	51	9244
70	82	9244
14	98	9250
35	90	9251
0	18	9256
54	62	9259
7	51	9264
49	65	9274
4	49	9281
71	89	9284
41	85	9286
21	95	9299
7	53	9303
17	77	9305
8	74	9309
3	23	9310
34	56	9341
51	92	9341
32	87	9362
39	89	9366
4	98	9377
47	82	9385
49	68	9387
38	52	9392
69	99	9396
33	93	9397
67	75	9397
21	79	9402
7	68	9405
30	76	9408
37	87	9411
7	96	9417
71	82	9421
41	70	9442
57	63	9442
28	62	9481
21	42	9484
54	77	9488
31	49	9489
67	96	9511
31	62	9519
11	13	9524
7	30	9525
17	21	9535
31	98	9537
17	23	9545
11	69	9550
52	80	9552
29	75	9557
7	86	9561
1	89	9567
0	26	9573
7	77	9573
35	68	9582
31	51	9586
35	42	9589
59	69	9599
59	74	9600
2	82	9608
16	69	9611
64	82	9617
28	65	9619
2	50	9641
40	68	9647
68	77	9647
29	78	9648
0	98	9649
4	13	9653
44	74	9656
43	71	9663
70	77	9664
16	58	9666
1	26	9670
7	24	9671
10	35	9673
32	74	9680
23	31	9695
7	98	9699
23	34	9705
19	94	9706
11	87	9718
18	35	9720
30	58	9728
15	78	9734
46	49	9742
44	62	9761
33	91	9763
19	57	9772
51	82	9775
27	68	9786
71	77	9793
5	49	9794
27	68	9808
61	73	9809
68	77	9811
38	39	9815
29	56	9819
28	75	9833
58	59	9846
7	77	9863
68	70	9865
21	75	9869
17	57	9870
37	68	9876
54	66	9879
16	72	9883
73	74	9889
17	82	9890
0	7	9895
30	41	9898
10	71	9900
17	93	9902
16	66	9903
26	95	9903
44	59	9905
34	55	9911
5	46	9915
4	23	9927
40	86	9930
49	57	9936
14	17	9938
54	72	9941
47	54	9947
42	59	9951
26	83	9952
44	98	9953
81	82	9965
55	82	9998
73	78	10006
4	64	10013
7	54	10022
60	87	10035
13	21	10039
50	57	10042
19	39	10052
11	77	10055
19	54	10055
0	3	10077
43	70	10081
51	82	10083
31	77	10085
12	13	10091
68	88	10092
19	36	10097
19	38	10098
26	50	10101
0	71	10102
22	85	10110
9	83	10112
76	80	10115
11	65	10124
23	29	10127
27	51	10130
39	80	10131
82	95	10131
0	70	10138
26	77	10140
14	54	10144
38	81	10145
38	80	10153
28	60	10159
43	92	10164
49	56	10171
30	81	10175
31	40	10176
45	62	10184
8	87	10185
35	64	10189
62	87	10210
44	66	10211
24	75	10213
23	68	10216
2	54	10217
26	54	10219
49	89	10220
17	59	10226
92	98	10235
24	72	10245
23	30	10250
39	74	10253
19	30	10258
26	64	10258
19	35	10263
92	96	10281
47	50	10283
39	82	10287
7	96	10295
73	87	10300
32	68	10303
16	92	10330
27	68	10331
35	56	10339
77	96	10347
21	82	10355
4	73	10362
23	27	10362
17	38	10372
40	89	10373
26	50	10379
14	83	10380
13	80	10385
7	88	10386
31	95	10387
64	87	10387
5	36	10399
27	91	10401
4	47	10402
17	51	10404
7	57	10407
16	77	10407
13	34	10412
39	84	10414
15	75	10417
27	46	10429
54	75	10432
27	87	10433
44	82	10434
20	77	10435
31	43	10452
48	54	10472
7	59	10485
7	44	10497
85	93	10500
52	92	10505
7	28	10514
62	85	10516
54	94	10520
78	89	10529
49	51	10537
38	91	10547
1	8	10556
19	57	10584
30	76	10592
32	44	10593
35	56	10594
78	80	10599
7	52	10601
17	20	10603
51	53	10605
52	79	10605
81	82	10606
80	89	10609
35	83	10613
3	21	10618
26	68	10630
19	35	10631
54	80	10636
15	43	10638
22	85	10642
6	55	10643
78	82	10649
7	30	10659
15	18	10659
82	87	10663
20	54	10669
31	56	10675
34	56	10678
59	79	10685
8	91	10688
25	80	10695
26	31	10709
59	71	10712
56	68	10713
30	31	10736
9	22	10740
11	68	10744
80	82	10754
35	44	10755
0	7	10761
18	47	10761
48	93	10764
7	56	10768
27	72	10769
7	35	10770
79	83	10782
2	25	10784
55	61	10791
8	73	10796
6	93	10799
7	80	10808
19	91	10812
71	76	10823
73	80	10828
32	49	10836
50	54	10844
38	60	10849
42	54	10849
0	88	10853
35	55	10865
33	62	10867
0	45	10883
62	98	10883
59	62	10890
7	78	10893
4	54	10897
23	77	10897
7	82	10901
45	51	10904
36	81	10909
52	83	10914
53	56	10914
0	82	10916
7	83	10923
20	27	10929
51	60	10939
50	54	10940
12	45	10952
22	54	10954
49	73	10960
0	80	10968
67	80	10979
25	92	10985
8	79	10986
34	41	10987
29	82	10998
5	17	11000
17	79	11024
13	91	11031
76	79	11031
5	7	11042
40	79	11051
17	68	11063
60	76	11066
5	98	11079
54	62	11080
35	46	11083
7	54	11085
71	79	11086
1	68	11096
14	54	11101
77	82	11101
11	53	11102
8	16	11104
30	99	11106
2	44	11115
10	50	11117
68	98	11131
12	77	11135
60	80	11142
55	82	11153
7	90	11165
55	72	11170
67	76	11180
2	97	11181
53	82	11186
2	57	11188
7	13	11197
7	43	11204
6	45	11216
36	70	11224
44	53	11227
26	89	11234
41	72	11236
57	77	11239
48	94	11252
1	53	11253
3	61	11253
81	90	11255
8	21	11259
6	50	11261
54	68	11265
6	40	11266
24	86	11280
56	77	11283
46	94	11288
49	85	11296
44	77	11298
78	98	11315
8	91	11317
9	91	11328
0	43	11334
40	42	11338
35	88	11341
43	74	11345
35	85	11361
3	7	11364
69	89	11367
4	25	11371
45	94	11371
27	29	11372
28	90	11376
1	30	11388
8	69	11388
68	97	11395
54	84	11402
4	79	11408
17	90	11412
72	83	11413
19	87	11415
46	56	11415
12	31	11419
59	82	11424
49	79	11430
79	82	11436
35	46	11439
54	60	11441
31	45	11446
38	97	11447
35	36	11451
10	44	11457
82	84	11470
3	22	11473
68	87	11477
59	69	11482
7	73	11488
68	81	11498
54	82	11507
45	54	11509
36	75	11510
35	77	11516
61	68	11520
8	78	11524
10	49	11527
68	95	11528
4	11	11539
3	68	11546
34	49	11551
48	85	11558
68	69	11566
71	98	11579
49	62	11585
80	83	11594
44	94	11595
35	61	11598
1	14	11609
27	68	11611
23	82	11612
1	84	11624
12	82	11627
24	51	11628
40	74	11632
7	87	11635
7	66	11636
38	60	11646
23	85	11649
10	92	11653
10	41	11653
7	36	11654
9	73	11662
11	18	11664
9	15	11665
35	93	11669
7	35	11677
41	48	11706
51	60	11717
19	20	11726
7	62	11730
69	94	11731
44	49	11732
11	25	11740
5	81	11773
68	81	11777
49	82	11783
69	77	11785
79	97	11786
1	60	11794
6	25	11801
1	19	11806
2	31	11831
5	55	11839
36	68	11840
33	34	11844
1	96	11848
2	76	11849
22	73	11857
81	93	11857
49	72	11860
4	11	11861
6	19	11861
36	53	11862
22	23	11863
54	77	11866
49	82	11870
15	77	11871
59	92	11879
32	98	11880
52	58	11880
82	89	11886
6	62	11891
10	54	11895
17	77	11896
44	79	11900
24	31	11901
56	80	11903
17	54	11905
23	72	11909
44	81	11910
20	58	11921
26	98	11921
34	68	11923
19	68	11929
52	68	11931
1	63	11940
2	68	11949
17	54	11950
77	87	11952
7	17	11953
45	89	11954
59	89	11958
7	74	11962
32	79	11972
50	81	11981
4	53	11982
54	94	11992
38	90	11996
39	43	11996
4	54	12001
79	88	12001
27	82	12006
23	27	12009
10	37	12028
61	91	12031
32	72	12044
15	31	12046
40	97	12051
31	95	12060
36	78	12060
18	49	12063
0	15	12068
35	99	12070
43	73	12078
58	77	12081
36	44	12082
54	66	12095
68	83	12095
16	86	12096
35	64	12108
23	30	12116
62	68	12118
49	52	12125
68	78	12136
8	77	12139
46	85	12147
77	82	12151
35	53	12155
51	78	12157
11	77	12160
0	46	12162
4	21	12165
40	98	12169
4	85	12176
31	98	12176
31	42	12179
40	62	12192
13	37	12195
34	89	12198
18	94	12205
62	97	12205
68	70	12209
77	86	12220
48	96	12224
19	66	12225
7	76	12230
19	46	12233
78	84	12234
23	54	12238
17	54	12240
7	40	12255
54	82	12260
12	91	12271
77	86	12280
61	68	12309
51	73	12323
17	79	12334
35	80	12335
14	40	12337
52	54	12337
61	67	12337
30	67	12346
23	87	12349
35	64	12350
11	38	12353
2	7	12356
4	15	12356
49	83	12359
2	9	12361
6	34	12361
40	57	12367
31	37	12380
51	62	12381
14	33	12388
17	51	12391
38	65	12393
14	44	12399
7	55	12407
41	52	12407
40	67	12421
31	67	12433
11	62	12434
68	95	12443
37	43	12445
0	5	12450
31	79	12450
38	85	12474
26	49	12487
23	35	12499
7	41	12503
34	36	12506
7	52	12509
17	31	12513
2	82	12516
39	75	12517
22	65	12518
57	63	12524
60	70	12535
41	44	12537
17	78	12539
28	35	12539
54	66	12539
4	97	12541
36	62	12541
19	28	12545
35	89	12556
56	63	12561
31	58	12570
9	17	12578
51	64	12580
28	54	12581
16	82	12584
26	56	12587
23	82	12588
30	43	12594
52	53	12597
16	51	12599
36	79	12608
19	54	12610
26	31	12614
27	96	12617
40	89	12617
45	66	12629
5	71	12644
26	94	12672
31	73	12672
48	62	12682
16	75	12683
27	74	12686
53	79	12694
37	54	12708
35	43	12737
11	99	12742
5	70	12747
14	36	12747
30	77	12751
54	94	12751
30	59	12763
12	26	12765
7	50	12769
11	17	12775
63	79	12778
90	91	12778
22	79	12779
77	80	12785
13	54	12790
47	82	12790
7	24	12799
37	68	12801
17	46	12811
65	89	12811
18	82	12815
7	34	12817
68	91	12819
59	68	12825
49	77	12829
7	44	12836
0	57	12841
6	39	12845
30	61	12849
44	65	12857
2	71	12860
40	68	12864
23	45	12875
56	95	12883
68	70	12896
61	84	12897
7	43	12918
42	92	12927
37	39	12931
1	56	12937
18	39	12940
77	89	12944
11	44	12946
12	82	12965
18	54	12966
10	74	12969
58	83	12973
4	82	12975
16	49	12978
27	82	12986
12	79	12997
7	55	13000
30	85	13013
21	37	13015
7	35	13022
12	68	13022
31	60	13028
25	53	13039
8	67	13042
92	98	13043
33	45	13053
68	85	13055
31	50	13069
4	91	13072
35	51	13073
30	70	13078
9	30	13095
66	92	13097
87	98	13101
68	87	13109
73	79	13114
28	89	13115
11	96	13132
34	82	13136
7	55	13139
26	71	13144
31	81	13147
40	82	13151
34	69	13152
35	73	13164
5	77	13165
5	32	13167
41	62	13179
7	18	13181
7	97	13186
44	98	13196
7	51	13198
54	78	13204
7	46	13209
54	83	13209
1	53	13218
2	37	13229
70	98	13233
40	78	13235
49	68	13249
6	93	13252
27	85	13278
40	85	13294
9	91	13303
29	92	13312
26	32	13321
7	33	13322
35	45	13325
68	71	13326
21	75	13334
17	23	13335
11	59	13341
86	99	13344
35	48	13349
58	78	13350
23	96	13361
54	64	13367
9	17	13369
48	70	13377
4	83	13396
40	41	13396
34	57	13410
33	53	13411
9	31	13412
32	87	13415
36	49	13416
7	71	13418
13	23	13420
49	63	13437
30	53	13439
52	70	13441
26	49	13447
49	85	13454
63	73	13458
36	82	13461
82	90	13468
35	40	13469
43	49	13470
5	88	13476
35	43	13479
13	32	13492
19	44	13503
3	18	13513
1	19	13530
50	52	13531
51	57	13542
28	31	13547
20	54	13554
7	54	13561
40	73	13570
54	68	13580
7	54	13587
25	43	13590
24	31	13591
11	50	13592
1	71	13593
4	54	13600
54	89	13616
73	99	13622
7	51	13628
54	61	13629
19	92	13633
40	92	13635
27	54	13637
7	72	13646
58	97	13647
77	88	13657
21	30	13660
23	35	13667
51	68	13679
19	27	13686
10	24	13690
21	48	13693
31	83	13707
44	68	13711
2	74	13716
41	75	13722
0	98	13734
31	39	13734
26	77	13739
7	22	13743
27	86	13744
82	93	13770
4	13	13774
35	49	13774
30	94	13775
7	44	13781
7	35	13784
39	68	13787
51	60	13794
51	85	13796
85	95	13805
13	26	13808
38	68	13819
28	78	13824
4	54	13836
7	34	13836
22	23	13838
15	80	13851
7	85	13856
35	77	13860
44	68	13861
21	34	13862
23	78	13879
48	63	13890
78	81	13899
8	61	13900
13	85	13901
30	51	13908
50	66	13926
64	79	13929
7	97	13933
22	81	13934
25	54	13945
2	82	13950
62	79	13950
20	26	13957
68	88	13959
25	94	13986
17	81	13993
30	34	13994
7	54	13999
23	71	13999
61	89	14001
9	21	14003
31	55	14006
9	34	14010
49	91	14012
1	36	14015
43	52	14018
12	98	14034
57	62	14038
11	68	14039
21	78	14039
57	79	14046
34	45	14054
27	35	14059
7	55	14061
28	30	14061
7	59	14063
3	82	14079
26	97	14082
19	82	14091
68	82	14091
26	62	14096
0	49	14097
44	49	14098
58	77	14099
14	20	14100
34	54	14104
30	54	14125
38	56	14127
7	82	14133
24	44	14136
17	39	14144
7	78	14150
7	80	14150
31	35	14154
8	54	14160
35	44	14162
47	91	14163
62	82	14182
72	97	14197
13	16	14201
21	46	14205
23	30	14218
0	41	14223
27	85	14227
34	82	14231
48	72	14238
38	54	14240
17	46	14254
67	68	14256
2	29	14260
3	87	14264
36	95	14266
30	36	14271
33	68	14274
62	72	14276
19	29	14284
19	40	14286
18	39	14287
37	71	14289
36	71	14292
23	67	14295
34	40	14295
54	98	14299
59	68	14301
23	64	14321
31	68	14324
56	92	14331
3	30	14333
7	67	14341
30	39	14344
7	31	14358
40	58	14359
7	68	14368
40	77	14369
28	86	14370
40	62	14370
7	86	14372
60	61	14372
30	60	14380
34	58	14387
71	82	14396
0	75	14397
50	77	14397
7	68	14403
40	54	14411
22	48	14424
80	83	14424
4	13	14430
46	65	14433
22	32	14435
77	78	14437
17	35	14448
79	82	14463
15	87	14467
30	68	14474
61	82	14475
4	16	14480
2	86	14489
70	96	14497
28	79	14510
5	96	14515
26	91	14539
4	79	14543
45	86	14545
30	93	14546
27	48	14548
35	77	14553
22	35	14562
8	74	14563
38	65	14571
13	78	14575
79	82	14575
48	64	14578
3	7	14589
12	79	14593
87	88	14593
28	31	14595
58	82	14603
61	68	14605
13	62	14607
7	13	14614
86	98	14614
5	19	14618
27	82	14618
66	68	14622
19	82	14653
29	68	14653
2	7	14656
7	40	14669
17	59	14677
26	80	14686
39	55	14709
57	64	14713
21	45	14720
23	38	14731
17	66	14735
35	71	14736
18	71	14738
16	78	14742
9	72	14743
11	79	14762
11	77	14771
70	76	14773
0	48	14774
4	46	14774
7	74	14780
18	68	14794
12	62	14799
68	90	14809
24	31	14811
31	67	14816
32	72	14822
7	11	14823
21	32	14825
77	90	14826
49	71	14834
67	82	14837
50	73	14839
91	94	14839
23	76	14842
87	92	14842
12	35	14846
19	86	14846
26	39	14852
52	62	14856
27	54	14857
6	27	14858
13	62	14860
35	71	14869
40	75	14869
78	98	14870
8	37	14871
7	51	14879
61	71	14881
9	94	14882
51	93	14883
25	68	14897
47	94	14914
35	70	14915
45	78	14921
69	77	14921
5	19	14927
51	85	14938
10	19	14939
61	64	14958
12	27	14965
16	39	14967
23	95	14975
68	82	14978
17	32	14988
68	78	14997
31	71	15000
31	88	15010
31	76	15016
16	79	15025
40	60	15029
34	46	15032
7	77	15041
4	9	15044
9	68	15053
19	92	15062
80	88	15073
19	72	15075
7	46	15084
3	13	15095
68	77	15100
46	94	15114
7	38	15127
51	63	15130
38	86	15131
40	96	15134
53	67	15138
50	93	15140
7	49	15142
29	36	15153
20	35	15154
1	67	15164
7	94	15166
17	68	15168
40	68	15175
40	92	15179
49	89	15180
1	42	15187
41	89	15193
57	95	15194
19	78	15196
2	18	15199
13	17	15206
35	94	15207
7	40	15215
5	38	15224
55	59	15232
24	84	15250
82	91	15251
30	70	15262
54	68	15267
0	60	15278
39	68	15280
7	88	15281
34	46	15281
68	82	15288
45	62	15297
8	23	15300
29	39	15314
7	81	15316
5	47	15322
31	61	15327
35	84	15327
62	82	15327
27	35	15329
27	72	15338
12	13	15343
31	77	15351
17	55	15352
25	82	15353
7	54	15355
38	54	15357
49	53	15361
17	51	15366
26	87	15366
11	71	15378
61	94	15386
7	33	15387
4	62	15393
68	78	15395
11	45	15404
36	91	15407
34	81	15409
41	75	15416
17	45	15417
56	82	15418
20	41	15425
63	77	15447
36	72	15457
5	82	15467
30	36	15471
4	75	15473
7	95	15474
39	81	15475
9	77	15486
7	74	15487
19	46	15492
21	72	15508
16	44	15511
70	86	15514
19	40	15515
53	77	15523
7	92	15528
54	82	15529
12	26	15542
40	85	15542
68	78	15552
61	98	15572
18	68	15574
41	86	15577
34	48	15578
39	87	15579
11	41	15583
33	54	15587
46	71	15594
7	50	15601
7	60	15604
37	40	15609
51	52	15615
69	74	15622
4	53	15637
15	77	15637
39	68	15644
42	69	15645
18	26	15666
36	45	15666
34	54	15668
13	44	15669
35	82	15680
71	82	15686
54	87	15687
16	40	15708
0	55	15714
6	38	15723
26	40	15723
21	58	15738
0	7	15739
76	98	15744
19	77	15748
17	68	15751
35	87	15753
80	83	15758
4	40	15766
21	67	15773
29	37	15776
35	95	15783
18	62	15792
6	20	15804
54	90	15804
40	90	15806
31	43	15816
77	86	15829
26	71	15835
19	38	15837
67	96	15842
3	38	15846
44	68	15848
51	70	15852
40	57	15855
19	68	15856
65	83	15857
82	83	15857
19	57	15866
30	79	15869
4	77	15879
1	10	15881
9	17	15883
15	82	15893
5	36	15894
28	95	15894
63	82	15896
40	89	15905
78	88	15906
7	66	15914
19	57	15914
44	78	15914
79	88	15916
3	19	15917
68	92	15919
7	51	15923
58	87	15931
40	62	15938
41	91	15939
68	96	15944
39	70	15952
8	23	15960
41	76	15966
7	23	15968
21	29	15969
7	54	15972
36	54	15978
8	79	15989
7	71	15991
73	82	15996
54	61	15998
31	54	16001
82	87	16003
31	54	16008
31	83	16010
7	91	16018
31	40	16018
82	87	16020
37	50	16031
34	75	16032
12	84	16035
68	72	16040
66	95	16046
4	14	16053
26	34	16054
3	39	16092
61	81	16099
29	66	16101
7	79	16104
13	90	16104
27	48	16106
12	95	16108
26	93	16113
9	54	16115
28	68	16120
21	59	16125
17	19	16135
35	73	16141
27	44	16146
42	77	16153
10	39	16171
80	99	16184
48	53	16189
34	81	16193
31	44	16195
26	80	16202
26	54	16206
20	68	16209
4	26	16217
45	91	16223
33	44	16248
22	77	16250
51	85	16253
10	14	16258
23	59	16258
54	88	16279
42	84	16280
1	11	16282
17	77	16289
85	93	16290
7	68	16294
33	82	16296
48	58	16300
54	80	16305
68	94	16308
54	89	16309
33	44	16310
25	89	16311
0	89	16315
9	31	16316
53	61	16323
26	68	16325
10	36	16326
59	86	16331
7	54	16332
76	82	16340
23	41	16343
30	38	16351
0	9	16356
55	87	16365
39	63	16367
34	69	16372
43	54	16373
7	73	16383
18	98	16393
18	51	16402
4	36	16405
35	63	16408
13	77	16409
30	44	16410
18	40	16412
52	86	16419
7	49	16420
54	90	16420
55	67	16437
7	31	16439
13	91	16451
54	89	16453
58	84	16461
76	89	16462
7	91	16466
12	37	16470
4	31	16472
42	77	16473
49	62	16473
77	82	16481
33	76	16501
25	87	16502
76	98	16505
82	87	16508
81	88	16510
2	95	16514
48	58	16515
19	61	16523
49	55	16527
12	44	16528
2	46	16538
61	73	16539
68	80	16540
12	49	16546
0	68	16560
2	82	16561
12	56	16561
17	50	16561
78	82	16562
7	91	16582
56	82	16592
7	27	16597
63	78	16599
30	73	16600
78	82	16602
51	54	16614
29	40	16616
10	17	16617
31	77	16620
7	68	16626
17	87	16626
54	61	16629
89	91	16629
10	23	16633
34	41	16636
25	85	16639
21	82	16646
43	74	16646
26	60	16648
2	18	16656
65	71	16667
68	80	16678
50	82	16685
69	71	16685
2	68	16686
20	82	16686
40	57	16686
35	82	16688
5	65	16693
65	68	16698
35	54	16714
31	92	16723
44	50	16729
36	41	16742
23	68	16750
18	76	16760
39	40	16760
27	66	16767
23	76	16776
11	41	16785
16	74	16785
19	36	16788
55	70	16801
44	69	16807
30	82	16808
68	82	16811
97	99	16814
5	53	16817
31	95	16832
17	46	16842
87	97	16848
2	85	16849
1	44	16858
56	90	16868
0	35	16872
61	85	16878
7	46	16879
77	84	16879
39	65	16885
67	73	16897
42	98	16898
27	54	16905
51	78	16905
31	91	16914
41	51	16915
18	40	16928
5	7	16933
82	98	16940
34	69	16941
7	17	16946
24	26	16952
71	82	16953
3	98	16969
5	89	16973
12	33	16982
22	40	16987
5	44	17002
38	98	17003
7	63	17008
23	92	17009
92	94	17015
53	54	17017
4	26	17019
7	22	17021
31	91	17025
23	46	17030
16	81	17036
65	82	17038
54	57	17039
23	56	17049
19	48	17051
44	68	17052
21	31	17057
42	53	17061
7	58	17067
2	34	17075
45	58	17077
21	22	17080
23	27	17085
18	84	17089
3	31	17094
25	54	17095
82	97	17096
22	93	17101
49	61	17105
62	68	17109
41	62	17112
6	39	17115
38	42	17119
13	57	17125
42	83	17126
25	78	17127
12	26	17128
15	76	17143
36	46	17157
13	27	17161
38	77	17175
20	26	17176
19	32	17177
34	82	17177
2	57	17200
4	54	17200
20	52	17219
30	34	17221
0	13	17233
20	39	17234
27	82	17234
7	31	17237
19	54	17240
44	49	17260
4	11	17263
19	81	17270
19	90	17290
27	62	17295
19	87	17299
30	96	17300
7	81	17302
11	90	17320
1	69	17347
37	68	17349
64	69	17353
44	63	17357
7	97	17365
0	56	17380
13	34	17386
44	81	17394
40	62	17400
54	74	17404
50	51	17406
76	85	17408
44	49	17417
10	70	17422
51	97	17438
62	77	17438
48	98	17441
61	91	17447
54	62	17448
4	72	17454
5	79	17454
9	10	17457
39	44	17461
9	39	17467
23	50	17469
78	82	17473
8	9	17476
4	59	17481
19	95	17488
29	38	17498
15	29	17500
57	59	17506
12	89	17519
62	70	17526
54	61	17530
50	77	17537
58	91	17540
38	97	17541
8	55	17557
54	61	17557
54	82	17567
11	35	17568
17	35	17573
27	59	17583
60	90	17593
7	31	17595
82	90	17605
13	26	17608
7	68	17619
27	31	17637
7	82	17640
58	66	17642
69	71	17652
55	84	17658
39	52	17665
37	91	17681
54	61	17755
36	56	17760
58	83	17762
46	68	17765
30	41	17770
17	61	17771
19	54	17776
31	94	17778
20	29	17782
34	68	17786
50	59	17786
17	71	17787
29	98	17789
71	77	17789
89	98	17794
65	68	17804
13	91	17824
57	75	17841
4	12	17842
40	99	17857
65	93	17860
51	82	17863
35	70	17871
4	12	17879
7	15	17880
0	37	17884
4	53	17888
32	60	17889
46	89	17897
31	83	17919
86	91	17930
37	73	17933
3	23	17947
10	41	17957
23	46	17958
64	86	17976
13	40	17980
12	91	17982
86	97	17984
6	59	17988
21	61	17995
72	97	18000
80	98	18000
52	59	18002
21	70	18003
13	31	18008
37	86	18020
39	54	18022
54	62	18033
67	82	18041
77	82	18043
82	90	18049
10	21	18051
17	33	18051
40	77	18052
46	78	18056
31	35	18061
26	36	18077
61	88	18082
0	80	18086
13	26	18096
34	83	18096
68	95	18098
60	80	18113
61	73	18130
68	87	18131
1	30	18141
10	57	18149
9	68	18158
2	38	18162
19	21	18177
22	31	18177
1	90	18180
40	44	18182
79	88	18188
29	77	18192
54	67	18193
29	95	18198
40	91	18198
23	99	18199
18	35	18201
90	97	18204
79	93	18206
79	90	18211
40	49	18223
55	68	18233
7	84	18246
78	95	18246
9	21	18257
41	49	18260
74	87	18261
7	71	18269
41	76	18272
68	79	18272
5	20	18276
11	35	18276
14	59	18279
30	49	18287
8	36	18288
17	73	18299
12	92	18303
51	90	18306
70	87	18307
4	73	18311
67	77	18312
1	7	18323
22	82	18323
19	37	18330
13	25	18337
7	82	18345
3	69	18351
68	87	18352
63	68	18355
40	80	18367
7	68	18379
7	74	18380
7	31	18381
26	40	18381
41	55	18387
76	81	18396
49	68	18397
51	77	18401
71	73	18416
55	58	18430
17	74	18438
31	87	18446
7	76	18449
38	69	18450
18	54	18455
12	77	18463
22	69	18465
42	68	18466
84	99	18469
7	26	18474
26	37	18477
39	47	18479
41	51	18482
36	39	18491
66	75	18496
3	8	18499
21	97	18500
78	82	18501
35	61	18513
24	50	18547
19	44	18558
33	40	18560
40	73	18567
48	49	18572
2	31	18575
31	35	18584
13	51	18586
26	46	18588
58	67	18591
26	44	18595
7	14	18598
47	89	18603
11	18	18605
18	59	18610
12	68	18614
26	68	18615
19	92	18625
33	63	18626
16	44	18628
83	92	18629
50	57	18634
38	95	18651
0	4	18657
77	91	18657
12	56	18660
12	73	18662
23	95	18664
5	36	18669
31	71	18670
39	80	18670
69	71	18681
49	82	18689
5	77	18698
37	51	18698
54	68	18702
21	44	18703
44	54	18707
16	24	18708
31	80	18711
7	68	18721
33	77	18726
44	66	18729
12	32	18734
40	41	18735
30	59	18747
18	21	18748
7	26	18755
49	86	18761
29	68	18762
35	68	18770
5	34	18772
49	64	18773
12	50	18777
35	92	18777
26	91	18782
10	54	18784
35	68	18813
13	57	18814
83	90	18815
23	45	18834
29	82	18841
18	84	18856
14	78	18860
9	49	18862
61	68	18866
28	31	18872
17	55	18883
19	40	18894
68	89	18897
3	81	18906
9	52	18921
0	95	18937
54	68	18945
90	95	18950
31	62	18957
36	38	18968
40	55	18975
13	82	18978
12	13	18983
26	31	19003
1	7	19006
30	40	19008
49	64	19009
29	82	19022
17	68	19024
11	60	19032
23	88	19033
35	79	19039
48	74	19048
27	66	19051
18	49	19060
2	36	19075
59	63	19075
7	61	19083
54	85	19083
10	62	19087
36	85	19088
35	40	19093
7	37	19094
4	63	19107
49	97	19108
33	36	19109
9	95	19138
7	22	19139
29	77	19141
7	93	19142
27	31	19152
15	62	19161
54	63	19173
7	14	19176
61	71	19178
28	98	19199
7	90	19212
35	52	19225
6	49	19226
37	63	19228
94	96	19233
7	18	19237
0	12	19242
7	90	19246
4	31	19248
84	89	19255
39	64	19265
69	80	19269
23	59	19270
31	98	19270
34	55	19272
2	48	19274
1	97	19278
30	77	19278
37	76	19282
82	90	19285
19	54	19287
7	57	19293
30	45	19300
31	69	19310
51	62	19311
38	44	19320
54	66	19328
7	96	19329
0	52	19341
7	34	19349
31	98	19356
36	45	19356
17	77	19358
24	37	19362
27	46	19366
0	29	19368
69	85	19372
19	82	19378
42	68	19379
11	89	19384
26	33	19385
55	60	19385
0	7	19397
11	82	19400
58	68	19406
2	39	19414
57	77	19414
39	40	19445
36	89	19446
45	94	19448
8	52	19449
6	7	19469
52	72	19473
11	62	19474
78	86	19474
0	68	19477
3	13	19480
50	99	19487
57	80	19490
7	62	19496
68	77	19496
0	54	19534
57	83	19541
31	77	19546
7	82	19551
68	91	19551
44	61	19555
77	87	19570
32	82	19572
13	67	19574
7	27	19577
28	89	19582
2	36	19594
42	54	19595
52	92	19597
5	76	19602
40	53	19604
1	54	19606
19	21	19612
1	7	19622
1	95	19629
54	70	19633
7	82	19655
48	52	19679
56	68	19679
19	53	19690
7	90	19692
32	70	19692
30	62	19700
7	31	19711
1	39	19713
17	40	19715
71	82	19739
61	82	19747
0	41	19773
1	30	19785
5	57	19796
12	81	19804
19	45	19806
40	65	19808
7	45	19816
11	73	19830
23	30	19841
40	49	19849
14	34	19855
39	92	19858
45	82	19861
27	53	19870
7	77	19881
1	68	19891
47	91	19893
54	71	19899
5	80	19902
77	91	19915
9	66	19920
31	64	19923
17	75	19926
20	67	19930
22	97	19930
13	55	19931
41	55	19931
1	19	19934
19	35	19934
34	51	19940
7	53	19945
7	13	19947
21	68	19951
61	85	19957
72	86	19959
49	52	19963
7	17	19967
34	64	19969
3	42	19970
26	97	19971
1	47	19972
32	51	19972
52	68	19972
54	70	19973
54	99	19975
7	98	19988
17	56	19991
13	17	19999
87	89	20000
