1	44	1
9	66	10
31	91	22
2	41	27
46	51	36
20	82	41
54	95	41
8	86	42
45	84	46
44	61	56
8	73	58
53	80	63
1	26	74
1	8	81
67	91	84
12	78	99
10	78	101
33	61	104
17	82	106
9	13	111
40	90	111
81	98	117
44	63	120
7	39	125
6	78	133
28	75	144
18	31	149
10	20	156
19	20	162
47	92	166
9	56	172
4	33	177
77	90	180
70	78	186
51	61	189
3	57	195
32	98	200
20	25	208
29	78	213
56	81	217
64	68	223
20	88	230
4	75	233
33	81	238
2	29	243
26	48	256
25	56	259
9	50	260
37	39	264
70	88	288
14	19	294
3	26	296
42	62	300
3	21	307
49	81	307
30	31	309
57	82	313
20	21	314
25	31	315
17	28	332
45	82	345
20	98	349
53	91	361
70	96	363
61	98	367
1	20	370
2	20	379
66	87	379
19	98	384
20	21	402
20	44	405
56	82	406
9	97	408
30	66	414
21	95	416
45	71	416
67	83	430
80	91	437
65	81	448
6	73	451
79	96	455
4	70	461
45	82	461
13	93	464
70	98	464
11	59	478
58	81	484
2	3	492
2	13	494
54	70	498
42	95	504
32	68	512
23	81	515
68	81	518
29	69	520
8	60	525
1	73	527
62	87	529
70	81	529
17	87	542
3	80	551
32	99	551
43	51	553
77	96	563
33	82	568
55	59	569
43	74	584
14	82	594
20	98	607
11	89	619
20	88	623
43	68	628
23	32	630
4	50	631
39	79	644
2	51	654
41	53	655
2	30	661
41	82	662
65	99	663
9	89	666
68	82	672
45	65	687
73	97	693
17	41	699
50	90	714
0	65	718
41	43	723
21	82	735
14	29	738
2	36	745
79	83	752
65	70	756
15	44	757
8	13	761
27	59	765
19	89	766
3	82	773
4	20	774
37	82	774
75	83	779
66	67	786
29	81	805
2	51	808
14	45	812
28	99	814
2	88	819
29	81	819
31	89	826
2	63	830
18	82	833
25	78	833
12	73	835
49	70	838
44	54	844
6	10	847
75	79	851
13	69	853
1	70	857
49	65	860
20	98	874
43	73	881
70	94	881
50	87	888
45	65	895
3	61	903
43	68	908
43	72	917
51	53	919
20	52	922
26	57	923
20	68	924
76	82	929
50	66	951
81	82	951
29	53	953
2	40	959
9	18	962
32	93	964
46	84	970
69	91	972
3	62	983
15	74	985
51	80	992
43	96	995
76	83	1000
2	22	1003
5	50	1025
33	53	1039
47	95	1043
20	29	1058
3	70	1063
20	81	1068
42	48	1071
38	69	1081
20	54	1089
41	67	1089
20	30	1094
39	81	1094
43	90	1119
18	61	1141
32	97	1143
76	86	1143
51	92	1147
41	81	1157
3	88	1161
10	83	1164
20	68	1166
33	84	1166
18	82	1169
27	82	1178
88	99	1178
53	82	1185
24	80	1187
3	6	1188
41	90	1189
53	82	1191
4	83	1195
35	60	1210
53	98	1214
33	40	1219
0	70	1225
14	56	1226
0	20	1234
65	81	1237
37	68	1238
31	96	1240
64	66	1245
39	62	1266
69	79	1286
20	51	1288
17	48	1290
53	72	1309
80	81	1316
17	82	1319
3	72	1322
4	25	1322
64	66	1328
1	59	1334
17	70	1335
58	72	1341
41	51	1348
21	32	1351
56	80	1392
51	75	1405
66	76	1419
67	92	1422
65	70	1424
32	56	1425
28	69	1439
0	45	1444
33	88	1462
11	88	1470
45	67	1477
26	80	1478
2	23	1485
36	82	1485
20	69	1496
8	36	1497
3	66	1503
22	57	1504
47	58	1508
96	98	1508
20	98	1512
20	68	1518
26	64	1522
26	70	1524
81	82	1524
5	64	1526
17	32	1534
59	64	1535
53	98	1540
2	39	1549
39	98	1557
20	71	1567
89	97	1568
14	37	1572
18	45	1575
51	83	1575
43	53	1585
24	25	1589
33	39	1593
20	48	1596
84	90	1598
36	56	1601
80	96	1602
64	71	1612
35	88	1624
82	95	1627
70	96	1630
33	70	1633
0	39	1637
20	47	1638
32	56	1652
38	45	1657
13	19	1663
74	81	1665
34	43	1680
31	71	1689
33	66	1710
23	80	1719
20	93	1730
2	53	1733
7	58	1733
53	96	1742
42	68	1744
2	45	1748
19	54	1748
42	95	1764
15	19	1766
82	87	1768
53	70	1771
32	95	1773
87	99	1787
20	69	1790
2	78	1801
2	10	1831
3	39	1833
76	82	1834
33	59	1841
23	38	1857
9	26	1858
39	93	1858
24	57	1867
0	8	1869
29	55	1872
23	45	1874
26	54	1885
44	45	1896
14	92	1897
37	58	1897
2	81	1898
24	65	1898
22	79	1899
11	76	1901
39	82	1902
47	93	1907
70	79	1916
17	82	1929
45	82	1936
3	37	1938
54	83	1940
40	65	1956
2	79	1966
91	99	1967
20	57	1971
16	66	1972
33	82	1980
41	99	1988
1	4	1992
6	98	1994
22	70	1997
16	82	2006
23	45	2007
12	64	2015
1	99	2025
43	66	2037
11	43	2039
32	60	2039
34	98	2040
14	98	2046
62	89	2060
45	90	2071
17	68	2074
45	68	2075
67	85	2077
43	82	2079
20	44	2081
20	75	2083
52	78	2090
5	68	2091
39	74	2097
43	97	2097
37	44	2098
35	62	2107
27	98	2108
59	62	2127
37	46	2128
13	71	2130
71	75	2133
3	35	2134
12	28	2150
50	98	2153
35	50	2157
28	33	2163
44	72	2179
39	80	2180
31	43	2185
25	68	2186
15	32	2188
37	81	2192
2	46	2197
57	88	2211
20	53	2218
10	81	2219
2	68	2220
55	86	2220
24	50	2221
26	52	2239
16	78	2241
13	36	2247
71	82	2256
31	72	2261
56	83	2262
9	71	2266
10	20	2267
71	88	2291
20	41	2297
3	52	2331
5	78	2331
16	96	2331
64	82	2331
17	38	2339
0	51	2341
16	53	2356
3	4	2358
34	69	2372
69	92	2378
62	99	2379
15	93	2380
16	43	2393
22	82	2393
20	98	2400
17	84	2417
15	39	2418
4	69	2421
19	82	2423
4	39	2426
19	69	2436
3	74	2439
26	45	2442
45	67	2442
2	68	2446
0	35	2448
18	48	2452
80	99	2459
81	89	2462
68	73	2475
32	41	2476
28	50	2477
25	34	2488
43	67	2499
88	89	2507
79	98	2509
20	70	2512
68	77	2512
29	44	2514
30	81	2514
4	47	2525
20	62	2533
82	88	2535
21	82	2548
58	69	2555
20	90	2565
67	81	2572
7	73	2580
8	10	2586
34	56	2586
20	34	2587
68	90	2587
1	33	2595
83	89	2598
68	89	2606
25	37	2615
20	57	2622
20	81	2625
53	89	2632
45	86	2639
65	82	2646
13	16	2647
5	68	2652
26	47	2657
20	77	2662
33	37	2664
13	82	2674
50	66	2689
2	81	2691
20	69	2704
2	3	2705
0	82	2710
59	79	2710
58	89	2722
20	98	2728
64	99	2728
5	30	2729
24	83	2730
37	43	2735
37	44	2744
27	32	2746
16	63	2747
43	82	2751
28	39	2753
17	67	2754
12	88	2756
34	83	2759
13	37	2770
21	90	2771
2	17	2778
9	46	2779
39	49	2783
82	98	2783
75	77	2784
59	68	2796
53	79	2802
29	98	2804
23	32	2805
5	53	2806
25	85	2814
44	78	2816
51	64	2817
3	30	2832
54	92	2837
20	62	2839
23	75	2852
65	81	2854
71	96	2855
33	82	2866
60	71	2866
22	67	2874
45	58	2875
82	95	2876
30	42	2878
82	98	2878
21	92	2888
41	87	2901
19	50	2910
4	82	2913
46	56	2913
49	92	2913
17	68	2918
12	20	2919
70	98	2935
20	69	2940
56	65	2943
3	26	2945
24	29	2945
10	37	2958
70	81	2960
42	70	2962
57	60	2962
20	37	2963
11	17	2965
39	82	2969
1	74	2977
0	2	2981
17	33	2988
34	99	2989
45	46	2993
41	82	2996
41	83	3013
21	68	3029
39	75	3032
82	94	3032
11	82	3034
29	63	3039
36	76	3039
3	74	3040
44	61	3040
29	68	3042
2	3	3048
2	81	3049
18	39	3049
33	88	3049
9	85	3050
53	70	3052
44	88	3062
74	97	3062
2	99	3064
16	28	3064
13	64	3069
7	75	3070
47	81	3075
17	50	3078
23	93	3090
4	34	3095
6	34	3108
20	53	3110
22	82	3121
53	65	3122
23	33	3124
54	87	3135
39	56	3139
40	61	3146
21	88	3150
47	98	3155
11	91	3158
2	43	3169
20	93	3171
12	22	3175
20	54	3175
18	66	3177
60	82	3177
63	80	3185
4	91	3194
2	24	3198
24	59	3201
2	22	3204
41	67	3204
10	59	3211
6	13	3213
9	74	3213
70	80	3213
21	28	3238
17	76	3239
51	57	3242
43	92	3254
20	41	3268
39	99	3271
63	98	3285
89	94	3290
47	70	3300
25	90	3302
21	53	3309
68	93	3336
50	82	3353
76	85	3353
41	92	3357
44	85	3363
45	80	3376
0	56	3384
68	71	3387
13	82	3391
46	80	3398
20	60	3402
91	94	3416
0	78	3427
20	85	3427
38	86	3428
20	82	3430
44	93	3433
10	14	3444
2	20	3452
68	70	3456
29	69	3462
3	13	3473
43	72	3486
24	82	3501
7	68	3502
75	96	3508
2	63	3509
49	69	3512
81	99	3513
43	50	3516
58	71	3519
29	82	3525
70	77	3532
2	20	3536
12	63	3550
20	53	3550
82	94	3553
67	88	3555
22	48	3557
3	31	3562
10	45	3566
62	81	3568
55	62	3570
3	20	3580
39	56	3581
30	44	3583
11	27	3588
33	56	3592
38	75	3592
12	76	3598
43	82	3599
3	66	3607
23	65	3610
63	66	3614
12	82	3615
67	77	3617
14	90	3628
51	93	3629
39	69	3630
24	60	3648
11	20	3659
18	71	3659
43	56	3664
54	61	3664
65	66	3664
11	89	3666
27	94	3668
87	95	3672
35	40	3675
20	98	3684
4	32	3702
57	73	3704
20	82	3708
2	24	3715
60	75	3716
3	69	3719
27	47	3720
26	81	3727
10	51	3734
40	82	3749
16	52	3752
45	98	3757
68	76	3770
20	39	3783
25	29	3783
2	3	3788
3	51	3791
66	74	3796
5	48	3802
6	77	3808
38	82	3809
60	88	3811
41	81	3814
68	77	3835
0	13	3836
35	70	3839
70	88	3841
4	50	3842
6	52	3845
39	81	3849
4	50	3851
67	98	3856
51	82	3859
2	6	3860
26	27	3873
10	31	3877
7	39	3889
23	90	3914
19	21	3923
2	23	3926
16	86	3928
55	67	3928
0	55	3933
10	50	3934
18	81	3934
41	52	3942
32	43	3943
21	76	3944
68	80	3944
17	81	3950
0	21	3960
37	99	3986
2	70	3991
9	81	3993
2	96	3994
72	91	3995
76	79	3995
20	78	4002
0	97	4004
14	43	4009
37	70	4019
12	43	4030
21	88	4035
21	34	4050
78	82	4070
50	76	4076
60	94	4104
51	82	4107
1	25	4115
34	71	4122
4	89	4135
33	53	4144
20	57	4183
13	79	4186
33	96	4199
0	2	4222
17	67	4244
30	49	4248
3	22	4251
11	75	4254
67	70	4256
37	58	4261
20	86	4264
19	99	4265
2	65	4266
15	85	4272
27	90	4272
65	88	4277
39	84	4278
57	92	4281
24	70	4290
2	51	4301
67	69	4310
2	16	4313
20	83	4321
12	51	4327
88	99	4327
8	82	4328
5	88	4329
26	86	4330
3	36	4342
12	49	4346
53	74	4364
27	41	4368
64	84	4371
34	78	4380
12	36	4383
25	68	4387
26	79	4393
3	88	4396
26	95	4397
18	69	4401
51	82	4405
43	93	4408
23	87	4411
4	79	4412
53	96	4413
1	97	4421
13	68	4421
30	87	4423
33	44	4423
45	90	4427
45	70	4430
32	80	4435
45	75	4444
10	59	4450
15	25	4481
25	94	4481
39	92	4496
53	59	4499
63	82	4499
81	98	4503
11	50	4505
43	93	4506
2	43	4509
24	97	4510
23	57	4513
2	51	4519
23	82	4524
73	81	4530
52	96	4535
25	87	4544
20	90	4548
1	23	4551
30	71	4555
50	95	4558
2	23	4569
12	62	4577
59	98	4581
23	98	4582
13	39	4585
25	34	4587
47	80	4588
43	94	4595
4	51	4609
3	4	4613
71	72	4624
29	85	4631
27	91	4635
29	43	4636
20	70	4641
1	14	4651
20	81	4657
52	53	4667
43	53	4668
29	82	4673
20	55	4675
72	98	4675
13	87	4676
53	62	4677
53	59	4684
17	75	4697
24	53	4698
23	83	4701
39	41	4703
13	48	4704
20	48	4706
94	95	4706
18	81	4709
70	72	4709
84	99	4715
18	76	4723
30	83	4725
53	56	4725
23	77	4732
2	23	4755
29	99	4760
53	86	4779
20	67	4790
14	25	4792
22	39	4798
20	56	4799
2	80	4800
17	56	4800
2	43	4802
13	92	4802
31	54	4803
21	62	4809
69	85	4811
1	59	4813
69	81	4813
3	18	4819
0	72	4831
20	75	4834
17	50	4843
70	78	4854
3	41	4859
4	17	4877
27	42	4877
41	88	4879
20	38	4887
16	56	4891
24	95	4896
43	80	4909
31	71	4917
34	70	4917
10	43	4944
41	54	4954
22	56	4956
68	92	4970
43	70	4977
24	98	4978
21	99	4987
33	41	4994
1	89	4997
65	81	5020
69	83	5025
22	81	5027
3	75	5029
51	61	5030
32	38	5041
30	68	5043
34	85	5045
2	20	5048
4	65	5051
24	49	5058
58	84	5060
68	82	5060
45	70	5062
56	86	5063
47	78	5081
64	70	5081
3	93	5082
47	51	5098
6	45	5105
20	81	5110
28	30	5118
70	82	5118
38	40	5128
3	68	5137
53	63	5146
55	81	5147
2	52	5155
55	76	5164
81	83	5164
58	93	5172
15	37	5173
4	49	5174
3	20	5180
15	34	5195
3	95	5204
71	82	5205
51	92	5206
2	64	5210
34	50	5210
2	99	5220
21	64	5225
26	69	5226
21	39	5227
37	81	5235
33	82	5236
11	18	5245
24	81	5249
2	44	5251
58	69	5260
10	35	5262
36	71	5262
40	43	5266
21	53	5272
18	92	5275
48	91	5276
13	78	5277
33	43	5284
20	53	5285
3	49	5310
4	65	5316
82	87	5319
51	81	5320
20	32	5338
31	98	5351
69	76	5374
24	69	5382
65	98	5386
60	63	5390
69	79	5400
32	49	5410
3	62	5411
42	99	5415
28	48	5425
50	82	5425
2	29	5432
67	71	5441
20	64	5444
82	96	5445
3	20	5449
59	82	5449
24	62	5459
18	80	5461
20	79	5470
43	64	5474
24	41	5479
43	58	5480
53	73	5493
69	99	5510
6	82	5512
25	43	5517
71	84	5518
28	85	5519
17	98	5523
26	39	5524
30	75	5526
43	94	5528
39	82	5529
26	52	5532
76	92	5533
50	56	5546
8	68	5548
69	82	5548
65	67	5557
16	21	5560
3	68	5562
0	98	5564
17	81	5564
62	73	5572
15	34	5574
31	81	5581
30	31	5583
36	69	5586
34	50	5588
5	25	5594
34	35	5594
22	40	5597
2	69	5599
26	82	5601
11	20	5607
51	82	5614
38	80	5616
4	82	5624
8	88	5629
2	32	5633
7	20	5638
73	82	5644
39	88	5646
41	59	5653
61	63	5664
68	89	5668
20	73	5677
27	74	5678
47	82	5680
65	97	5687
43	70	5689
73	88	5699
2	11	5711
20	83	5714
24	54	5732
11	27	5733
82	89	5740
38	76	5758
22	98	5784
52	95	5793
12	47	5805
43	82	5809
21	59	5816
22	42	5817
58	82	5820
9	45	5830
44	82	5837
6	37	5848
7	38	5850
39	95	5862
24	77	5869
20	28	5880
20	51	5884
19	58	5885
13	72	5889
20	87	5893
35	86	5914
54	67	5916
5	45	5936
2	3	5945
30	53	5945
35	65	5949
46	53	5963
2	17	5976
20	31	5982
3	81	6001
87	99	6002
94	99	6007
42	43	6009
9	67	6012
1	36	6017
25	82	6018
81	96	6019
0	93	6024
43	95	6042
13	88	6043
2	34	6048
50	70	6052
44	89	6069
6	7	6073
76	80	6081
50	57	6084
3	80	6093
62	66	6107
30	43	6111
75	86	6131
23	45	6140
43	81	6143
29	60	6167
45	81	6177
18	30	6179
23	95	6179
20	32	6188
11	61	6190
3	85	6191
6	65	6193
25	69	6211
24	82	6216
33	75	6220
8	21	6231
2	39	6239
33	77	6243
44	82	6275
80	96	6286
2	28	6289
20	36	6299
40	62	6299
3	54	6302
51	92	6319
50	65	6346
0	3	6351
45	91	6354
8	56	6370
21	32	6375
41	51	6378
0	32	6383
6	17	6385
5	30	6391
37	68	6395
21	36	6397
25	32	6401
17	32	6418
43	70	6434
80	99	6444
81	84	6451
4	45	6452
23	46	6454
29	61	6461
13	51	6462
26	28	6471
71	98	6482
24	42	6486
19	85	6496
7	81	6504
82	99	6505
23	70	6510
17	65	6512
17	45	6517
21	28	6523
23	82	6523
65	79	6524
3	25	6538
43	65	6547
66	97	6549
20	75	6552
69	70	6552
5	81	6553
22	82	6568
79	98	6568
39	70	6581
11	31	6582
26	33	6584
22	35	6585
7	31	6606
39	66	6610
42	43	6614
30	67	6621
24	64	6630
3	45	6634
43	79	6641
68	78	6642
64	78	6652
34	45	6663
10	45	6669
68	84	6671
45	89	6707
51	92	6711
3	38	6718
20	87	6723
7	45	6732
44	70	6741
15	63	6743
35	70	6744
17	28	6747
65	98	6756
54	80	6757
5	43	6774
44	78	6776
5	32	6778
17	42	6782
2	81	6783
51	65	6787
89	92	6806
82	88	6815
14	80	6818
42	89	6818
32	99	6821
63	98	6828
31	41	6832
41	82	6834
20	53	6838
47	68	6840
7	72	6847
4	53	6858
12	71	6863
4	40	6864
2	10	6869
30	55	6874
31	41	6881
87	97	6881
3	90	6891
52	70	6892
75	88	6893
53	58	6894
50	74	6909
5	20	6913
68	86	6913
3	29	6914
20	26	6918
40	81	6937
69	80	6941
1	21	6945
20	42	6973
30	33	6981
2	70	6988
6	20	6991
36	81	6994
71	81	7002
65	77	7024
15	94	7029
18	49	7029
43	57	7033
14	39	7035
33	40	7036
23	98	7046
17	94	7051
16	92	7054
17	86	7063
57	98	7064
81	91	7064
30	33	7070
43	51	7070
3	81	7086
37	83	7094
50	65	7095
75	81	7105
32	40	7106
2	59	7115
78	98	7116
22	80	7122
17	65	7127
13	59	7132
16	83	7134
50	68	7141
65	68	7145
20	69	7173
29	43	7176
44	49	7177
9	87	7204
45	63	7212
49	99	7213
22	77	7214
68	87	7215
2	79	7216
53	69	7233
20	95	7234
57	81	7244
77	79	7244
24	68	7245
2	83	7251
3	11	7262
34	69	7263
53	82	7263
11	93	7268
62	64	7268
1	63	7273
19	70	7273
2	27	7276
2	65	7285
22	43	7288
66	70	7295
14	32	7310
12	20	7318
47	66	7337
16	78	7344
2	82	7353
45	87	7378
3	53	7380
3	91	7395
68	99	7409
39	51	7416
4	82	7420
20	70	7427
70	79	7431
8	66	7446
18	96	7457
35	69	7458
21	81	7460
39	61	7463
20	34	7482
20	82	7492
29	30	7493
8	20	7499
9	69	7518
4	86	7522
70	85	7526
28	66	7528
71	78	7536
3	54	7543
68	71	7554
67	88	7558
21	72	7570
2	45	7573
2	74	7574
65	76	7587
26	49	7589
39	69	7594
97	98	7595
77	95	7596
10	73	7597
66	87	7606
55	82	7613
82	98	7614
26	78	7615
17	20	7616
22	45	7617
46	95	7634
80	98	7641
11	18	7642
9	57	7646
70	82	7647
44	66	7651
78	82	7651
10	20	7660
38	80	7660
48	88	7660
50	58	7663
50	81	7680
31	82	7681
2	98	7683
47	68	7688
1	85	7691
44	47	7699
14	99	7704
1	71	7714
45	51	7714
20	47	7716
7	52	7726
2	61	7741
42	77	7743
2	82	7760
2	33	7764
77	99	7777
41	99	7779
39	81	7789
35	36	7792
5	82	7820
5	70	7820
64	82	7833
15	56	7839
3	45	7841
19	36	7847
31	53	7847
9	25	7848
61	82	7848
26	92	7850
43	68	7852
66	70	7855
45	65	7873
20	31	7877
87	89	7879
18	77	7880
21	87	7916
44	70	7926
30	64	7937
2	43	7941
19	37	7941
33	66	7944
58	77	7952
39	68	7953
16	82	7966
25	68	7992
2	33	7996
3	94	8007
9	51	8034
9	18	8038
30	43	8038
5	75	8041
12	72	8051
63	86	8054
51	94	8057
60	66	8061
2	43	8066
38	89	8069
49	78	8072
20	33	8084
45	64	8093
21	37	8097
13	81	8098
19	70	8099
21	43	8100
43	80	8119
6	34	8124
43	89	8134
62	72	8139
28	66	8144
76	95	8150
56	68	8151
80	99	8154
2	3	8155
10	96	8156
11	55	8156
17	20	8161
20	26	8164
34	68	8164
20	99	8167
50	53	8176
34	43	8183
22	32	8190
70	82	8192
15	48	8193
16	41	8205
20	82	8207
35	57	8215
14	24	8228
56	88	8228
3	9	8229
20	65	8233
20	70	8248
35	47	8251
3	53	8254
33	87	8254
4	24	8255
10	79	8255
20	81	8257
6	34	8262
20	38	8272
1	55	8273
20	41	8283
52	66	8286
39	48	8293
0	87	8294
26	78	8296
14	38	8298
17	31	8301
20	97	8305
20	53	8308
24	33	8310
17	76	8311
45	47	8315
35	53	8319
2	60	8342
20	98	8347
6	20	8351
32	65	8358
2	56	8361
92	99	8364
37	52	8372
80	90	8386
43	93	8389
81	82	8392
24	56	8393
20	62	8396
4	66	8397
20	98	8419
20	99	8421
69	81	8426
57	89	8428
16	21	8437
3	68	8448
47	81	8463
43	75	8465
82	98	8481
7	76	8484
15	19	8486
38	94	8499
11	67	8502
2	80	8506
8	95	8509
24	84	8523
20	73	8528
79	88	8535
2	88	8540
20	79	8542
20	92	8547
24	41	8552
25	36	8564
34	40	8575
0	57	8576
20	82	8577
20	45	8578
36	80	8586
2	25	8590
65	86	8593
20	81	8615
3	35	8624
85	90	8634
4	81	8635
32	49	8659
64	82	8659
24	98	8662
2	82	8667
20	68	8673
20	33	8674
82	86	8674
59	81	8681
40	83	8690
13	33	8692
65	70	8699
23	83	8702
4	32	8703
31	65	8704
46	93	8708
6	71	8712
2	43	8719
30	44	8720
33	58	8724
40	63	8736
31	69	8740
44	81	8750
49	50	8750
20	39	8754
66	80	8761
76	80	8770
3	87	8772
25	61	8790
15	77	8794
52	98	8804
4	40	8805
2	76	8807
7	99	8815
57	85	8818
3	67	8830
45	69	8830
20	43	8831
20	35	8835
41	81	8840
56	88	8843
26	98	8844
31	44	8849
4	20	8862
31	49	8863
47	82	8867
13	53	8879
20	58	8884
1	13	8895
68	98	8897
34	98	8907
41	67	8915
74	93	8920
53	90	8943
20	69	8970
2	44	8971
3	62	8973
20	72	8976
49	87	8991
43	53	8996
81	98	9002
12	77	9005
17	82	9008
1	72	9022
45	81	9027
0	77	9041
51	99	9053
43	47	9059
43	47	9060
25	53	9069
41	53	9078
12	21	9085
45	82	9087
88	99	9094
2	86	9100
7	59	9108
8	81	9109
23	53	9119
23	41	9127
7	41	9129
17	53	9132
6	82	9136
38	84	9140
22	28	9151
20	23	9152
30	97	9152
53	90	9152
47	73	9158
40	94	9173
82	99	9177
63	64	9178
32	71	9181
45	70	9191
1	16	9198
11	28	9199
19	31	9200
30	74	9203
53	71	9208
42	84	9214
53	68	9214
43	85	9231
20	75	9232
3	4	9237
51	97	9239
33	53	9241
4	85	9243
32	45	9243
45	52	9256
41	45	9257
2	53	9259
20	41	9260
34	84	9273
45	80	9278
2	66	9284
10	86	9287
47	49	9296
2	20	9304
36	67	9304
81	83	9322
44	71	9325
2	87	9342
65	68	9343
57	59	9360
21	53	9365
36	50	9365
31	47	9396
5	59	9399
31	43	9400
35	99	9408
81	82	9409
70	85	9410
43	55	9413
85	92	9415
9	25	9420
35	43	9420
29	66	9427
29	45	9428
13	41	9457
13	48	9471
25	88	9480
42	70	9496
18	20	9498
1	76	9504
20	45	9526
52	65	9531
2	99	9532
50	54	9536
48	76	9540
14	55	9541
6	25	9542
43	47	9558
20	81	9575
4	87	9582
84	96	9582
36	81	9586
16	73	9587
28	72	9599
16	26	9603
61	85	9605
25	81	9607
32	82	9609
32	38	9609
4	54	9618
6	82	9618
32	82	9623
48	53	9625
15	17	9628
6	82	9633
23	50	9643
39	81	9643
0	20	9648
24	45	9650
84	86	9657
2	33	9658
75	94	9659
34	51	9662
38	74	9667
70	79	9669
27	48	9673
33	82	9674
36	91	9677
78	94	9683
24	45	9694
43	83	9698
53	64	9700
15	29	9703
80	98	9707
2	80	9708
17	77	9709
41	96	9712
41	43	9713
68	81	9713
14	33	9718
45	82	9720
5	94	9722
47	93	9722
2	39	9723
5	45	9732
29	80	9736
20	52	9746
26	57	9746
4	81	9747
20	24	9756
25	43	9757
24	44	9758
33	95	9760
20	22	9766
17	35	9799
20	22	9799
77	81	9800
8	13	9801
3	68	9804
22	44	9804
0	32	9808
23	46	9810
20	33	9811
50	94	9815
10	68	9829
40	82	9842
12	77	9843
34	43	9846
50	59	9848
79	84	9850
6	34	9851
43	81	9855
2	98	9861
39	51	9865
1	68	9868
40	43	9868
31	69	9874
13	94	9887
32	98	9908
14	52	9913
68	77	9913
3	82	9916
13	42	9917
2	58	9923
1	70	9932
10	21	9937
4	82	9941
82	98	9947
5	29	9951
82	91	9961
70	74	9968
10	30	9974
2	70	9976
31	40	9979
0	64	9983
23	59	9988
23	69	10005
66	88	10005
9	85	10006
26	51	10007
19	98	10011
10	45	10016
9	81	10019
35	84	10020
82	83	10031
21	81	10041
49	80	10044
20	41	10053
20	40	10061
25	56	10072
18	51	10074
3	54	10075
32	63	10086
23	51	10087
68	83	10113
39	43	10123
10	41	10142
0	83	10152
63	64	10160
11	52	10168
25	40	10168
22	77	10180
42	44	10189
44	53	10206
79	88	10216
14	21	10221
24	43	10221
76	97	10224
51	97	10227
64	74	10232
2	71	10233
4	90	10236
11	60	10241
46	80	10244
17	29	10245
3	20	10248
58	76	10253
38	71	10271
81	97	10273
61	85	10278
13	84	10281
19	48	10285
26	77	10285
17	37	10287
4	62	10295
26	34	10299
8	82	10301
8	59	10302
42	65	10308
14	89	10310
29	62	10315
45	70	10315
23	31	10316
17	26	10318
26	64	10332
5	79	10345
62	78	10346
10	75	10355
37	62	10357
3	81	10358
24	66	10376
20	97	10377
66	68	10383
13	97	10391
18	20	10395
22	70	10404
2	6	10418
34	59	10422
43	89	10431
15	31	10433
42	51	10433
4	86	10453
16	53	10454
53	56	10454
25	68	10458
45	98	10464
52	65	10464
9	82	10468
58	65	10469
2	4	10473
5	55	10483
0	99	10487
1	45	10488
2	98	10495
3	17	10501
29	65	10501
0	57	10506
2	66	10515
2	33	10521
32	75	10522
48	63	10528
47	68	10533
43	61	10535
70	99	10535
44	48	10552
43	87	10555
15	82	10556
21	42	10563
24	32	10569
20	36	10571
73	81	10571
4	12	10578
68	82	10589
30	61	10599
20	39	10610
2	14	10633
43	62	10635
43	95	10638
10	74	10646
52	97	10652
13	39	10654
16	53	10660
1	79	10661
48	63	10670
5	43	10674
43	70	10679
84	98	10680
60	93	10681
25	33	10690
32	94	10690
53	77	10694
16	82	10697
21	71	10705
29	61	10712
6	72	10721
39	86	10722
59	69	10726
82	93	10736
20	81	10740
85	88	10743
51	63	10750
2	95	10754
72	98	10754
23	56	10755
43	74	10764
40	96	10767
87	99	10767
7	85	10782
3	69	10791
25	92	10800
20	45	10804
20	51	10822
43	82	10828
65	82	10842
58	70	10848
13	22	10854
43	99	10856
20	53	10868
36	83	10876
48	68	10885
17	47	10895
20	59	10895
55	83	10912
13	43	10918
20	83	10927
21	43	10928
57	82	10928
53	92	10937
13	48	10940
26	27	10945
52	81	10945
20	40	10950
3	14	10951
0	34	10957
32	67	10968
39	96	10971
73	81	10980
6	70	10984
56	81	10988
42	79	10994
38	70	11002
5	31	11003
21	82	11003
44	70	11012
20	77	11027
53	70	11030
3	68	11036
8	20	11045
15	70	11050
18	57	11050
22	97	11061
35	78	11065
0	79	11067
21	73	11067
20	25	11068
62	75	11079
1	98	11101
45	70	11105
59	78	11109
80	94	11112
48	68	11127
77	81	11132
2	19	11133
19	95	11133
8	14	11143
51	91	11148
65	81	11151
72	82	11151
32	50	11153
35	82	11159
20	49	11162
51	69	11164
9	26	11166
73	87	11188
60	99	11190
27	69	11196
2	27	11200
20	31	11205
47	70	11207
95	96	11208
65	83	11219
30	70	11232
92	99	11239
2	66	11247
13	33	11248
23	83	11262
25	70	11272
45	69	11283
25	53	11288
82	86	11288
25	48	11291
39	77	11293
34	69	11302
17	29	11328
70	81	11331
3	19	11332
81	91	11334
4	61	11336
41	47	11337
20	31	11340
20	95	11345
17	53	11348
10	31	11354
0	15	11355
57	81	11356
25	58	11358
50	52	11360
51	99	11363
82	95	11363
1	32	11379
49	79	11389
80	91	11394
39	51	11395
6	81	11397
46	77	11404
32	44	11405
22	88	11415
38	84	11419
41	89	11419
68	84	11419
3	44	11431
1	44	11447
2	4	11453
43	77	11470
82	92	11480
28	99	11486
3	45	11489
70	84	11489
89	98	11489
58	96	11511
20	87	11519
25	81	11543
57	80	11547
10	11	11553
42	56	11557
3	24	11561
41	47	11572
43	82	11576
2	93	11577
73	90	11577
2	81	11585
4	54	11598
43	96	11606
13	54	11609
67	93	11613
17	33	11619
23	26	11620
5	22	11631
33	70	11631
4	80	11632
33	68	11632
41	98	11636
66	85	11641
20	66	11643
13	52	11647
98	99	11647
42	45	11658
63	70	11662
4	23	11676
54	68	11686
7	14	11690
18	81	11691
40	69	11695
23	63	11697
2	98	11704
70	77	11717
13	43	11737
19	70	11749
32	79	11755
39	71	11762
58	74	11765
32	87	11771
63	68	11778
80	83	11791
34	43	11797
13	36	11803
81	90	11807
13	59	11837
51	85	11839
74	80	11858
62	98	11860
3	12	11862
68	81	11871
24	82	11886
33	95	11888
41	82	11894
4	27	11895
17	98	11896
17	41	11896
24	65	11896
2	9	11903
7	20	11912
70	95	11912
35	51	11913
25	63	11929
32	33	11935
30	80	11937
20	46	11952
53	65	11957
1	29	11962
5	98	11967
20	27	11973
16	76	11978
2	82	11984
38	88	12004
20	43	12007
22	38	12009
34	69	12014
20	38	12027
3	88	12036
30	80	12047
23	52	12050
16	76	12060
7	99	12064
25	82	12067
20	86	12068
31	46	12082
68	70	12091
3	76	12107
37	54	12108
33	98	12119
44	83	12119
58	83	12119
53	82	12121
13	15	12132
41	99	12135
78	81	12144
0	38	12161
21	34	12167
48	72	12175
1	51	12186
14	20	12191
82	88	12191
15	39	12198
35	66	12198
2	42	12199
43	57	12204
3	66	12210
35	70	12210
29	71	12220
2	40	12221
36	58	12221
20	82	12223
8	25	12228
5	96	12241
4	34	12248
3	94	12249
82	95	12260
13	43	12266
25	99	12266
41	52	12277
10	27	12285
50	82	12293
20	89	12302
83	87	12304
12	88	12309
3	93	12316
25	26	12328
75	87	12332
14	79	12333
20	29	12338
39	62	12339
43	89	12341
4	89	12347
22	29	12352
7	44	12357
24	75	12385
44	81	12394
4	50	12395
20	99	12401
50	89	12404
2	97	12408
68	86	12408
2	86	12423
34	72	12423
81	87	12432
50	82	12445
21	43	12458
2	29	12459
27	78	12461
42	45	12463
32	46	12466
41	53	12467
17	59	12475
72	87	12493
50	59	12495
19	93	12503
2	37	12511
26	94	12515
47	51	12515
44	82	12518
30	45	12527
2	32	12529
26	53	12534
62	95	12538
20	39	12554
3	23	12562
2	32	12569
23	66	12570
8	40	12571
4	48	12573
76	95	12576
8	10	12578
59	64	12593
40	44	12604
20	39	12611
23	53	12636
74	87	12641
27	38	12642
2	42	12646
5	82	12650
68	82	12658
43	68	12673
37	39	12681
54	88	12683
25	48	12687
48	82	12689
3	20	12690
66	81	12690
5	33	12693
5	26	12698
45	52	12709
43	81	12710
57	98	12710
6	92	12711
8	75	12712
82	88	12714
25	39	12717
2	9	12718
27	86	12727
65	79	12738
27	97	12743
10	55	12745
32	86	12746
20	65	12749
23	32	12764
13	86	12771
61	98	12772
33	92	12781
10	99	12783
81	90	12789
29	31	12793
2	51	12795
17	30	12809
11	71	12811
11	75	12818
39	44	12825
59	86	12830
10	66	12841
43	82	12841
27	40	12845
82	86	12851
23	81	12861
65	85	12874
17	37	12882
69	70	12886
20	95	12896
5	19	12904
12	68	12909
24	85	12910
5	91	12915
57	89	12916
50	98	12917
28	39	12919
51	76	12926
12	42	12928
81	95	12930
26	41	12955
34	44	12966
29	75	12970
13	68	12994
36	90	13001
16	41	13003
36	72	13004
18	43	13012
20	52	13016
20	70	13017
6	27	13029
4	82	13044
17	82	13045
31	69	13051
2	67	13070
57	68	13070
16	91	13079
8	51	13080
26	82	13084
9	84	13120
62	90	13128
58	83	13129
20	54	13132
27	76	13146
2	12	13151
20	70	13151
16	38	13153
39	43	13157
7	89	13161
20	48	13167
43	47	13175
13	68	13179
62	64	13186
4	81	13208
5	65	13221
72	76	13221
65	75	13240
41	81	13242
2	5	13252
24	52	13255
20	93	13258
65	97	13260
2	60	13262
17	68	13267
82	94	13268
20	98	13271
5	93	13275
72	98	13276
62	82	13278
36	81	13301
2	70	13307
3	23	13308
23	33	13312
3	69	13336
36	65	13342
19	81	13344
55	78	13347
43	81	13348
70	96	13365
51	53	13377
47	69	13384
32	68	13386
56	70	13409
37	59	13414
52	74	13419
59	70	13419
31	53	13424
44	70	13425
82	93	13425
43	69	13426
17	61	13434
83	95	13435
31	70	13436
1	31	13440
32	57	13443
43	72	13444
2	53	13457
4	81	13460
20	70	13460
31	62	13466
30	65	13477
3	74	13484
6	81	13486
13	83	13514
36	97	13531
29	86	13542
78	81	13550
80	88	13557
71	88	13562
36	81	13571
45	70	13589
2	63	13592
23	45	13593
41	68	13608
45	79	13608
52	56	13611
5	94	13643
60	99	13646
34	62	13669
21	22	13682
49	95	13693
57	76	13696
37	51	13709
53	80	13709
25	64	13714
77	87	13717
48	59	13718
31	39	13724
20	39	13726
41	87	13726
49	97	13729
20	52	13733
5	10	13747
32	98	13749
22	30	13757
28	69	13777
8	56	13778
15	28	13785
3	7	13795
1	32	13797
44	96	13797
52	82	13800
76	81	13800
10	30	13804
13	43	13804
29	62	13808
15	42	13809
48	70	13809
2	39	13836
19	55	13849
72	99	13849
41	81	13858
18	82	13859
18	88	13867
1	53	13882
11	44	13883
67	84	13883
45	49	13886
43	56	13900
74	75	13916
27	29	13920
3	42	13932
33	97	13941
20	75	13943
26	48	13953
24	43	13959
31	82	13959
29	69	13960
20	87	13965
61	94	13983
20	32	13985
70	78	13990
64	74	13993
65	69	13999
43	81	14007
36	68	14012
6	82	14039
82	93	14040
39	81	14044
32	64	14052
32	37	14055
55	60	14056
56	57	14056
6	53	14061
15	20	14061
20	70	14069
3	20	14072
52	61	14077
39	57	14087
21	40	14088
51	90	14098
7	25	14104
61	81	14111
21	51	14116
3	82	14117
26	70	14127
39	81	14130
50	81	14130
3	24	14134
71	73	14138
4	90	14152
22	86	14152
2	15	14157
35	89	14161
81	82	14167
7	35	14175
2	24	14176
45	48	14176
49	99	14187
27	64	14188
66	98	14191
3	57	14194
32	82	14195
10	32	14208
2	22	14211
22	71	14230
8	35	14231
51	68	14233
19	48	14243
56	99	14247
20	82	14250
43	82	14257
71	99	14263
2	27	14274
19	92	14274
75	95	14281
4	45	14283
51	73	14293
8	43	14302
46	61	14305
26	70	14306
2	61	14312
13	63	14313
91	98	14338
0	77	14342
30	70	14346
56	85	14349
3	30	14355
24	82	14355
15	80	14365
0	72	14366
9	49	14368
24	48	14369
26	75	14372
7	14	14380
69	89	14384
62	81	14400
30	98	14402
39	95	14414
10	71	14419
64	71	14419
59	99	14435
21	45	14451
82	92	14452
20	57	14471
9	23	14475
35	88	14485
3	20	14486
4	5	14494
34	71	14494
14	86	14509
20	58	14510
80	93	14510
76	93	14515
20	86	14517
21	98	14519
10	70	14523
92	96	14523
73	81	14536
65	69	14538
48	80	14539
3	23	14542
34	45	14544
3	43	14546
16	22	14553
25	77	14554
12	65	14576
25	59	14577
83	97	14592
69	79	14593
15	26	14611
3	18	14622
8	85	14647
59	83	14656
17	69	14658
61	96	14659
20	45	14665
20	73	14665
44	59	14668
27	80	14669
10	26	14672
2	80	14683
2	81	14685
36	50	14685
23	52	14689
47	56	14689
29	30	14692
36	76	14692
41	82	14694
18	68	14712
63	98	14712
24	72	14715
20	42	14718
3	12	14740
22	41	14745
3	36	14749
3	29	14756
21	86	14763
18	20	14765
34	81	14765
70	80	14768
20	21	14773
13	82	14780
32	81	14783
39	83	14791
51	83	14798
27	58	14804
45	72	14812
78	82	14812
42	81	14817
8	63	14821
20	28	14822
4	21	14829
74	95	14853
32	75	14855
18	47	14860
17	21	14870
8	64	14873
0	81	14878
23	81	14890
51	66	14897
37	71	14899
59	99	14910
2	20	14915
2	23	14922
33	43	14926
3	38	14932
84	87	14933
70	94	14936
3	64	14940
41	54	14941
0	18	14950
43	45	14952
35	70	14957
18	22	14961
31	74	14966
20	67	14978
71	79	14993
62	88	15016
82	87	15017
70	72	15039
51	73	15050
2	57	15051
56	97	15052
40	51	15060
82	93	15090
68	72	15093
8	82	15102
20	76	15104
32	75	15109
80	98	15111
76	82	15123
53	86	15126
20	45	15128
55	87	15134
63	66	15136
3	14	15137
4	67	15148
81	88	15148
79	93	15150
39	79	15157
14	99	15168
3	70	15171
45	73	15171
64	98	15179
24	34	15180
15	80	15181
10	22	15186
6	63	15194
15	76	15194
71	94	15196
17	39	15198
24	75	15198
42	58	15198
63	86	15199
20	23	15201
35	40	15216
12	97	15230
20	98	15248
31	70	15250
37	47	15257
42	99	15281
35	72	15282
54	93	15290
9	53	15293
6	24	15300
69	77	15300
21	51	15309
11	43	15310
6	94	15316
30	88	15318
63	66	15318
53	66	15321
20	73	15324
4	94	15331
53	89	15331
43	44	15332
16	91	15339
20	57	15346
31	39	15352
38	67	15353
52	58	15364
37	42	15366
78	92	15375
20	56	15383
95	98	15405
39	55	15409
20	30	15415
30	65	15416
29	54	15419
25	82	15424
55	67	15424
19	39	15431
51	82	15432
22	78	15436
62	99	15443
20	87	15450
32	98	15453
7	51	15464
42	56	15466
21	66	15468
8	65	15484
45	57	15484
26	30	15487
17	66	15495
42	89	15495
62	83	15499
44	58	15510
80	82	15514
65	83	15516
20	98	15531
29	43	15541
25	46	15547
9	75	15559
31	34	15561
56	86	15570
30	56	15571
4	8	15573
17	86	15576
56	99	15585
17	21	15588
37	71	15594
62	81	15608
32	66	15621
70	82	15626
42	90	15630
28	65	15646
69	82	15646
2	56	15659
27	48	15660
37	87	15676
41	59	15676
47	76	15676
21	25	15677
8	76	15679
41	84	15680
10	67	15693
5	86	15696
30	68	15708
2	76	15711
9	46	15712
2	14	15721
39	77	15727
54	76	15731
10	20	15732
4	13	15753
20	84	15753
87	95	15770
36	66	15773
2	66	15784
2	36	15787
70	88	15787
31	76	15794
18	82	15797
64	70	15797
21	81	15803
2	56	15804
78	99	15816
1	10	15822
83	97	15829
20	76	15831
16	43	15835
0	59	15837
40	61	15838
65	95	15838
3	91	15841
39	56	15841
25	54	15849
11	82	15854
1	5	15855
43	73	15857
25	88	15859
0	44	15870
78	87	15872
22	83	15875
15	73	15878
2	45	15879
30	91	15897
20	39	15900
11	68	15906
23	26	15906
6	20	15910
51	69	15911
47	87	15912
64	98	15912
20	87	15921
20	96	15921
51	98	15921
23	44	15924
17	40	15927
58	89	15927
2	85	15938
4	78	15946
33	36	15946
54	82	15948
45	68	15950
63	82	15961
47	98	15962
87	95	15976
20	39	15981
4	18	15985
20	39	15988
30	38	15990
56	61	15993
23	58	16000
9	16	16004
40	89	16005
26	81	16007
23	35	16008
50	82	16017
3	54	16023
26	64	16023
46	99	16035
18	26	16037
2	3	16046
46	77	16057
43	51	16060
53	68	16060
44	49	16064
52	65	16067
41	44	16072
54	81	16087
62	68	16087
63	81	16099
2	56	16108
41	82	16109
31	65	16124
81	83	16127
74	90	16135
30	34	16151
47	53	16155
30	52	16161
20	82	16172
13	53	16203
21	44	16205
33	91	16223
31	70	16225
0	4	16228
5	23	16235
10	34	16241
8	47	16242
55	90	16242
20	82	16249
31	40	16254
34	53	16264
18	81	16273
9	65	16276
26	28	16279
32	80	16283
28	65	16284
56	86	16285
38	72	16297
8	26	16299
49	52	16305
41	80	16306
50	78	16306
23	53	16310
21	33	16316
3	28	16317
20	63	16327
62	64	16337
62	65	16348
43	64	16353
9	43	16356
26	32	16370
69	71	16376
53	75	16404
43	77	16406
62	96	16410
6	41	16411
44	93	16420
50	60	16430
1	25	16432
94	99	16433
7	96	16434
54	59	16436
62	77	16436
33	40	16440
22	96	16461
51	83	16470
27	73	16478
59	82	16486
17	30	16490
36	47	16495
37	70	16496
3	51	16497
69	94	16502
65	66	16504
33	90	16515
44	76	16518
26	99	16521
20	50	16535
83	99	16544
9	50	16560
28	81	16563
10	43	16564
51	86	16567
62	71	16589
9	24	16595
20	53	16599
21	96	16603
40	86	16603
1	75	16604
20	75	16611
63	86	16617
43	71	16625
11	70	16627
29	99	16632
62	85	16633
5	17	16644
9	82	16647
11	41	16654
20	81	16662
75	97	16673
2	41	16675
76	77	16702
22	70	16708
47	93	16716
53	98	16720
43	85	16728
30	74	16729
89	99	16729
53	92	16735
14	20	16737
20	82	16738
26	33	16740
39	54	16746
82	98	16747
3	66	16749
9	13	16751
69	84	16755
22	50	16762
34	71	16770
26	78	16771
30	44	16779
67	93	16782
39	50	16792
12	16	16795
81	85	16803
17	55	16806
16	43	16812
45	82	16826
16	98	16828
2	35	16833
1	30	16834
51	94	16843
39	55	16845
82	98	16847
26	81	16848
51	86	16855
20	73	16856
26	98	16864
20	66	16872
39	45	16872
62	81	16872
26	81	16890
40	88	16890
6	53	16892
31	61	16893
10	35	16896
2	89	16901
17	86	16907
3	90	16920
3	6	16922
42	47	16925
4	82	16930
25	55	16930
29	47	16933
68	81	16939
53	63	16951
14	59	16953
51	66	16959
9	62	16960
64	98	16961
32	34	16962
4	84	16965
21	67	16967
55	59	16974
2	4	16978
27	46	16979
20	71	16980
47	65	16982
2	13	16984
17	43	16986
66	82	16993
23	81	16994
54	77	16996
14	51	17005
37	82	17012
41	43	17017
43	98	17020
82	93	17020
2	93	17029
2	9	17031
21	45	17034
1	25	17035
30	64	17041
3	82	17045
6	32	17046
21	80	17049
70	98	17060
62	90	17066
41	45	17070
53	83	17070
3	21	17077
20	86	17080
28	83	17080
62	95	17084
20	41	17097
4	81	17122
72	97	17123
39	45	17140
25	39	17142
13	43	17156
10	81	17161
10	31	17165
20	75	17165
52	91	17165
4	25	17168
20	43	17179
43	82	17183
68	78	17187
7	82	17192
54	99	17193
15	41	17194
46	49	17198
41	88	17202
32	70	17206
48	51	17212
56	59	17219
69	82	17226
81	84	17235
55	70	17242
4	54	17243
2	50	17248
1	43	17258
7	62	17262
70	97	17264
3	17	17265
13	77	17265
67	95	17265
74	85	17270
37	39	17273
44	76	17281
12	48	17283
38	66	17287
57	93	17306
13	45	17310
7	17	17329
13	96	17346
8	89	17347
50	55	17352
14	76	17357
92	97	17361
3	68	17364
3	43	17378
8	9	17386
24	58	17386
60	71	17387
3	50	17401
38	59	17443
21	65	17446
32	82	17449
53	84	17449
62	96	17450
2	54	17456
22	23	17463
47	88	17464
20	51	17470
4	53	17473
25	78	17477
74	88	17483
0	81	17488
33	98	17508
4	82	17509
89	98	17510
50	64	17515
29	84	17523
2	29	17526
33	36	17541
70	91	17542
22	45	17545
26	43	17547
15	34	17558
67	81	17559
30	82	17564
82	90	17569
17	28	17574
77	80	17575
30	64	17579
34	81	17586
20	58	17594
36	78	17594
6	32	17597
19	81	17597
21	36	17601
14	46	17604
9	17	17605
64	93	17607
68	79	17619
26	27	17623
3	38	17624
31	98	17629
64	95	17629
23	43	17633
85	98	17636
44	81	17641
32	87	17649
2	25	17650
17	94	17657
81	88	17661
2	62	17665
33	66	17680
66	87	17686
58	98	17687
40	69	17689
3	64	17693
43	66	17715
13	32	17718
5	81	17719
80	83	17720
44	82	17725
22	84	17726
37	57	17728
32	43	17736
77	93	17785
84	98	17797
24	28	17800
20	91	17803
33	76	17806
24	98	17807
25	44	17807
47	98	17811
45	59	17814
20	81	17817
20	72	17818
3	81	17825
61	69	17832
62	71	17833
20	66	17844
7	93	17845
53	56	17847
72	77	17847
38	58	17848
54	80	17860
81	97	17861
22	63	17863
23	82	17892
3	56	17894
39	50	17894
45	87	17896
2	95	17907
1	44	17918
65	73	17918
2	95	17920
88	96	17925
62	91	17929
82	97	17930
2	32	17936
32	33	17937
10	94	17952
44	53	17953
2	33	17965
60	71	17973
13	58	17982
43	74	17991
26	39	17992
35	72	17998
21	38	17999
0	58	18002
88	92	18003
20	34	18004
8	34	18022
3	99	18025
37	88	18027
5	56	18037
39	80	18038
8	64	18058
43	94	18062
22	71	18063
78	99	18064
45	81	18068
37	81	18071
32	81	18080
39	66	18080
17	84	18097
2	7	18099
10	54	18108
60	95	18117
7	59	18128
25	62	18141
33	45	18147
26	47	18152
24	81	18155
11	88	18169
2	82	18177
56	81	18185
34	62	18188
19	81	18197
69	73	18203
3	61	18209
52	87	18213
32	76	18220
41	62	18238
20	37	18241
20	22	18245
2	66	18253
44	69	18258
2	17	18259
62	99	18266
2	80	18275
57	81	18280
70	93	18291
56	74	18301
38	81	18302
4	81	18308
65	81	18308
3	45	18313
3	95	18313
47	49	18313
24	80	18318
19	24	18323
50	68	18328
21	58	18338
32	67	18349
45	80	18351
44	45	18353
33	65	18359
2	89	18367
24	78	18374
44	57	18387
2	44	18389
32	35	18391
12	93	18402
20	32	18405
56	83	18422
43	58	18424
37	59	18443
38	56	18455
27	43	18460
50	70	18471
1	83	18482
20	21	18482
11	45	18486
52	92	18489
33	53	18495
43	69	18499
20	22	18500
69	85	18512
2	20	18526
7	60	18537
39	45	18537
13	54	18549
5	71	18555
68	81	18555
25	82	18556
77	81	18557
12	17	18560
20	68	18565
51	78	18570
5	89	18574
26	35	18577
8	87	18586
55	74	18588
0	69	18590
42	58	18600
53	79	18601
31	49	18611
43	69	18634
50	80	18643
43	86	18649
61	77	18656
17	82	18673
93	99	18675
1	99	18683
20	88	18686
4	59	18700
49	64	18702
20	62	18708
12	70	18709
2	74	18719
26	39	18721
94	98	18721
46	86	18723
2	22	18727
45	97	18733
40	75	18735
4	82	18742
86	93	18761
51	54	18765
6	21	18782
2	26	18784
4	37	18787
43	68	18794
5	89	18799
20	33	18799
46	64	18808
20	77	18812
23	24	18813
38	91	18817
62	65	18829
72	74	18841
45	60	18857
0	31	18860
24	43	18867
43	53	18871
27	32	18876
2	43	18881
53	95	18892
34	59	18894
81	97	18900
59	75	18902
4	89	18911
91	98	18920
17	70	18923
43	98	18927
5	84	18944
75	81	18947
14	57	18951
4	78	18955
28	44	18955
39	79	18956
65	66	18957
29	84	18972
44	80	18973
58	77	18973
7	10	18974
31	65	18974
20	82	18987
0	45	18989
25	98	18990
13	65	19017
76	97	19018
1	43	19027
87	88	19031
45	69	19033
62	82	19036
38	70	19060
54	81	19066
8	78	19074
38	73	19077
39	45	19082
65	80	19089
26	59	19091
33	75	19094
34	47	19105
44	69	19107
82	98	19114
80	91	19116
47	98	19121
4	62	19139
36	94	19153
49	86	19160
1	42	19171
32	68	19180
44	65	19180
14	93	19195
2	24	19199
28	69	19204
49	90	19204
3	18	19211
20	82	19211
43	98	19222
20	59	19224
25	81	19225
31	45	19225
9	12	19236
11	69	19236
2	42	19251
21	43	19255
47	50	19258
38	94	19259
41	87	19262
47	81	19278
20	87	19280
37	46	19281
70	76	19285
53	99	19286
43	69	19292
20	58	19293
30	41	19304
37	98	19308
4	20	19309
66	70	19309
77	82	19310
4	26	19316
20	71	19327
63	81	19333
20	98	19334
14	63	19340
17	34	19353
27	47	19362
9	30	19374
18	33	19375
2	87	19380
49	65	19384
82	85	19391
31	52	19397
61	96	19399
34	76	19405
21	29	19408
36	43	19408
14	22	19409
30	67	19414
66	68	19415
26	41	19435
3	81	19440
20	44	19449
30	66	19449
28	59	19455
49	80	19462
39	75	19467
29	55	19476
81	96	19513
20	47	19519
70	81	19520
3	54	19532
17	53	19534
7	11	19535
45	53	19535
44	81	19544
20	60	19550
18	21	19552
20	87	19560
30	40	19565
24	80	19567
35	73	19571
21	53	19574
11	25	19579
98	99	19588
54	96	19589
18	87	19591
17	54	19593
8	53	19600
59	82	19615
52	90	19619
81	93	19619
19	65	19620
60	68	19620
38	91	19628
43	66	19643
2	55	19651
30	81	19678
70	99	19678
4	26	19688
0	37	19689
70	87	19702
25	67	19711
14	81	19718
16	67	19735
47	80	19737
2	16	19739
67	98	19741
8	62	19743
70	79	19743
61	79	19752
45	82	19756
37	70	19767
19	81	19770
17	20	19775
27	33	19784
20	80	19793
51	70	19797
28	93	19810
53	87	19825
2	63	19826
91	95	19830
50	63	19835
14	86	19838
0	61	19839
11	74	19840
5	26	19843
77	96	19857
48	86	19867
59	80	19871
29	42	19875
31	70	19887
25	82	19889
16	43	19894
74	83	19899
20	55	19901
37	76	19907
21	39	19909
42	50	19912
50	84	19915
15	43	19926
59	64	19929
51	81	19938
4	70	19944
26	63	19946
15	82	19950
28	93	19952
3	43	19964
2	64	19971
15	82	19983
82	86	19989
31	58	19992
11	65	19998
4	68	19999
6	18	20000
