1	55	1
11	33	17
26	29	18
11	74	25
12	84	28
56	99	29
33	37	38
10	86	39
27	76	40
69	96	44
46	98	48
46	80	55
82	85	58
16	93	64
38	96	68
6	96	78
27	96	80
12	26	91
49	54	98
16	26	107
16	77	107
37	68	108
53	62	108
0	29	110
32	72	115
52	86	115
41	57	125
43	85	126
3	86	128
67	98	129
40	99	133
7	96	139
38	96	140
52	87	141
40	70	150
29	42	151
51	82	152
35	38	156
57	96	174
1	81	182
34	96	189
82	96	189
11	96	197
37	85	199
11	76	201
91	93	201
39	93	211
11	88	217
14	85	228
76	88	230
1	60	232
71	99	232
25	82	238
0	99	248
1	75	256
37	42	262
38	43	266
27	29	267
5	76	270
61	62	270
10	68	271
37	38	275
9	17	281
46	96	287
10	13	298
28	55	302
41	85	306
36	64	311
1	86	316
41	46	319
32	86	332
1	32	334
37	63	336
8	93	337
38	98	340
91	96	340
16	93	349
16	26	353
6	56	367
33	76	373
26	35	377
37	42	388
71	84	406
22	37	413
1	68	420
24	36	430
6	92	446
16	34	446
37	73	447
57	96	457
59	92	457
40	46	465
39	40	468
63	68	477
38	93	478
49	66	483
91	96	483
28	66	488
46	86	489
56	66	499
57	96	499
36	38	504
26	59	505
37	74	510
38	61	511
20	37	512
91	95	515
1	44	524
21	84	528
54	83	531
7	99	536
12	75	536
27	65	536
7	89	551
0	73	554
41	84	564
33	63	565
63	73	567
21	93	575
68	91	576
16	46	578
35	60	592
16	56	596
48	66	606
11	33	617
9	91	619
23	37	625
13	17	632
63	68	636
14	38	656
21	31	658
91	93	664
1	19	690
4	38	697
13	18	700
6	21	711
22	70	713
53	55	713
12	66	714
26	35	719
0	15	720
54	87	722
4	46	726
86	96	726
1	86	727
1	23	729
1	23	730
37	61	741
64	96	744
90	91	744
8	91	749
16	38	755
39	97	758
5	93	764
34	77	781
1	48	782
29	86	787
37	56	789
6	29	800
22	26	806
68	78	820
30	94	823
13	93	832
0	17	835
37	55	839
35	55	851
85	96	851
16	76	855
45	78	859
1	6	860
37	52	865
62	81	869
13	58	873
56	68	890
16	65	891
30	91	895
16	46	900
93	96	901
20	44	905
38	99	906
48	79	920
37	85	921
52	68	925
19	54	926
55	93	930
7	32	932
64	76	935
72	76	936
4	62	943
37	47	943
65	93	946
76	83	959
16	30	969
12	16	975
14	38	982
3	82	991
11	17	994
6	62	995
33	93	997
5	68	1002
37	64	1006
1	71	1019
92	96	1019
46	90	1023
26	38	1034
15	82	1035
62	65	1035
0	37	1039
26	95	1047
22	93	1055
31	91	1068
31	82	1077
1	37	1080
9	96	1080
92	96	1080
13	81	1082
93	97	1083
46	96	1092
27	93	1099
12	93	1103
4	91	1114
22	35	1114
43	64	1120
68	96	1121
6	46	1124
8	60	1133
27	93	1145
8	15	1147
38	48	1147
0	35	1150
1	40	1160
48	53	1160
69	76	1162
71	96	1163
7	26	1178
26	34	1180
16	81	1186
5	76	1189
1	87	1197
36	66	1212
75	86	1214
2	17	1218
4	80	1219
0	83	1246
2	39	1251
15	94	1251
13	86	1255
7	45	1265
6	22	1269
9	86	1269
33	44	1273
82	93	1280
82	99	1281
79	85	1286
37	46	1288
40	41	1292
68	96	1297
7	33	1305
36	96	1305
37	46	1311
38	78	1313
43	96	1321
17	33	1322
16	96	1323
0	48	1328
4	85	1335
1	30	1339
61	88	1339
72	96	1339
57	78	1340
14	62	1343
35	44	1343
33	36	1347
46	93	1348
21	46	1363
0	93	1366
10	80	1382
1	26	1383
0	26	1384
1	11	1385
11	35	1387
46	76	1388
19	38	1389
56	81	1389
61	82	1391
1	16	1394
16	55	1395
40	46	1399
32	97	1401
1	93	1403
17	62	1403
6	77	1414
1	16	1426
19	28	1433
10	68	1435
29	55	1436
39	95	1441
43	57	1446
11	73	1452
4	85	1466
26	77	1470
41	91	1476
13	47	1484
19	79	1495
2	16	1502
16	22	1503
59	62	1505
0	76	1508
1	75	1512
9	16	1534
3	17	1535
3	14	1543
21	55	1548
10	76	1555
80	96	1555
68	77	1560
46	96	1561
70	82	1580
26	28	1587
7	77	1596
17	98	1597
6	96	1603
61	79	1604
93	96	1604
44	58	1609
19	77	1617
68	93	1621
70	73	1621
5	91	1622
15	90	1629
0	21	1631
60	76	1638
12	16	1643
42	65	1653
91	96	1653
63	98	1660
80	81	1664
1	32	1669
37	88	1673
5	48	1678
1	38	1688
14	81	1690
6	29	1698
48	52	1703
26	67	1704
40	68	1708
66	95	1710
1	64	1715
46	98	1716
15	93	1727
32	33	1728
62	75	1728
16	75	1730
0	78	1735
23	96	1741
89	93	1743
14	67	1746
29	76	1750
79	81	1763
78	93	1774
45	76	1779
37	95	1780
26	86	1785
47	85	1791
32	77	1804
11	93	1810
63	89	1814
7	10	1819
6	68	1820
16	66	1833
8	52	1850
50	58	1852
79	88	1858
19	35	1859
36	55	1859
6	21	1862
4	68	1863
0	62	1873
16	76	1876
4	35	1882
30	35	1891
66	80	1891
30	74	1897
11	46	1902
33	96	1902
12	73	1910
16	84	1915
9	82	1917
1	66	1918
10	46	1918
2	66	1931
13	24	1936
93	96	1936
23	48	1953
33	62	1953
53	96	1955
52	71	1968
45	61	1980
8	57	1981
1	62	1983
87	93	1983
54	67	1992
26	81	1994
38	44	1997
0	72	1999
47	61	2020
38	50	2022
19	55	2024
88	95	2038
20	23	2063
26	35	2067
0	9	2074
14	93	2074
38	76	2077
29	81	2088
19	94	2090
84	96	2093
1	48	2094
11	36	2096
34	80	2098
6	49	2100
38	52	2101
81	90	2111
9	26	2122
43	66	2132
1	61	2140
45	73	2140
58	71	2141
22	57	2147
26	32	2147
5	35	2150
1	37	2151
28	44	2152
17	84	2153
26	48	2158
17	63	2165
26	36	2167
42	59	2170
20	36	2174
6	66	2179
15	42	2188
15	86	2189
31	55	2194
20	37	2195
13	66	2217
53	68	2217
26	96	2221
40	66	2228
44	96	2230
20	21	2234
3	93	2235
78	97	2239
27	60	2245
16	62	2246
31	86	2246
38	92	2247
7	50	2248
36	79	2248
77	86	2250
26	48	2261
2	98	2276
6	55	2297
16	85	2307
23	51	2308
1	70	2309
31	33	2310
93	96	2318
0	91	2326
26	62	2331
12	63	2332
0	79	2335
63	95	2340
43	82	2342
56	69	2346
29	72	2355
45	77	2356
66	95	2358
80	82	2358
7	9	2361
16	38	2363
38	62	2375
32	46	2376
26	40	2377
38	93	2384
5	85	2385
6	57	2393
38	46	2395
5	70	2396
63	96	2416
33	96	2417
38	96	2417
22	80	2419
46	96	2420
26	66	2424
21	96	2425
10	46	2427
5	33	2431
17	62	2434
1	63	2436
0	83	2446
44	66	2459
37	75	2460
61	71	2460
95	96	2465
34	83	2474
42	86	2481
19	61	2486
62	96	2486
32	84	2488
38	88	2497
63	84	2499
14	23	2503
96	99	2504
11	16	2505
60	77	2505
38	79	2511
38	87	2516
41	91	2520
7	37	2536
17	44	2536
26	46	2541
53	61	2542
16	96	2549
29	63	2549
13	26	2565
72	76	2568
38	92	2570
20	58	2572
29	53	2577
11	42	2578
1	58	2581
66	86	2584
36	39	2587
19	93	2589
10	40	2593
46	99	2598
64	66	2601
87	98	2609
17	62	2622
33	68	2627
3	68	2638
19	48	2638
71	76	2645
37	95	2661
16	88	2679
55	87	2693
4	66	2700
42	57	2704
53	90	2707
30	82	2710
16	96	2724
65	93	2729
1	7	2734
46	62	2755
66	84	2756
29	67	2761
37	61	2766
15	52	2767
16	82	2775
82	87	2787
76	93	2797
3	31	2800
16	96	2801
38	46	2802
26	71	2803
46	51	2804
37	78	2814
3	96	2815
26	97	2815
4	96	2819
0	1	2820
0	93	2821
26	86	2825
31	66	2830
1	4	2839
48	62	2839
6	82	2841
26	96	2844
1	93	2855
1	41	2863
44	96	2874
26	33	2882
26	73	2888
3	76	2895
42	76	2899
17	95	2903
37	70	2903
15	31	2904
37	90	2915
38	63	2924
19	59	2925
25	96	2928
35	64	2932
44	46	2932
35	37	2935
40	77	2939
18	85	2940
26	70	2947
0	99	2948
32	36	2952
12	13	2960
53	72	2961
5	95	2964
17	96	2973
10	99	2977
19	45	2979
63	76	2982
5	46	2983
24	54	2992
47	83	2998
16	29	2999
44	76	3009
81	84	3017
16	28	3018
19	30	3024
2	9	3029
93	94	3037
44	64	3039
3	88	3046
36	97	3047
42	96	3048
4	96	3054
16	32	3056
74	82	3064
0	96	3070
0	43	3078
0	75	3083
90	93	3088
57	99	3102
0	40	3103
35	96	3105
61	91	3109
46	72	3115
59	76	3124
5	80	3125
1	68	3134
73	93	3144
46	61	3151
16	60	3152
82	85	3153
17	38	3157
27	59	3161
19	91	3170
8	19	3172
31	61	3173
75	79	3173
46	66	3192
1	36	3196
61	87	3201
13	33	3202
52	81	3218
35	37	3220
26	42	3246
38	46	3258
33	44	3271
13	95	3287
11	65	3302
1	36	3317
27	33	3320
59	91	3327
75	77	3328
16	60	3336
3	33	3337
50	73	3343
3	99	3344
11	83	3345
27	86	3348
0	14	3351
6	29	3356
43	62	3364
46	96	3366
37	48	3376
29	52	3379
44	46	3379
42	56	3383
0	93	3386
6	81	3389
12	76	3402
18	93	3407
2	11	3408
75	93	3408
21	70	3409
66	91	3412
7	52	3417
0	2	3429
63	86	3434
10	38	3437
37	68	3444
27	88	3447
68	94	3449
6	33	3451
17	66	3452
44	63	3458
41	96	3471
32	48	3479
44	93	3490
44	85	3506
7	13	3508
63	76	3511
68	82	3542
48	71	3544
19	63	3545
15	96	3546
32	36	3546
45	52	3555
0	18	3556
16	46	3561
37	46	3561
8	93	3566
11	46	3569
16	38	3577
13	46	3578
7	47	3581
1	94	3587
46	92	3597
32	37	3598
1	69	3607
53	76	3609
18	55	3611
6	16	3612
1	82	3621
0	84	3630
80	93	3633
6	28	3639
32	83	3640
71	75	3640
3	15	3658
33	68	3659
64	92	3660
34	66	3661
68	93	3661
51	99	3683
93	96	3697
24	91	3704
35	76	3707
61	93	3711
66	89	3718
1	76	3721
22	75	3724
40	64	3724
3	62	3739
63	95	3743
7	55	3746
48	91	3748
66	74	3751
38	72	3752
5	38	3753
6	29	3754
26	32	3758
34	65	3762
44	91	3762
1	76	3774
28	70	3794
13	93	3802
5	40	3819
10	26	3825
21	86	3828
49	95	3828
24	93	3833
16	26	3838
46	96	3839
41	53	3849
29	43	3850
16	45	3851
28	77	3851
34	93	3853
0	8	3856
32	89	3856
2	96	3858
86	90	3858
7	68	3863
27	79	3863
3	27	3866
1	57	3868
19	96	3868
5	96	3871
64	67	3873
0	33	3878
26	77	3883
33	50	3883
6	76	3897
51	65	3897
6	88	3899
8	16	3906
1	64	3917
1	46	3924
1	58	3927
36	59	3929
47	55	3941
16	39	3942
6	48	3943
61	84	3943
37	91	3945
1	76	3954
4	69	3960
13	52	3971
37	52	3977
57	90	3977
1	23	3981
2	16	3993
11	12	3993
11	84	3993
46	81	3995
7	66	3997
31	46	3999
36	93	3999
18	96	4024
28	38	4039
23	93	4041
50	63	4043
19	76	4046
0	36	4051
26	45	4052
33	38	4065
22	89	4066
22	54	4087
29	57	4091
26	46	4109
8	65	4117
94	96	4134
9	76	4146
19	70	4146
53	66	4156
29	76	4158
62	91	4170
93	96	4175
14	90	4185
36	51	4186
61	93	4198
32	55	4206
66	93	4221
6	39	4227
1	64	4229
0	85	4234
6	38	4239
3	29	4242
16	37	4242
77	91	4244
20	94	4245
43	96	4261
4	46	4272
51	62	4275
4	21	4295
38	89	4295
46	61	4295
57	76	4295
23	34	4302
4	11	4320
11	43	4322
13	48	4330
1	28	4352
16	43	4352
16	76	4367
17	22	4367
46	55	4368
5	16	4372
68	96	4384
8	76	4387
15	33	4389
42	66	4390
3	27	4394
46	93	4412
53	57	4412
73	82	4412
1	70	4413
39	96	4420
38	44	4422
5	91	4434
12	36	4435
38	93	4445
0	25	4459
39	98	4468
32	62	4479
4	72	4482
86	93	4482
13	93	4485
26	66	4495
31	88	4501
68	69	4502
6	16	4504
1	54	4507
50	86	4516
21	68	4521
60	93	4523
5	23	4525
13	26	4525
76	96	4539
85	96	4539
1	99	4559
1	37	4563
80	93	4573
1	39	4575
16	20	4575
68	73	4590
32	94	4604
1	47	4610
8	26	4613
44	95	4616
62	73	4622
32	68	4624
0	46	4626
14	93	4626
6	76	4628
69	82	4630
71	99	4630
4	67	4637
12	68	4641
74	84	4643
19	47	4658
29	33	4658
33	51	4662
15	68	4663
11	77	4670
45	48	4674
8	78	4684
13	31	4699
1	52	4700
46	66	4702
5	67	4706
22	26	4710
45	93	4711
6	41	4713
9	48	4738
6	87	4739
9	55	4740
5	52	4744
7	82	4751
37	82	4756
1	46	4757
43	61	4759
1	37	4763
25	76	4768
46	63	4770
44	68	4771
76	91	4782
84	88	4782
43	96	4785
16	70	4790
16	61	4791
2	79	4798
16	99	4804
58	79	4811
16	93	4813
37	55	4825
15	33	4830
26	95	4834
32	93	4837
42	66	4842
35	41	4850
32	66	4854
34	37	4855
20	44	4856
28	81	4860
26	68	4865
46	56	4880
25	33	4881
6	93	4882
31	38	4882
81	90	4882
39	86	4884
14	77	4885
13	93	4898
32	37	4900
34	96	4904
65	96	4910
30	86	4911
18	96	4912
36	78	4913
38	71	4915
28	48	4917
47	84	4925
16	68	4943
23	99	4944
26	77	4944
1	67	4945
20	51	4949
55	64	4950
16	26	4956
78	96	4959
63	84	4965
0	63	4966
14	98	4966
0	19	4968
36	96	4970
1	5	4974
76	96	4974
20	82	4991
32	83	4994
77	93	4999
35	36	5010
47	62	5028
20	41	5031
17	47	5036
32	43	5037
27	32	5040
56	86	5049
6	7	5051
0	44	5055
32	48	5058
1	16	5062
71	81	5077
81	91	5078
37	65	5080
61	76	5093
16	82	5097
10	94	5102
17	62	5102
78	97	5103
19	37	5104
27	37	5109
1	70	5121
26	48	5123
12	83	5134
37	93	5148
0	66	5152
13	62	5156
76	89	5169
11	93	5171
45	46	5179
9	84	5184
39	48	5192
38	83	5199
19	80	5201
51	54	5202
61	96	5203
13	53	5207
1	86	5208
33	99	5210
13	66	5211
3	41	5215
16	45	5217
27	43	5218
37	80	5240
49	76	5240
85	93	5241
37	96	5246
29	46	5248
13	18	5249
10	96	5259
0	88	5265
1	12	5265
1	46	5267
73	89	5271
33	41	5276
1	32	5281
31	33	5287
1	22	5290
75	81	5290
13	62	5292
47	96	5309
17	27	5314
35	37	5318
55	66	5318
4	66	5327
16	82	5330
58	61	5330
4	46	5331
12	88	5332
6	48	5333
31	32	5341
48	51	5344
46	96	5346
48	65	5346
5	44	5354
26	84	5358
3	93	5361
3	75	5369
20	22	5373
40	56	5373
26	48	5374
2	50	5376
23	31	5377
68	87	5379
11	18	5405
47	67	5405
37	38	5407
5	26	5410
2	8	5416
47	78	5416
37	86	5422
56	92	5425
0	98	5427
3	99	5428
0	48	5430
68	89	5431
5	62	5433
29	57	5433
1	43	5443
32	35	5449
64	93	5462
23	49	5466
0	86	5468
55	82	5468
5	75	5471
16	76	5471
24	57	5486
1	49	5496
8	74	5499
46	93	5499
33	43	5506
76	79	5518
26	55	5528
37	99	5528
13	96	5545
17	76	5545
28	81	5556
13	66	5569
29	59	5570
1	24	5572
38	84	5582
3	90	5584
44	96	5587
43	99	5588
23	79	5598
17	77	5599
14	37	5601
24	86	5603
1	4	5606
2	67	5612
73	77	5621
22	90	5627
33	93	5631
40	92	5639
32	95	5652
20	93	5657
61	73	5662
11	16	5663
51	96	5664
27	56	5671
32	38	5675
16	28	5682
74	81	5701
55	76	5706
40	95	5714
30	68	5721
32	96	5723
80	91	5726
38	86	5728
49	89	5729
35	96	5736
44	52	5743
53	80	5761
7	72	5762
1	53	5776
31	40	5784
5	16	5787
85	96	5788
15	20	5789
2	91	5791
14	16	5803
37	47	5808
7	48	5811
33	53	5811
82	83	5812
38	47	5814
55	87	5822
51	66	5829
68	93	5835
58	83	5854
50	98	5856
66	90	5856
6	21	5868
78	87	5870
59	80	5878
0	7	5884
12	27	5887
69	96	5889
0	13	5891
16	23	5891
26	46	5892
23	33	5893
26	46	5894
46	83	5896
5	54	5898
17	44	5910
12	46	5913
42	76	5915
34	48	5919
11	17	5921
33	46	5927
1	38	5930
40	96	5932
11	57	5933
77	87	5937
81	82	5940
1	39	5951
4	24	5951
1	86	5958
16	71	5968
11	49	5974
4	38	5978
13	31	5981
19	61	5983
51	76	5991
26	96	5992
32	77	5997
16	46	5999
19	76	6001
4	15	6003
1	67	6005
2	91	6007
5	26	6014
50	71	6017
90	91	6026
0	48	6036
5	91	6036
53	61	6044
6	63	6046
26	57	6053
33	99	6062
19	76	6064
29	70	6070
1	36	6078
72	86	6080
30	96	6093
91	93	6093
3	98	6097
28	93	6115
16	53	6116
48	99	6137
20	81	6138
44	74	6138
46	95	6147
37	96	6161
36	91	6164
3	33	6165
35	72	6179
76	89	6182
59	81	6193
0	35	6203
22	40	6215
49	89	6216
1	91	6223
14	37	6230
13	76	6232
53	57	6237
19	93	6241
37	93	6245
1	99	6259
16	72	6265
1	63	6268
19	77	6269
46	91	6272
7	46	6285
57	97	6294
63	94	6297
10	29	6300
76	85	6310
32	64	6315
2	53	6319
16	32	6322
62	65	6323
22	91	6337
0	85	6340
45	54	6345
67	83	6347
37	52	6351
21	77	6352
2	33	6353
0	22	6367
44	51	6372
5	16	6374
1	22	6379
33	81	6388
33	55	6394
5	88	6400
12	24	6406
13	71	6416
42	69	6417
46	66	6418
11	61	6425
17	67	6437
20	68	6438
26	93	6442
13	82	6443
1	95	6445
35	93	6446
4	46	6450
48	96	6453
73	80	6453
22	46	6458
22	68	6470
26	99	6475
32	46	6477
20	43	6485
35	93	6486
5	53	6494
26	83	6494
16	61	6502
51	92	6502
19	45	6506
26	76	6516
1	66	6518
44	76	6524
40	66	6527
45	76	6530
49	59	6536
38	99	6541
18	69	6553
81	96	6565
18	28	6566
15	36	6571
5	6	6580
1	64	6584
93	96	6595
0	93	6604
27	93	6606
19	49	6608
0	91	6611
8	16	6614
2	66	6622
46	48	6625
66	93	6633
30	37	6638
38	50	6641
32	46	6645
36	56	6647
1	94	6654
57	99	6657
44	70	6659
64	98	6663
37	63	6669
40	76	6671
5	55	6672
22	88	6678
0	83	6682
0	46	6704
26	59	6709
26	45	6710
26	93	6712
50	77	6717
85	88	6745
46	91	6749
55	91	6754
40	77	6757
56	82	6761
1	76	6762
58	94	6762
26	96	6771
37	73	6772
67	76	6773
1	66	6776
32	75	6780
13	75	6787
28	79	6792
36	73	6795
56	74	6796
2	93	6799
3	58	6799
55	96	6802
32	48	6808
0	31	6810
0	16	6820
3	66	6830
51	76	6830
16	92	6831
37	59	6835
10	91	6837
1	12	6839
26	96	6839
55	76	6846
22	93	6852
21	69	6853
7	46	6859
38	96	6862
35	38	6865
68	81	6865
53	66	6869
27	82	6875
62	87	6876
37	96	6893
26	67	6900
46	76	6912
1	76	6913
36	99	6913
9	16	6919
82	96	6919
11	33	6925
1	67	6941
53	57	6945
22	63	6946
4	68	6947
33	98	6954
1	29	6956
13	55	6997
33	43	7012
73	93	7013
11	37	7015
20	46	7024
13	67	7031
81	93	7032
24	62	7036
4	44	7053
37	52	7067
38	80	7070
3	76	7076
48	59	7077
92	96	7080
16	88	7082
17	75	7083
8	93	7087
71	87	7090
37	70	7095
90	96	7098
78	81	7100
0	88	7102
5	82	7104
5	12	7104
1	96	7105
1	45	7108
18	33	7110
10	55	7113
22	37	7118
47	83	7119
14	55	7120
26	73	7122
38	46	7126
3	46	7127
7	55	7127
46	81	7135
22	55	7144
7	32	7157
11	21	7157
1	76	7163
37	86	7163
2	37	7169
37	46	7169
33	37	7177
26	93	7183
58	61	7184
12	78	7185
41	48	7186
50	93	7189
31	46	7190
81	96	7190
33	55	7192
26	86	7195
76	96	7197
16	98	7199
76	94	7220
1	76	7227
6	16	7229
68	71	7232
14	93	7235
1	12	7240
8	86	7248
0	63	7249
16	81	7252
65	85	7254
4	90	7264
0	1	7269
17	37	7270
1	75	7276
2	17	7279
4	38	7279
46	58	7286
33	44	7288
3	41	7296
37	49	7300
36	37	7302
38	98	7302
48	53	7303
27	93	7308
35	46	7317
65	80	7332
26	57	7333
7	63	7338
1	41	7340
23	76	7342
37	98	7353
22	65	7365
4	59	7378
38	47	7380
1	51	7388
16	57	7391
71	91	7397
5	66	7399
26	99	7399
46	57	7402
16	42	7406
26	38	7412
83	86	7413
36	95	7415
1	90	7417
93	99	7424
8	18	7425
3	64	7433
4	40	7434
0	65	7437
77	81	7439
67	68	7445
2	68	7471
76	87	7472
86	92	7480
14	91	7486
37	91	7487
28	69	7490
55	96	7509
26	86	7510
1	96	7511
20	26	7525
66	93	7528
4	95	7530
19	95	7534
1	14	7540
30	43	7540
16	77	7545
69	86	7545
59	66	7552
1	33	7559
54	90	7561
1	13	7562
5	35	7575
16	50	7577
36	44	7581
80	96	7584
0	30	7589
13	33	7589
17	40	7605
37	93	7622
1	24	7624
33	38	7627
5	54	7640
12	75	7640
8	33	7647
9	66	7649
51	87	7658
37	84	7663
35	76	7669
53	62	7672
26	46	7686
1	16	7692
1	49	7693
87	97	7706
26	33	7711
22	92	7712
30	44	7712
1	88	7713
30	38	7717
9	34	7726
8	29	7735
17	44	7736
73	76	7737
0	37	7742
26	66	7751
46	91	7754
15	26	7766
7	34	7774
49	91	7776
63	66	7778
27	96	7784
0	40	7797
38	62	7803
46	89	7806
51	52	7811
90	94	7815
0	94	7817
1	74	7819
11	57	7822
32	63	7827
7	76	7829
16	37	7829
52	94	7830
16	55	7833
38	56	7837
0	66	7839
25	74	7841
33	53	7844
15	26	7845
1	86	7850
17	68	7855
20	33	7861
1	48	7882
18	43	7884
15	19	7894
43	60	7910
2	63	7919
17	70	7919
36	67	7927
0	46	7928
4	57	7936
0	86	7949
21	26	7950
44	96	7954
46	68	7958
35	55	7963
43	63	7975
20	55	7976
41	95	7976
26	76	7995
26	71	7996
11	50	8002
35	38	8021
40	96	8024
81	98	8025
23	61	8029
23	85	8034
55	93	8036
60	96	8037
0	86	8052
59	94	8056
43	94	8065
4	93	8076
10	97	8076
82	93	8089
10	68	8092
76	84	8101
3	46	8128
40	57	8129
6	48	8131
8	23	8132
1	92	8140
19	58	8143
11	99	8144
35	69	8146
2	72	8163
68	93	8177
71	86	8186
4	98	8188
63	64	8197
1	96	8205
49	76	8212
6	47	8217
32	72	8222
9	73	8223
71	96	8230
85	96	8233
33	93	8238
93	96	8238
47	68	8244
31	97	8245
0	46	8249
77	97	8257
56	96	8258
59	89	8259
57	76	8265
0	28	8268
26	38	8272
53	85	8275
10	41	8279
59	96	8287
51	68	8288
2	32	8292
12	48	8299
0	16	8304
16	29	8310
9	46	8318
53	99	8321
2	26	8322
22	78	8322
16	70	8331
86	93	8331
1	95	8344
58	68	8347
38	46	8348
31	68	8351
16	51	8359
37	53	8362
38	76	8367
16	93	8368
46	73	8368
43	54	8371
7	90	8374
56	68	8374
93	96	8375
0	3	8379
74	96	8380
1	65	8388
36	93	8390
21	44	8393
0	96	8395
68	84	8398
31	66	8400
11	91	8413
28	70	8413
6	50	8421
50	68	8421
26	93	8423
4	66	8425
62	85	8431
42	93	8449
26	32	8455
8	91	8458
0	44	8469
44	76	8469
1	92	8489
9	26	8491
0	49	8499
91	93	8511
19	77	8514
26	66	8523
6	62	8527
64	93	8531
24	78	8533
26	94	8544
37	44	8559
23	42	8580
0	76	8587
1	19	8602
25	46	8609
34	70	8617
26	68	8625
22	64	8633
16	33	8636
49	82	8649
6	98	8654
90	99	8654
42	81	8660
1	29	8684
1	32	8684
61	66	8684
51	76	8692
44	73	8698
25	58	8701
56	91	8714
16	73	8718
16	66	8729
0	76	8734
94	96	8736
31	38	8743
59	89	8744
13	35	8751
33	71	8751
18	37	8754
34	85	8757
65	80	8760
1	86	8762
23	56	8768
1	66	8790
78	81	8803
1	22	8805
7	26	8806
64	81	8809
13	97	8811
73	96	8812
44	96	8813
30	93	8820
2	3	8821
19	74	8829
84	96	8835
41	46	8846
58	85	8846
1	80	8847
63	96	8849
3	91	8856
43	68	8865
38	76	8879
25	61	8883
1	78	8898
35	96	8899
31	51	8905
30	85	8906
0	7	8910
19	31	8913
31	93	8915
43	83	8928
15	89	8929
0	9	8933
32	92	8933
8	61	8937
37	57	8942
65	68	8958
3	29	8962
39	90	8972
61	66	8984
56	68	8985
26	76	8991
0	16	9002
37	96	9003
38	94	9022
11	30	9029
46	82	9037
1	53	9039
46	54	9039
34	44	9042
7	99	9057
15	35	9057
1	56	9062
59	80	9063
33	62	9065
81	90	9069
2	95	9074
45	46	9076
75	99	9076
20	66	9080
28	93	9080
61	95	9083
21	68	9094
4	14	9100
35	55	9104
26	76	9118
16	33	9119
47	93	9121
85	91	9125
16	50	9174
26	56	9174
38	68	9177
24	91	9180
59	89	9180
26	70	9181
41	43	9183
42	71	9188
0	37	9198
8	42	9200
15	96	9204
34	57	9204
80	96	9207
29	40	9210
36	80	9210
1	82	9212
0	36	9221
4	69	9229
36	37	9230
96	97	9239
16	76	9243
15	62	9247
50	52	9267
10	90	9270
11	54	9273
1	86	9280
50	93	9281
33	59	9284
35	58	9285
38	40	9286
13	66	9290
18	68	9299
16	67	9307
42	90	9329
33	38	9330
53	69	9339
27	55	9343
0	55	9346
76	98	9347
66	99	9358
30	91	9370
63	83	9371
24	76	9385
2	26	9394
11	28	9406
46	92	9413
0	63	9416
36	68	9416
0	32	9417
16	26	9419
4	6	9424
0	96	9438
76	94	9441
23	37	9444
79	85	9484
35	74	9492
6	87	9493
6	46	9499
32	37	9501
26	38	9503
37	64	9505
1	27	9506
35	99	9507
26	30	9512
79	86	9514
17	59	9532
9	88	9537
46	55	9540
50	51	9541
16	98	9550
1	85	9551
46	76	9552
0	66	9555
46	75	9555
45	78	9570
78	93	9579
4	17	9586
1	20	9588
54	88	9600
0	26	9607
34	46	9607
40	84	9609
57	93	9610
34	93	9612
8	52	9613
26	32	9616
20	25	9618
26	96	9622
16	96	9626
18	35	9631
10	98	9633
39	50	9635
19	30	9637
46	49	9646
32	67	9648
0	21	9652
8	10	9669
68	79	9670
76	85	9674
51	81	9704
54	55	9708
77	93	9709
12	76	9710
76	91	9710
48	57	9714
73	86	9716
16	99	9723
4	16	9727
15	79	9732
46	62	9735
8	86	9747
0	73	9749
2	4	9757
6	55	9763
1	6	9774
25	81	9775
62	88	9777
48	66	9783
66	72	9783
87	96	9786
0	85	9800
51	66	9815
0	30	9818
14	32	9829
26	46	9831
64	96	9835
55	78	9849
13	93	9853
7	31	9854
37	69	9857
73	75	9857
27	68	9870
6	47	9874
11	98	9874
20	80	9881
31	58	9885
46	52	9894
50	94	9914
1	88	9915
22	68	9915
46	99	9921
17	32	9923
81	93	9923
1	93	9940
37	77	9942
12	87	9959
37	55	9964
1	26	9968
3	36	9970
76	91	9970
22	99	9971
3	14	9999
82	93	10000
13	80	10006
21	93	10007
16	66	10014
27	51	10018
14	64	10019
46	61	10030
41	43	10052
64	91	10062
54	98	10063
14	48	10066
18	73	10066
8	76	10078
10	46	10084
0	26	10086
38	43	10088
6	22	10101
17	74	10108
65	96	10108
11	28	10112
16	28	10119
1	32	10120
57	96	10126
11	38	10142
51	82	10150
33	38	10153
1	48	10162
4	45	10168
27	44	10170
29	38	10173
5	40	10174
1	48	10179
0	1	10194
46	89	10194
2	65	10203
1	16	10207
8	81	10214
39	95	10214
16	74	10227
25	56	10232
16	27	10236
20	28	10242
5	44	10250
51	74	10252
5	12	10253
13	78	10264
61	66	10278
31	93	10279
26	52	10280
45	82	10290
14	16	10298
58	93	10299
1	92	10300
4	22	10306
16	67	10317
45	95	10318
9	20	10323
23	96	10327
73	96	10329
6	19	10330
17	85	10332
1	5	10344
68	96	10360
16	66	10366
20	91	10366
33	57	10367
28	93	10369
80	96	10373
76	93	10383
21	23	10386
2	76	10392
44	62	10400
61	89	10402
64	85	10404
76	87	10411
7	42	10412
12	76	10415
7	42	10416
63	96	10416
38	91	10430
2	92	10434
44	60	10434
26	59	10435
10	70	10442
26	36	10444
20	91	10445
4	38	10448
8	55	10450
47	55	10454
93	95	10460
5	96	10475
37	38	10486
0	99	10491
36	98	10493
40	93	10497
46	76	10506
1	84	10510
10	26	10529
0	68	10531
24	37	10537
0	42	10546
16	42	10554
33	68	10555
6	17	10558
22	56	10561
35	48	10562
1	91	10565
44	53	10567
11	41	10571
2	49	10575
10	93	10580
0	1	10581
6	8	10604
17	55	10612
81	83	10613
92	99	10613
14	97	10641
17	38	10643
16	96	10650
28	82	10650
67	81	10653
5	46	10657
1	36	10660
55	68	10660
43	96	10662
82	93	10666
0	68	10669
33	38	10680
26	34	10681
7	63	10684
61	88	10687
66	79	10692
0	50	10695
48	58	10721
12	63	10722
29	74	10722
16	67	10732
13	34	10746
61	92	10747
14	38	10756
44	93	10756
88	92	10759
37	46	10761
3	61	10766
13	14	10766
26	58	10781
5	40	10784
26	87	10791
33	42	10792
62	79	10796
39	60	10807
1	45	10808
3	37	10814
22	66	10821
2	89	10828
1	53	10830
0	96	10844
14	60	10846
16	29	10855
43	96	10855
1	38	10865
26	88	10867
12	16	10870
31	33	10881
46	81	10885
6	63	10886
16	93	10886
0	11	10890
52	92	10893
63	66	10897
54	93	10903
37	62	10906
0	46	10912
53	69	10913
22	94	10927
5	96	10928
5	69	10931
29	61	10932
81	90	10933
5	27	10937
1	8	10939
44	79	10940
6	7	10943
26	31	10945
16	66	10949
60	91	10950
22	38	10954
61	63	10962
0	3	10968
16	46	10971
83	86	10976
58	96	10977
0	81	10982
28	86	10984
51	96	10984
42	66	10992
2	28	10994
32	50	10994
0	16	10995
69	93	11002
28	68	11006
36	79	11007
22	83	11014
3	37	11018
46	78	11019
40	61	11021
14	68	11031
3	26	11038
48	66	11039
53	72	11053
25	66	11054
66	68	11060
27	79	11067
66	93	11073
68	81	11074
63	95	11076
6	12	11077
33	46	11077
6	44	11080
36	58	11080
6	8	11086
39	65	11090
0	45	11092
48	67	11100
2	63	11101
10	26	11101
37	93	11101
26	75	11104
88	91	11110
1	46	11115
38	48	11116
19	59	11118
5	92	11120
38	51	11127
10	81	11131
76	89	11131
43	49	11157
11	16	11163
33	37	11164
52	74	11165
29	77	11171
7	66	11177
68	76	11178
52	60	11179
16	35	11180
33	82	11183
8	99	11190
70	93	11190
1	71	11197
26	93	11199
15	49	11200
1	93	11201
16	91	11211
16	51	11213
30	60	11214
26	86	11221
4	93	11232
5	64	11232
26	78	11232
35	37	11234
0	91	11240
73	82	11241
0	63	11242
76	93	11244
49	53	11259
16	93	11261
48	53	11270
35	76	11272
0	15	11278
4	16	11279
6	7	11289
22	58	11299
0	43	11300
76	99	11302
49	85	11305
16	64	11317
32	37	11317
16	75	11323
0	83	11325
16	75	11329
81	82	11331
5	78	11335
8	26	11342
0	42	11346
0	76	11350
18	95	11351
45	89	11358
10	69	11366
0	26	11373
1	90	11376
1	93	11383
9	75	11383
16	46	11405
26	33	11409
37	68	11417
80	94	11428
1	62	11430
11	43	11432
0	64	11444
1	68	11444
9	92	11446
11	32	11446
89	99	11446
53	59	11447
75	88	11447
42	83	11451
68	96	11460
53	59	11462
20	83	11467
0	17	11470
65	80	11471
6	48	11474
2	71	11477
46	66	11481
1	51	11491
22	31	11513
4	91	11515
26	90	11515
21	22	11523
15	19	11525
26	68	11526
82	93	11526
33	40	11527
19	91	11531
1	33	11538
16	68	11538
19	93	11545
55	93	11550
6	93	11558
22	43	11574
1	61	11575
9	59	11593
19	58	11597
26	33	11600
30	80	11605
19	57	11607
1	79	11610
12	88	11611
55	60	11612
23	41	11616
1	62	11629
5	44	11630
38	63	11631
1	71	11639
22	81	11643
56	60	11647
2	68	11651
50	71	11651
26	85	11662
30	37	11676
90	93	11677
0	45	11690
33	35	11697
41	67	11697
37	76	11704
91	96	11710
55	96	11713
50	76	11716
68	74	11717
55	76	11726
46	98	11730
26	33	11731
66	69	11731
93	96	11757
2	39	11770
26	76	11774
84	98	11776
0	88	11777
12	71	11809
72	73	11815
21	98	11818
55	96	11820
60	76	11822
26	85	11827
33	43	11828
48	76	11829
1	15	11831
21	61	11839
13	68	11847
61	68	11868
73	98	11874
11	24	11880
0	16	11884
16	32	11895
66	76	11902
0	26	11904
32	52	11908
63	81	11910
7	48	11912
13	98	11914
26	86	11917
5	61	11919
23	66	11923
46	96	11928
49	61	11929
78	85	11943
55	94	11944
66	68	11953
16	25	11955
30	40	11976
26	53	11977
1	38	11983
29	40	11983
59	95	11985
62	96	11994
46	79	11995
29	70	12000
29	71	12007
33	35	12009
17	85	12016
53	63	12019
9	29	12042
14	49	12042
62	97	12043
90	93	12049
51	76	12050
34	38	12052
30	46	12056
48	93	12056
0	44	12061
1	44	12064
23	34	12064
8	99	12067
9	81	12078
73	77	12097
47	78	12098
12	55	12101
43	54	12110
1	55	12121
70	88	12139
1	8	12144
55	85	12149
5	87	12166
61	90	12169
79	96	12171
1	96	12174
37	92	12174
63	65	12174
1	35	12176
0	73	12178
87	93	12184
33	76	12186
14	50	12191
38	86	12191
30	60	12192
46	97	12195
4	34	12196
1	89	12201
5	91	12204
16	68	12221
9	72	12223
20	34	12223
38	64	12225
96	99	12227
22	35	12236
14	26	12243
46	76	12249
3	29	12250
46	48	12250
46	96	12252
5	51	12253
46	58	12254
29	68	12255
11	23	12256
1	59	12259
26	74	12263
25	41	12267
67	96	12269
16	37	12283
64	94	12286
69	89	12291
26	37	12292
44	93	12294
62	93	12294
89	99	12296
68	88	12299
16	80	12316
25	48	12318
48	90	12322
0	94	12326
38	67	12327
37	58	12328
62	64	12330
54	81	12331
76	82	12331
40	83	12354
69	93	12355
37	76	12360
70	93	12362
93	96	12375
29	37	12376
1	48	12388
3	70	12396
35	55	12403
78	99	12403
32	71	12409
84	95	12412
26	90	12413
54	55	12426
66	96	12428
34	87	12436
1	48	12438
1	16	12456
38	93	12461
32	38	12463
21	94	12465
19	26	12470
3	82	12472
68	89	12477
55	61	12481
59	65	12481
0	69	12484
1	26	12484
72	84	12487
0	27	12491
21	89	12505
28	37	12509
35	87	12514
37	74	12514
30	53	12516
0	90	12520
19	74	12523
25	61	12530
48	75	12535
16	26	12542
44	61	12550
38	86	12561
76	92	12561
1	7	12562
32	38	12562
8	40	12564
55	88	12565
55	98	12570
84	96	12572
2	31	12574
55	63	12579
38	73	12584
26	36	12590
1	21	12598
93	96	12603
54	70	12608
1	59	12621
9	65	12622
14	44	12626
26	81	12630
33	63	12637
0	37	12643
55	87	12656
16	93	12682
76	86	12684
18	86	12685
15	76	12686
33	35	12689
4	58	12695
37	81	12701
16	42	12706
88	98	12707
11	13	12708
16	63	12708
0	77	12709
26	84	12709
5	16	12722
31	89	12722
1	57	12725
33	52	12725
0	86	12726
18	37	12730
19	23	12754
82	96	12756
28	32	12757
52	96	12762
93	98	12770
16	52	12774
85	90	12775
22	67	12777
87	96	12787
66	68	12791
46	66	12795
26	99	12804
17	99	12812
55	93	12821
18	33	12829
1	55	12836
38	88	12850
46	81	12857
48	63	12873
55	92	12876
16	21	12891
26	63	12898
22	30	12902
16	34	12904
14	90	12915
42	85	12916
67	76	12917
26	81	12918
0	66	12930
1	32	12932
95	97	12933
3	46	12939
18	66	12943
79	82	12944
28	90	12946
2	19	12953
0	46	12967
16	44	12968
62	91	12969
19	66	12971
46	91	12983
0	48	12993
55	66	12994
1	77	12996
38	94	12996
26	56	13001
26	38	13010
67	83	13017
46	67	13020
62	66	13029
8	38	13037
11	37	13038
40	42	13043
1	22	13044
26	83	13044
77	81	13054
15	72	13072
1	42	13073
36	72	13075
16	99	13078
16	37	13079
34	88	13092
58	61	13093
1	46	13095
16	42	13110
40	63	13126
33	74	13135
46	62	13148
27	59	13152
1	3	13160
7	78	13161
6	40	13165
0	53	13168
22	76	13193
53	62	13200
66	99	13205
1	43	13208
14	54	13215
59	68	13223
27	59	13226
77	95	13233
38	96	13263
75	97	13264
14	55	13273
29	93	13288
27	62	13290
44	81	13300
52	83	13302
28	31	13304
71	82	13309
16	47	13313
1	68	13315
16	94	13315
68	81	13328
37	83	13334
6	58	13338
48	65	13352
76	97	13352
37	59	13356
11	81	13368
49	58	13374
6	16	13392
49	77	13396
28	96	13409
0	96	13418
57	95	13423
6	31	13427
4	40	13437
17	44	13441
48	93	13446
5	62	13463
26	55	13471
42	86	13476
36	57	13479
26	67	13485
60	86	13487
37	69	13492
27	88	13500
45	89	13503
12	33	13505
19	45	13508
74	79	13520
1	10	13525
93	96	13526
2	26	13529
68	91	13537
12	57	13540
7	48	13547
55	59	13550
16	27	13551
37	93	13551
4	34	13554
25	99	13557
32	44	13557
56	76	13557
66	93	13560
8	22	13562
64	89	13568
68	78	13572
59	96	13587
66	99	13590
8	32	13597
29	87	13606
20	97	13608
31	40	13609
52	83	13619
6	93	13626
70	96	13628
34	87	13629
9	79	13631
25	41	13632
7	59	13645
13	39	13646
50	76	13648
4	62	13649
13	19	13649
38	47	13653
5	94	13676
14	25	13678
33	55	13691
16	96	13692
59	96	13694
16	50	13697
33	96	13703
42	93	13714
40	93	13717
46	80	13718
32	73	13720
14	96	13725
29	81	13726
2	26	13733
67	98	13733
42	48	13743
28	55	13744
23	26	13748
47	61	13752
22	74	13766
19	65	13769
52	66	13775
72	89	13781
0	64	13786
53	89	13795
26	90	13796
43	48	13800
26	80	13803
18	38	13804
46	55	13812
22	96	13815
2	17	13818
38	93	13822
37	53	13823
37	43	13824
16	41	13829
5	38	13832
43	44	13833
3	96	13838
37	98	13840
87	91	13841
0	72	13842
41	71	13842
26	75	13847
7	76	13851
31	71	13854
5	62	13857
13	15	13862
26	43	13879
32	84	13884
39	59	13884
36	98	13888
1	73	13889
12	21	13899
50	59	13902
19	37	13904
93	94	13909
44	55	13913
16	44	13922
61	90	13928
46	91	13931
88	93	13937
73	92	13945
32	96	13951
43	55	13952
46	77	13960
72	76	13960
16	26	13962
1	71	13971
12	48	13972
1	66	13974
0	7	13976
23	61	13983
1	46	13985
37	78	13995
16	27	13996
11	12	14008
26	31	14014
76	93	14020
4	67	14023
1	63	14030
27	39	14030
26	86	14040
88	98	14040
29	40	14059
8	55	14060
37	96	14067
2	3	14070
62	73	14070
11	93	14083
48	90	14087
46	95	14090
7	37	14091
5	82	14094
59	75	14099
11	90	14111
12	81	14111
11	17	14113
5	88	14114
1	68	14116
44	53	14122
0	35	14134
75	94	14138
16	71	14144
53	82	14156
20	33	14159
1	82	14169
0	47	14171
37	44	14174
36	37	14179
25	49	14184
0	43	14186
29	93	14188
1	16	14201
44	92	14204
22	80	14212
58	65	14214
44	70	14226
5	34	14228
48	69	14231
67	72	14231
68	94	14233
67	70	14234
33	77	14235
17	49	14236
28	32	14236
58	69	14238
18	21	14255
45	74	14273
33	56	14275
3	70	14276
82	83	14276
32	68	14293
43	81	14295
32	55	14303
40	46	14305
38	59	14317
7	81	14319
26	95	14319
32	58	14335
0	79	14337
37	63	14337
58	77	14341
33	46	14353
33	72	14361
77	81	14362
40	88	14366
0	30	14371
27	99	14371
7	43	14376
1	91	14380
1	66	14384
33	77	14388
72	75	14400
33	37	14420
46	56	14420
48	91	14423
29	32	14424
16	21	14425
33	77	14435
14	17	14439
50	98	14441
37	82	14446
14	71	14453
16	96	14453
1	46	14480
16	28	14480
25	65	14484
0	93	14486
41	43	14486
34	62	14489
64	93	14494
37	70	14497
38	90	14501
50	81	14502
1	33	14504
1	46	14506
26	46	14514
37	74	14520
12	67	14526
46	98	14529
6	37	14530
46	55	14531
79	90	14534
19	73	14543
4	29	14546
23	66	14549
1	37	14551
19	96	14565
16	31	14571
7	11	14572
39	93	14573
47	97	14575
16	37	14577
9	97	14585
91	95	14586
68	91	14591
13	26	14598
27	69	14621
16	31	14622
4	30	14624
38	94	14629
16	93	14631
66	71	14634
4	87	14637
8	78	14640
16	51	14647
0	66	14658
0	5	14664
33	48	14669
17	96	14677
33	55	14682
33	97	14688
3	96	14689
46	66	14694
93	96	14694
37	62	14719
10	99	14728
12	40	14728
67	81	14735
5	23	14736
0	16	14738
7	82	14749
33	72	14750
6	7	14758
18	78	14759
60	68	14761
0	93	14768
47	89	14771
23	66	14772
0	38	14776
10	48	14776
46	66	14801
33	76	14806
1	19	14812
33	50	14816
1	32	14826
23	66	14827
9	76	14843
57	89	14851
92	95	14853
76	93	14855
59	66	14864
30	42	14872
1	93	14878
56	93	14881
1	60	14914
16	53	14917
26	89	14921
13	74	14928
28	61	14941
1	52	14950
3	53	14950
57	90	14956
23	36	14963
86	89	14967
8	68	14980
5	84	14990
48	68	14991
8	26	15012
49	82	15015
93	96	15019
42	93	15020
0	69	15022
95	96	15022
26	36	15025
66	99	15026
1	33	15031
8	44	15040
7	38	15044
46	68	15046
26	93	15062
26	84	15062
33	96	15062
35	43	15079
1	85	15080
0	69	15085
16	19	15092
0	68	15098
74	96	15098
58	79	15101
35	44	15112
0	4	15113
16	45	15131
18	96	15133
70	79	15136
1	14	15139
3	25	15141
0	30	15143
18	96	15147
13	71	15148
49	69	15150
16	37	15151
0	11	15154
1	13	15156
9	84	15157
0	80	15158
76	96	15163
33	81	15167
14	67	15169
34	46	15174
6	76	15178
0	12	15189
44	96	15202
5	91	15205
1	35	15214
55	82	15218
3	68	15222
2	74	15235
66	96	15236
3	77	15253
51	56	15253
37	66	15257
7	61	15260
60	81	15265
66	77	15265
57	97	15266
71	93	15267
1	16	15269
40	55	15274
32	73	15275
2	46	15276
16	39	15280
51	64	15290
3	76	15293
8	16	15298
8	35	15303
68	96	15307
15	67	15312
43	96	15319
0	16	15330
38	69	15336
5	33	15337
57	97	15343
46	84	15351
38	96	15352
50	76	15352
33	84	15359
29	46	15361
93	95	15365
45	86	15384
5	9	15385
60	90	15393
74	96	15395
53	61	15400
16	26	15408
66	73	15408
1	8	15416
78	91	15420
7	75	15425
46	93	15426
80	88	15428
8	16	15431
58	93	15434
48	59	15446
1	13	15447
26	40	15453
12	33	15474
67	84	15477
26	80	15480
5	99	15488
26	76	15491
19	43	15497
20	83	15498
5	99	15513
12	88	15520
12	96	15535
1	87	15538
1	82	15545
17	78	15559
3	20	15563
38	80	15568
0	26	15578
26	96	15581
87	93	15581
34	53	15586
1	42	15591
21	25	15593
4	23	15601
44	52	15605
63	94	15606
77	90	15608
12	19	15611
26	43	15615
1	26	15618
28	76	15623
7	76	15626
66	76	15629
41	49	15631
22	62	15632
37	81	15637
34	86	15648
79	93	15654
25	93	15664
20	85	15671
15	35	15674
27	98	15676
1	66	15678
6	71	15678
39	46	15679
3	81	15683
21	46	15693
11	38	15712
14	75	15719
12	93	15721
16	62	15721
0	62	15724
0	16	15731
40	47	15732
22	84	15741
94	97	15743
44	55	15744
61	74	15748
34	58	15754
2	76	15762
46	82	15768
44	46	15770
15	73	15771
16	80	15771
53	84	15774
0	74	15785
8	72	15788
0	89	15792
48	55	15796
21	55	15797
55	67	15801
11	13	15835
36	55	15837
24	93	15845
1	51	15849
70	96	15852
16	96	15857
11	93	15862
3	68	15863
22	33	15882
37	63	15888
66	91	15889
4	32	15890
40	76	15894
26	50	15895
1	26	15897
7	23	15900
21	42	15920
7	79	15922
46	83	15923
82	96	15928
12	96	15929
7	62	15932
5	16	15936
1	16	15940
6	33	15943
13	16	15943
6	55	15948
16	20	15953
9	38	15955
29	31	15961
5	96	15966
41	88	15979
36	57	15984
37	70	15984
60	93	15991
2	49	15992
16	43	16008
1	66	16011
44	62	16016
37	93	16020
32	66	16022
57	94	16038
11	51	16042
8	49	16043
21	57	16057
54	94	16058
26	92	16061
38	66	16061
12	76	16068
43	88	16080
54	55	16102
23	46	16117
0	33	16123
5	54	16123
13	70	16132
6	88	16141
20	46	16143
48	93	16149
35	96	16152
62	76	16157
38	95	16159
4	77	16164
11	69	16176
41	46	16176
26	27	16177
76	96	16181
1	21	16182
2	33	16187
1	33	16189
84	92	16199
64	98	16202
57	77	16206
30	43	16218
61	88	16221
69	99	16223
14	93	16241
29	96	16242
21	34	16246
20	30	16247
1	93	16252
54	66	16262
0	96	16264
17	71	16281
4	97	16284
30	49	16285
4	32	16286
16	22	16289
76	96	16291
16	53	16297
7	54	16307
44	79	16308
47	96	16308
31	42	16309
46	96	16310
47	70	16316
31	81	16322
11	32	16336
15	21	16339
46	70	16349
1	93	16351
58	68	16359
8	82	16362
18	61	16367
42	78	16377
73	96	16378
26	72	16379
21	48	16381
26	66	16385
37	98	16386
14	96	16387
23	35	16393
61	67	16395
66	94	16434
3	90	16435
38	46	16435
29	93	16446
16	55	16447
62	72	16448
37	55	16451
42	81	16459
48	93	16463
2	5	16465
16	80	16478
28	57	16479
2	66	16499
1	93	16501
5	65	16503
31	66	16519
16	44	16520
38	71	16530
46	58	16534
0	96	16535
27	66	16538
29	63	16547
4	93	16552
19	81	16554
23	60	16557
40	90	16559
18	46	16566
6	16	16572
26	28	16576
16	74	16587
5	14	16588
46	96	16591
3	15	16592
1	81	16596
2	89	16601
41	79	16601
81	84	16601
41	53	16603
42	91	16620
8	70	16627
73	78	16630
2	54	16643
17	40	16650
1	76	16654
82	84	16655
10	68	16660
47	85	16662
81	82	16664
81	96	16666
11	47	16668
20	79	16669
79	83	16678
0	37	16683
73	87	16685
25	37	16690
84	91	16690
26	46	16693
6	41	16697
6	76	16700
21	72	16704
25	78	16704
3	8	16711
13	81	16713
41	93	16713
12	87	16723
4	41	16725
1	61	16727
6	83	16735
19	38	16736
0	74	16738
1	73	16738
10	88	16742
1	8	16745
29	84	16747
12	83	16757
32	37	16768
0	38	16770
76	81	16776
1	76	16778
26	63	16787
43	65	16787
0	86	16790
22	33	16799
4	93	16801
53	69	16805
35	42	16811
14	26	16818
88	98	16819
3	72	16822
22	62	16823
79	96	16829
12	26	16841
16	96	16846
56	66	16848
46	49	16856
34	35	16863
29	49	16865
33	84	16869
66	76	16871
48	99	16874
26	71	16878
62	64	16887
2	93	16892
9	56	16892
22	46	16898
21	33	16903
76	79	16904
93	96	16907
38	77	16909
74	82	16917
26	41	16949
0	74	16950
65	71	16950
37	89	16951
22	66	16954
8	46	16957
44	93	16965
91	93	16965
38	46	16972
0	16	16975
34	76	16979
37	85	16981
54	57	16981
19	78	16984
73	86	16984
26	78	16988
12	51	16992
7	33	16993
78	93	16994
24	44	16995
14	66	16996
1	84	16999
9	49	17007
5	82	17009
7	80	17009
1	29	17017
0	7	17030
4	26	17030
10	96	17030
58	91	17032
0	82	17037
3	19	17038
17	52	17039
37	50	17048
26	96	17051
41	69	17052
72	80	17054
26	38	17055
11	57	17063
37	96	17065
5	94	17066
50	80	17069
37	49	17084
34	52	17091
1	93	17094
22	29	17100
1	44	17103
47	73	17105
15	39	17107
68	75	17110
16	42	17114
71	97	17116
1	55	17119
16	68	17121
19	52	17127
62	76	17127
1	13	17134
68	71	17136
1	55	17140
26	63	17166
33	43	17176
26	88	17187
7	81	17188
3	18	17189
62	96	17189
42	76	17197
92	93	17209
26	30	17213
46	71	17214
16	82	17216
16	93	17217
1	49	17230
1	78	17233
10	37	17240
13	43	17240
16	38	17241
37	74	17257
55	68	17258
45	93	17260
70	86	17266
52	61	17268
90	96	17269
37	78	17278
4	43	17284
11	42	17284
18	68	17288
70	90	17291
46	59	17292
10	68	17293
66	96	17297
31	85	17322
27	55	17327
26	62	17335
48	96	17336
8	26	17339
3	96	17343
81	88	17350
9	81	17351
1	96	17360
70	96	17372
27	78	17378
34	63	17378
16	27	17379
0	22	17388
39	66	17388
68	73	17404
1	28	17406
80	96	17413
10	84	17420
13	65	17424
4	40	17427
26	91	17438
6	55	17440
1	66	17444
38	51	17458
23	29	17461
1	5	17464
26	86	17481
8	76	17483
37	98	17485
0	68	17488
1	74	17491
72	76	17501
30	68	17515
67	68	17515
41	93	17518
48	76	17519
15	80	17520
22	73	17525
46	56	17530
72	75	17532
49	91	17537
88	99	17542
5	99	17543
79	90	17548
1	38	17549
7	26	17561
0	91	17564
15	52	17569
62	96	17570
38	46	17571
36	59	17577
46	91	17584
46	95	17587
27	36	17593
68	93	17593
26	38	17595
1	22	17598
1	4	17598
33	76	17601
14	21	17605
15	89	17605
43	99	17607
62	84	17616
68	69	17622
60	95	17625
21	44	17627
21	32	17636
52	98	17640
26	66	17649
16	75	17657
0	44	17673
22	32	17673
33	89	17681
0	51	17689
6	38	17701
31	57	17704
12	37	17732
12	48	17734
45	50	17741
48	97	17753
3	23	17754
67	76	17754
16	55	17762
12	77	17763
19	93	17763
10	69	17767
59	94	17773
38	66	17777
1	80	17790
61	99	17802
32	76	17804
52	96	17806
41	83	17818
25	65	17824
8	36	17828
28	65	17833
44	52	17833
5	61	17838
28	76	17851
3	66	17854
26	37	17858
34	70	17872
26	61	17877
57	93	17880
41	96	17882
16	33	17883
22	59	17883
4	13	17885
26	34	17885
6	83	17887
21	76	17889
1	47	17893
2	70	17896
1	52	17897
16	96	17898
0	37	17899
11	76	17900
27	36	17904
20	44	17908
8	34	17916
41	77	17918
46	70	17919
17	26	17925
2	55	17926
47	97	17926
29	52	17939
31	70	17946
33	96	17965
42	96	17980
11	49	17981
6	94	17988
58	76	17993
26	34	18000
13	38	18010
7	95	18012
7	51	18016
0	5	18017
7	93	18019
1	35	18023
1	71	18030
25	38	18034
1	68	18036
19	46	18042
53	83	18046
7	88	18048
38	65	18048
51	76	18049
46	68	18052
5	81	18053
30	79	18062
7	37	18065
59	66	18071
16	98	18080
11	76	18081
8	46	18084
7	46	18089
67	93	18095
47	55	18117
68	90	18117
33	86	18131
36	38	18135
24	60	18136
60	93	18136
33	77	18138
37	77	18142
15	32	18148
40	81	18148
53	81	18149
0	25	18162
50	97	18167
11	93	18174
19	93	18185
15	73	18192
1	93	18196
77	96	18198
45	96	18203
14	93	18220
11	86	18223
25	96	18229
9	76	18232
79	80	18236
16	71	18245
26	81	18248
52	57	18252
76	96	18257
33	80	18259
15	34	18261
38	84	18265
59	64	18266
1	93	18267
58	63	18274
38	96	18278
3	97	18280
46	97	18281
56	92	18281
30	93	18283
51	55	18291
1	55	18293
63	98	18293
5	11	18294
62	79	18303
30	93	18312
66	93	18326
62	68	18349
9	95	18356
26	76	18366
86	96	18366
4	44	18372
10	93	18374
0	84	18375
5	26	18390
5	12	18393
39	85	18398
26	76	18400
20	43	18405
16	93	18409
10	87	18413
33	37	18417
26	40	18435
1	39	18441
19	46	18443
20	29	18453
4	93	18459
63	68	18459
21	56	18462
1	40	18464
26	48	18475
0	49	18477
1	26	18477
24	48	18478
39	41	18479
86	99	18479
37	99	18480
54	74	18480
74	88	18484
59	96	18504
1	19	18507
44	52	18514
78	93	18527
0	18	18528
0	33	18531
38	91	18532
73	81	18532
43	86	18536
46	84	18536
0	4	18539
19	66	18550
6	96	18551
82	93	18553
11	50	18559
3	93	18561
46	56	18566
27	77	18571
6	25	18575
0	82	18577
29	68	18582
12	19	18591
16	19	18599
70	94	18602
5	33	18611
39	84	18613
38	66	18619
1	68	18621
28	92	18622
26	93	18626
10	48	18637
13	78	18637
73	77	18642
11	44	18646
26	37	18657
70	79	18658
5	76	18659
76	77	18670
23	52	18676
28	81	18676
43	92	18684
62	68	18686
68	98	18687
26	38	18693
4	51	18699
23	57	18699
36	46	18701
26	46	18708
27	86	18708
0	68	18711
18	53	18716
19	91	18717
30	33	18718
9	76	18723
2	38	18727
26	61	18743
69	96	18745
46	68	18751
6	32	18756
24	68	18767
1	90	18769
23	26	18774
68	84	18779
1	22	18789
46	67	18790
37	66	18794
26	56	18799
27	35	18805
1	19	18810
6	26	18822
22	71	18828
36	49	18834
62	69	18836
16	22	18837
21	71	18844
23	51	18846
26	80	18847
16	26	18853
2	26	18860
93	95	18861
47	66	18862
40	57	18865
0	52	18877
35	92	18879
34	96	18896
62	99	18906
3	26	18909
13	54	18910
9	11	18912
11	55	18913
87	96	18922
29	57	18926
26	93	18934
30	98	18934
46	93	18935
32	98	18940
12	76	18944
31	88	18949
11	90	18951
13	93	18954
11	16	18957
26	59	18963
51	91	18965
46	75	18972
32	48	18988
0	1	18989
42	68	18993
88	93	18994
3	38	19002
1	87	19003
2	86	19006
56	58	19006
38	63	19027
1	86	19033
16	23	19033
4	26	19035
22	30	19035
0	63	19039
46	66	19045
53	72	19049
8	48	19054
35	50	19064
5	42	19067
30	37	19067
49	96	19067
53	68	19069
36	96	19070
10	68	19095
1	38	19096
50	97	19096
24	76	19101
9	81	19114
30	46	19121
26	32	19124
0	20	19129
44	95	19134
46	71	19142
54	96	19152
1	81	19154
26	97	19156
33	63	19157
7	48	19158
19	30	19159
56	95	19167
32	61	19175
29	97	19178
23	51	19191
2	58	19194
78	81	19200
16	81	19215
1	13	19216
38	68	19221
16	37	19224
72	96	19225
35	93	19227
1	41	19231
17	66	19232
14	66	19245
18	58	19248
26	96	19257
61	93	19264
19	81	19273
46	81	19275
1	76	19277
26	44	19281
10	27	19285
68	88	19286
84	96	19288
26	76	19291
46	66	19294
8	12	19306
3	85	19308
1	7	19311
19	50	19313
5	54	19317
34	38	19327
87	89	19327
48	76	19328
42	63	19330
46	96	19335
1	59	19337
18	54	19339
11	68	19345
31	64	19345
33	71	19348
82	91	19355
14	84	19356
44	96	19357
1	63	19362
38	65	19364
33	93	19369
71	93	19371
50	77	19374
15	19	19386
34	48	19400
16	22	19403
0	43	19407
4	6	19415
4	75	19416
40	46	19416
6	53	19417
25	26	19417
5	68	19420
34	60	19429
58	80	19432
31	46	19443
26	51	19454
10	26	19457
81	85	19465
28	93	19476
53	74	19479
66	99	19479
6	55	19486
30	91	19489
20	55	19492
25	73	19503
8	46	19504
33	82	19506
32	93	19508
22	79	19514
1	70	19523
19	30	19534
13	50	19543
33	77	19546
1	19	19547
6	37	19552
19	48	19558
70	96	19560
5	46	19562
9	90	19564
37	62	19573
18	89	19581
11	88	19587
29	33	19592
36	96	19593
86	96	19606
13	47	19607
38	95	19608
5	38	19611
41	85	19615
12	80	19618
41	43	19621
1	44	19625
13	93	19633
35	61	19634
3	53	19646
36	45	19646
62	66	19656
61	68	19667
38	44	19669
26	29	19670
36	49	19670
26	81	19672
60	66	19685
46	49	19688
5	54	19689
46	77	19691
33	40	19702
1	7	19718
29	59	19725
6	34	19728
28	48	19728
53	88	19729
43	49	19736
16	76	19743
66	99	19759
0	21	19760
29	80	19776
16	90	19811
61	67	19812
17	43	19818
8	17	19819
4	21	19829
1	33	19836
38	44	19839
50	54	19840
9	90	19842
26	67	19843
38	97	19843
38	86	19848
37	78	19849
37	99	19850
16	73	19859
45	93	19862
33	86	19865
48	71	19869
8	32	19874
51	59	19875
6	14	19880
84	98	19884
21	61	19887
29	62	19890
16	33	19891
1	30	19892
11	59	19903
12	16	19904
84	96	19911
11	23	19921
67	95	19926
66	72	19927
3	91	19936
38	70	19936
9	35	19938
34	45	19940
39	93	19942
2	55	19952
26	49	19952
54	96	19952
26	63	19958
26	98	19959
13	92	19962
13	53	19963
13	89	19963
0	98	19970
68	69	19978
42	90	19986
41	44	19993
7	80	19996
46	57	19996
27	48	20000
