4	58	1
5	94	2
39	76	12
32	61	21
32	51	23
30	73	25
18	51	27
26	42	27
33	80	31
40	55	31
64	89	34
56	57	37
47	82	42
8	17	50
18	36	54
50	76	54
54	98	54
13	18	60
21	29	61
16	22	62
71	94	86
85	91	93
32	53	99
15	71	114
69	91	130
66	85	133
11	36	134
5	50	136
26	51	137
50	96	147
68	86	149
35	87	153
42	86	153
23	87	160
74	87	170
13	39	172
0	48	174
8	80	176
12	48	176
27	50	179
47	89	184
11	75	185
29	99	192
71	87	200
10	71	207
96	97	218
60	91	219
0	53	229
59	76	231
46	94	235
75	89	237
11	27	248
24	75	265
31	97	266
52	89	275
49	70	279
17	93	283
14	86	294
32	42	297
18	61	299
16	51	305
17	18	311
18	48	315
26	77	322
42	70	326
52	99	326
21	75	329
31	52	333
41	91	333
55	65	344
42	84	346
21	73	360
83	84	369
86	94	371
6	86	375
51	91	386
6	89	388
34	47	389
43	57	394
51	89	396
14	74	399
32	61	420
34	73	434
51	99	435
51	86	437
46	63	438
57	82	458
36	82	468
32	66	471
68	70	473
15	50	477
33	99	489
17	71	490
40	69	495
93	94	495
17	52	509
23	66	517
5	74	529
51	77	567
21	51	569
2	8	570
34	53	575
17	52	578
27	81	581
4	14	582
7	71	590
3	81	594
2	38	611
5	7	612
12	88	613
39	70	627
21	43	635
22	65	644
5	70	646
18	40	650
50	80	650
36	42	657
5	77	660
12	42	665
51	94	670
36	72	671
8	61	680
89	97	681
73	89	685
63	94	688
40	89	689
4	62	692
52	89	694
72	84	703
51	73	707
6	15	708
70	86	713
11	75	718
38	87	722
23	87	739
51	86	742
74	84	747
85	86	772
5	39	773
26	86	773
82	87	773
44	74	793
38	77	802
40	52	806
15	40	808
29	78	816
59	96	817
24	27	822
9	86	831
50	82	842
71	92	842
40	82	848
0	36	851
42	74	866
16	53	869
23	40	885
10	29	889
38	52	893
32	94	895
42	51	898
38	94	903
20	54	906
2	45	924
5	70	941
51	85	950
26	76	957
8	62	964
51	90	969
24	51	971
31	84	971
23	70	972
11	87	973
21	64	975
8	71	978
40	88	979
34	88	980
8	38	985
18	31	989
9	61	995
55	89	996
29	96	999
77	97	1001
36	96	1026
68	73	1027
51	54	1033
25	67	1036
25	43	1036
9	86	1038
19	55	1040
23	86	1042
64	90	1056
3	19	1064
3	43	1064
22	49	1073
19	80	1074
57	84	1079
45	53	1085
68	82	1085
17	34	1087
8	12	1093
34	52	1094
55	68	1101
35	40	1104
5	87	1105
84	94	1110
44	50	1111
67	73	1111
3	34	1127
32	85	1127
49	91	1127
3	14	1129
11	89	1133
24	68	1133
25	34	1133
89	90	1134
1	51	1147
16	66	1148
74	87	1161
75	97	1165
6	12	1170
17	49	1171
92	93	1172
73	89	1181
18	40	1183
52	55	1186
51	96	1189
93	94	1189
30	40	1195
41	51	1200
57	70	1225
8	75	1226
62	87	1241
4	44	1244
49	84	1245
24	88	1253
7	51	1263
23	64	1282
21	82	1283
75	97	1283
5	87	1288
83	84	1303
4	53	1304
7	55	1314
32	84	1318
7	41	1336
16	18	1339
30	34	1339
40	57	1347
19	51	1352
40	45	1358
41	94	1367
6	43	1369
6	99	1386
11	51	1387
50	87	1387
46	47	1390
70	94	1390
14	48	1392
8	64	1417
71	86	1428
38	72	1430
24	57	1450
24	89	1457
50	91	1457
74	75	1460
78	81	1473
50	55	1476
45	83	1477
72	95	1479
55	86	1480
59	89	1489
8	82	1491
23	70	1494
85	86	1502
23	42	1504
32	61	1515
5	59	1524
12	70	1534
51	57	1537
27	86	1542
9	14	1544
18	85	1553
12	33	1569
13	70	1569
39	69	1576
13	71	1579
10	70	1582
39	45	1588
46	68	1590
55	84	1597
38	70	1606
40	85	1610
14	51	1612
8	82	1614
32	48	1626
50	96	1627
77	97	1629
77	94	1634
5	70	1636
55	86	1642
18	32	1643
34	42	1646
77	85	1649
16	68	1652
19	77	1653
5	68	1655
50	86	1656
21	89	1664
34	88	1668
34	57	1674
2	11	1677
7	51	1682
56	63	1683
51	70	1686
63	69	1687
8	34	1691
51	88	1693
65	71	1716
75	94	1719
27	99	1734
69	89	1734
16	39	1735
82	83	1737
6	65	1742
40	51	1744
5	89	1764
5	21	1765
3	51	1770
68	80	1771
64	72	1773
23	50	1778
76	99	1781
50	87	1783
38	72	1790
62	66	1803
69	98	1805
5	29	1807
8	29	1813
5	97	1820
50	70	1821
17	33	1826
13	52	1830
11	79	1834
23	99	1843
29	68	1851
47	81	1857
7	31	1858
63	93	1858
23	27	1870
36	74	1874
77	99	1876
29	64	1887
29	90	1891
33	70	1892
9	57	1894
75	92	1899
20	94	1912
51	81	1916
45	94	1918
51	96	1918
68	73	1923
46	52	1926
21	35	1930
24	42	1931
24	85	1934
5	86	1935
8	17	1938
70	87	1949
73	89	1958
64	89	1962
12	82	1967
75	86	1967
6	74	1973
14	86	1982
48	91	1988
25	91	1989
42	75	2007
3	74	2019
31	84	2022
34	86	2024
19	90	2031
3	39	2037
22	80	2041
82	95	2042
23	77	2051
29	87	2053
32	50	2062
34	78	2064
12	34	2075
86	97	2082
49	99	2093
33	57	2100
43	64	2108
19	85	2115
67	98	2115
3	16	2118
23	32	2122
44	85	2126
51	87	2127
42	99	2140
26	44	2141
44	52	2144
41	76	2148
24	87	2149
86	98	2154
8	21	2157
45	91	2159
94	97	2159
13	34	2164
17	67	2179
22	61	2189
30	65	2191
33	34	2191
75	94	2195
11	70	2203
42	89	2204
15	43	2207
28	90	2210
21	29	2219
67	82	2224
68	96	2226
34	61	2228
46	94	2228
33	84	2231
18	74	2237
32	83	2241
19	89	2245
78	97	2249
1	84	2254
58	84	2255
5	38	2268
2	85	2276
52	65	2279
65	73	2281
7	23	2282
81	95	2282
11	32	2283
11	89	2287
8	84	2289
7	79	2301
71	87	2308
10	46	2316
81	93	2334
42	66	2354
55	89	2364
33	62	2378
51	84	2378
8	48	2379
31	51	2379
6	42	2400
6	25	2404
21	42	2408
32	73	2409
23	52	2431
21	99	2439
28	67	2439
52	69	2442
55	79	2445
5	29	2448
11	76	2453
25	94	2464
79	94	2480
66	84	2482
68	94	2493
19	56	2494
62	82	2495
5	11	2502
34	92	2503
66	69	2507
51	80	2514
45	85	2515
16	32	2519
41	88	2526
28	58	2531
51	75	2531
12	91	2532
26	84	2539
35	99	2545
51	89	2545
52	84	2550
12	50	2551
27	75	2555
68	85	2556
87	89	2565
68	78	2571
39	50	2584
18	97	2588
34	89	2588
36	46	2591
62	87	2597
68	85	2614
39	46	2617
17	41	2625
34	46	2625
21	52	2639
34	41	2648
52	60	2653
63	70	2653
42	91	2661
12	38	2665
14	36	2666
10	37	2668
12	34	2670
55	62	2672
42	55	2684
62	93	2688
39	68	2693
1	70	2696
73	90	2697
6	67	2706
8	57	2708
70	81	2713
12	92	2714
4	46	2723
67	94	2733
22	59	2734
67	87	2734
41	70	2735
28	84	2743
74	94	2746
24	57	2748
50	55	2748
8	97	2751
3	34	2758
2	20	2762
57	63	2767
0	52	2776
60	78	2783
11	95	2805
67	89	2811
1	8	2814
51	68	2814
5	51	2821
37	88	2821
50	52	2822
3	77	2831
26	86	2831
61	89	2833
18	35	2841
66	67	2844
51	70	2849
89	93	2849
34	99	2853
11	56	2855
42	88	2855
26	51	2860
38	46	2865
2	29	2878
73	89	2882
27	51	2887
46	70	2892
37	70	2894
3	71	2898
4	14	2903
12	62	2912
51	54	2914
7	53	2916
8	33	2918
30	60	2919
41	66	2923
17	43	2940
45	94	2953
86	89	2960
16	52	2967
57	76	2971
72	86	2983
12	44	2986
42	97	2991
22	89	2992
7	70	3008
75	82	3020
47	88	3023
39	43	3026
37	42	3031
15	50	3032
1	5	3044
89	98	3047
22	83	3048
61	89	3050
37	86	3051
40	46	3055
51	85	3064
0	46	3066
15	22	3066
6	45	3071
21	40	3072
20	33	3077
8	99	3081
64	65	3082
4	9	3086
42	82	3087
6	43	3089
52	93	3090
21	52	3094
3	74	3100
21	38	3101
7	64	3108
12	28	3110
8	94	3114
23	43	3114
32	61	3122
33	50	3131
30	68	3135
15	31	3137
61	73	3138
11	93	3140
42	84	3142
29	70	3147
12	52	3151
44	75	3153
27	84	3157
26	87	3162
5	37	3167
19	42	3167
26	42	3168
68	95	3185
23	89	3191
6	43	3194
5	33	3206
24	59	3216
14	79	3218
5	79	3223
43	96	3223
17	86	3225
43	62	3228
38	48	3230
21	70	3231
5	77	3234
70	76	3241
73	81	3253
3	57	3261
26	84	3275
0	50	3279
25	42	3295
8	51	3297
14	89	3298
39	68	3306
14	66	3314
38	41	3318
56	70	3325
59	96	3331
51	70	3335
11	94	3341
30	82	3346
25	52	3357
3	30	3380
33	83	3385
35	51	3386
30	98	3392
42	49	3397
46	48	3404
88	91	3409
45	54	3421
26	70	3426
39	89	3438
5	6	3443
56	70	3455
8	63	3459
30	86	3468
4	38	3480
31	78	3480
76	79	3517
8	51	3520
26	51	3520
68	90	3524
51	86	3528
51	77	3539
83	86	3544
50	94	3555
51	73	3564
31	70	3569
2	39	3570
54	79	3576
5	7	3580
5	51	3582
23	42	3595
43	87	3595
42	89	3600
5	42	3602
7	57	3602
37	40	3602
11	70	3607
7	76	3631
5	86	3636
23	93	3637
21	70	3638
38	86	3639
34	40	3657
53	98	3682
6	51	3685
19	30	3697
23	98	3697
68	88	3698
42	85	3703
21	38	3704
3	8	3713
5	11	3724
56	62	3732
42	58	3738
50	67	3745
8	70	3750
25	93	3756
29	39	3759
39	52	3761
5	14	3763
34	68	3765
2	86	3767
64	89	3781
5	45	3785
43	96	3785
93	98	3788
72	84	3804
55	66	3805
70	89	3813
28	88	3816
52	53	3832
46	86	3833
20	98	3835
69	75	3835
54	69	3836
22	91	3840
76	84	3841
93	95	3843
2	28	3847
73	91	3847
49	89	3868
51	86	3869
22	97	3874
19	67	3877
93	95	3879
69	86	3895
23	55	3896
0	37	3897
5	34	3905
51	76	3909
5	84	3917
55	71	3923
39	97	3938
51	84	3940
33	71	3942
47	87	3945
64	84	3948
23	36	3960
5	32	3961
35	98	3963
76	93	3972
22	54	3973
18	94	3974
1	38	3983
13	97	3989
72	97	3995
39	77	3999
4	76	4003
68	71	4005
8	87	4010
31	74	4015
64	89	4015
14	91	4020
79	86	4027
5	46	4029
0	89	4037
4	8	4042
3	40	4046
41	86	4050
42	70	4057
3	45	4062
10	12	4066
68	75	4069
48	68	4070
14	75	4071
32	42	4077
15	38	4079
20	50	4080
36	52	4085
46	84	4092
3	40	4108
5	39	4109
34	87	4109
5	71	4116
9	12	4129
22	25	4131
26	70	4136
18	81	4137
30	89	4139
43	93	4142
82	83	4144
74	94	4148
11	92	4153
69	77	4164
5	70	4175
14	50	4177
70	82	4178
20	93	4182
47	70	4183
13	57	4184
38	39	4189
9	63	4198
34	51	4203
38	82	4207
4	40	4208
27	51	4215
52	69	4228
48	94	4229
86	94	4230
0	8	4231
0	42	4239
22	91	4243
38	67	4253
38	90	4261
71	89	4267
36	70	4276
52	73	4279
12	27	4292
33	94	4293
62	94	4300
27	49	4307
11	59	4317
75	93	4321
27	50	4330
58	88	4335
5	87	4347
51	81	4353
0	49	4357
32	74	4361
24	63	4363
63	70	4363
20	63	4373
19	91	4378
50	82	4382
51	86	4382
5	15	4393
24	34	4393
23	73	4410
31	89	4418
18	34	4428
18	95	4428
51	90	4428
89	92	4440
5	82	4443
44	80	4450
7	94	4453
36	51	4459
3	83	4467
0	94	4471
11	32	4472
13	98	4472
16	60	4474
23	41	4474
57	87	4475
52	54	4477
3	89	4488
29	34	4492
31	99	4494
65	81	4495
23	84	4504
39	77	4510
51	97	4510
61	94	4519
16	33	4529
42	55	4529
74	75	4546
36	74	4552
60	91	4553
49	55	4557
40	90	4564
30	34	4565
52	84	4595
52	74	4595
21	23	4607
50	68	4614
28	71	4620
22	88	4622
69	74	4624
2	63	4628
70	71	4641
35	82	4646
32	63	4649
5	90	4655
62	83	4657
70	87	4657
52	67	4662
42	91	4663
52	61	4666
89	96	4671
70	97	4679
16	70	4681
21	85	4690
18	74	4712
2	87	4731
20	93	4734
52	93	4735
10	40	4736
10	63	4738
70	76	4746
59	94	4760
1	32	4769
38	86	4769
85	94	4769
86	94	4770
20	77	4779
50	90	4784
46	51	4791
10	44	4798
66	70	4800
75	89	4801
21	29	4804
34	73	4812
29	51	4819
1	48	4821
44	51	4837
2	43	4842
27	94	4842
11	14	4847
32	88	4848
33	59	4875
25	63	4885
23	39	4886
35	95	4887
29	40	4902
21	29	4912
20	57	4927
58	70	4956
58	94	4962
11	73	4963
31	75	4968
5	23	4969
48	88	4970
54	80	4972
86	94	4974
46	61	4978
11	94	4989
75	84	4997
23	25	5002
8	70	5007
11	99	5013
61	62	5013
11	19	5015
2	51	5040
32	39	5040
62	90	5043
84	98	5052
42	52	5053
40	89	5055
21	94	5060
3	34	5061
13	49	5062
40	92	5064
46	71	5065
71	88	5077
42	86	5082
64	72	5091
46	89	5092
16	66	5094
16	86	5103
27	53	5104
38	69	5104
83	87	5107
30	94	5109
34	94	5110
87	90	5128
42	51	5130
42	46	5161
28	86	5174
28	69	5180
9	42	5181
29	86	5184
87	92	5186
23	89	5196
23	50	5198
0	31	5202
13	55	5202
5	25	5208
46	91	5209
8	89	5222
67	81	5226
39	55	5230
39	86	5235
34	94	5236
46	57	5258
29	91	5267
69	81	5280
64	68	5285
88	94	5288
6	58	5290
68	94	5292
1	84	5297
32	97	5317
14	23	5332
89	92	5334
59	86	5336
71	78	5353
2	5	5357
29	43	5358
3	99	5364
5	46	5364
52	77	5376
69	94	5383
45	49	5385
32	56	5394
69	89	5394
27	76	5401
8	40	5412
58	98	5429
49	63	5430
0	74	5437
81	93	5437
5	51	5438
6	60	5453
51	96	5457
86	99	5465
49	70	5478
11	87	5481
31	70	5489
65	69	5496
38	75	5497
12	69	5503
15	23	5509
33	76	5514
57	74	5516
11	91	5519
29	50	5527
32	34	5531
75	95	5537
24	38	5539
42	70	5550
77	89	5551
73	94	5559
18	86	5562
0	93	5565
70	89	5565
61	84	5571
86	97	5571
18	84	5575
23	54	5577
32	44	5584
52	53	5586
48	91	5587
9	33	5591
84	86	5591
25	65	5595
58	89	5598
24	54	5606
27	75	5610
89	94	5618
59	83	5621
70	74	5621
27	69	5625
35	70	5632
17	97	5649
25	68	5649
16	18	5658
21	93	5669
21	74	5676
8	11	5678
36	51	5682
75	88	5691
18	75	5712
21	99	5712
6	51	5714
14	74	5719
10	31	5720
73	75	5727
43	94	5729
4	64	5731
5	59	5731
61	94	5733
14	15	5734
75	83	5734
5	40	5741
32	52	5742
42	76	5748
32	59	5751
51	81	5752
6	70	5757
50	89	5758
34	50	5774
61	87	5786
11	57	5789
42	46	5791
33	34	5795
46	71	5802
59	89	5813
38	96	5824
8	86	5826
83	84	5827
33	94	5834
34	83	5835
65	67	5843
72	87	5843
25	70	5854
75	81	5857
11	23	5872
29	86	5874
82	89	5878
6	21	5880
50	88	5889
34	89	5893
41	77	5899
55	83	5904
33	67	5907
77	86	5910
17	22	5926
10	14	5934
53	65	5935
37	84	5942
27	49	5949
23	85	5967
17	59	5969
55	72	5969
26	91	5970
5	33	5971
39	79	5975
15	93	5977
15	71	5981
63	93	5995
47	66	6004
24	60	6018
17	51	6032
29	71	6041
74	76	6044
24	95	6060
7	54	6062
12	97	6066
10	42	6069
22	82	6073
8	41	6074
32	43	6079
89	96	6086
11	57	6088
40	86	6089
56	89	6110
51	98	6111
52	89	6111
57	94	6112
68	87	6119
9	80	6125
5	89	6128
2	85	6134
20	35	6142
75	95	6162
17	34	6164
18	43	6180
14	69	6184
20	83	6184
32	34	6187
2	97	6192
5	90	6199
26	46	6200
52	71	6204
87	89	6207
5	52	6213
77	85	6218
59	75	6223
40	50	6227
50	51	6227
7	71	6228
14	91	6233
58	99	6244
7	33	6263
13	34	6265
67	86	6268
7	51	6271
34	45	6271
75	86	6275
31	50	6285
47	67	6285
41	50	6294
38	94	6303
5	38	6305
12	51	6307
50	51	6307
10	13	6308
6	68	6309
42	89	6321
8	65	6334
5	41	6336
51	67	6337
14	46	6339
46	86	6339
97	98	6344
53	69	6345
50	92	6352
88	89	6353
51	95	6358
47	94	6359
15	30	6366
27	77	6369
42	77	6385
21	22	6387
71	86	6388
7	51	6401
25	92	6408
2	59	6414
26	79	6419
41	51	6442
82	89	6444
28	37	6454
10	51	6458
21	51	6465
33	52	6466
5	16	6467
16	83	6467
68	86	6471
3	37	6477
34	70	6482
51	93	6482
39	52	6484
51	65	6486
11	78	6490
12	30	6494
27	33	6500
61	83	6501
50	89	6502
1	17	6521
26	66	6521
11	53	6532
74	94	6537
79	82	6541
21	33	6542
31	32	6546
47	88	6550
24	41	6555
8	14	6559
68	78	6574
5	81	6576
27	70	6577
75	86	6591
31	37	6594
8	25	6597
69	72	6603
32	73	6607
14	48	6617
44	74	6619
26	57	6621
11	65	6631
23	96	6637
3	89	6638
56	89	6644
57	86	6671
50	79	6673
18	51	6677
16	94	6682
8	70	6684
5	51	6688
35	71	6694
50	86	6704
6	66	6717
11	87	6717
18	79	6719
50	73	6726
8	76	6727
23	63	6727
5	52	6743
37	76	6754
73	81	6790
47	82	6793
28	71	6804
34	84	6806
35	55	6810
1	78	6822
39	86	6830
5	48	6835
3	64	6843
20	78	6856
38	99	6860
37	77	6872
5	11	6879
32	62	6884
65	70	6886
30	42	6888
46	57	6894
8	99	6896
27	62	6897
45	86	6923
50	79	6939
62	77	6954
3	56	6957
1	3	6965
42	46	6981
10	95	6982
51	71	6982
15	17	6995
15	75	6998
24	75	6999
9	87	7008
16	47	7014
23	51	7027
83	86	7031
14	18	7033
39	55	7042
5	90	7049
59	64	7055
56	80	7061
3	88	7063
5	8	7065
51	82	7075
57	93	7079
69	86	7082
34	67	7084
78	99	7092
7	76	7096
18	51	7111
40	94	7116
8	82	7119
38	71	7125
46	54	7137
74	89	7138
32	39	7139
78	91	7150
85	97	7168
50	51	7169
4	51	7170
55	94	7170
16	40	7186
57	77	7193
22	42	7203
50	56	7207
9	46	7209
70	90	7212
64	85	7213
8	97	7215
23	37	7220
50	89	7221
11	23	7222
42	51	7222
71	75	7237
41	89	7243
0	25	7255
38	95	7262
64	74	7270
22	71	7279
17	50	7282
3	76	7290
11	48	7292
30	88	7294
6	38	7297
19	86	7298
5	40	7302
77	80	7304
11	73	7307
26	70	7326
68	95	7330
26	50	7332
2	87	7344
83	86	7344
10	51	7346
73	85	7347
42	84	7350
42	44	7353
71	92	7364
32	98	7366
5	20	7379
51	87	7386
13	17	7387
40	52	7401
22	23	7420
12	70	7422
70	74	7424
17	40	7427
5	51	7428
73	87	7432
3	45	7440
15	28	7448
30	70	7452
9	57	7461
46	89	7466
59	70	7468
2	12	7479
11	62	7479
55	94	7488
42	54	7494
62	93	7502
42	64	7505
61	74	7505
51	77	7520
39	48	7521
20	68	7525
16	86	7526
8	11	7532
68	84	7538
14	65	7553
30	39	7553
6	50	7555
3	43	7567
7	86	7571
15	51	7580
34	86	7582
52	97	7582
51	88	7592
28	51	7607
7	90	7609
51	83	7613
20	35	7617
35	94	7621
43	93	7628
84	89	7628
34	84	7629
77	90	7629
34	42	7636
70	74	7636
11	91	7639
3	62	7643
27	73	7648
6	23	7651
14	89	7655
35	46	7656
38	40	7672
28	94	7684
32	54	7688
23	27	7689
70	98	7693
15	85	7695
23	67	7697
33	42	7709
66	84	7717
53	89	7723
38	73	7732
94	95	7750
25	95	7756
75	89	7756
4	64	7762
11	46	7768
30	64	7773
72	99	7778
27	84	7786
23	34	7789
18	53	7790
38	42	7794
70	75	7797
4	63	7808
27	85	7809
14	50	7810
16	58	7815
11	70	7820
18	46	7824
51	87	7842
32	52	7855
51	68	7859
73	84	7863
69	90	7867
18	72	7870
47	99	7874
32	46	7875
20	83	7883
86	94	7883
26	34	7886
38	45	7890
6	78	7892
20	84	7895
22	87	7901
8	23	7917
33	51	7929
50	70	7930
39	97	7934
78	91	7937
34	51	7946
39	50	7948
26	59	7951
28	29	7951
36	46	7964
38	94	7971
42	59	7973
4	70	7983
89	90	7996
86	89	8014
29	89	8022
57	73	8024
8	97	8032
50	94	8041
18	68	8042
67	86	8048
18	45	8052
19	69	8061
47	51	8061
52	54	8070
56	70	8071
79	89	8091
53	89	8096
61	85	8103
39	89	8104
54	89	8116
5	60	8117
86	91	8125
0	34	8130
59	82	8135
51	67	8137
9	77	8139
52	66	8153
32	44	8156
86	91	8173
43	57	8175
51	84	8179
5	32	8183
29	30	8186
43	77	8196
9	69	8198
71	95	8201
6	84	8202
11	53	8204
6	59	8211
82	93	8212
21	41	8217
26	38	8228
35	86	8228
35	42	8232
40	95	8232
87	94	8233
22	38	8240
40	83	8243
5	16	8245
30	60	8248
85	89	8248
52	77	8251
73	89	8253
63	79	8254
29	34	8261
39	73	8266
3	38	8280
75	86	8286
12	99	8295
51	76	8297
5	86	8306
23	49	8355
70	75	8357
46	51	8368
9	56	8374
53	79	8380
38	76	8385
5	19	8391
52	76	8403
42	93	8406
5	85	8413
34	73	8419
50	79	8424
14	86	8426
57	93	8431
85	94	8431
20	42	8436
73	85	8440
56	75	8441
3	73	8471
5	27	8481
31	61	8483
77	96	8486
34	86	8488
3	81	8504
3	88	8504
7	97	8507
38	61	8507
6	14	8512
39	62	8514
2	87	8531
8	32	8536
50	51	8544
71	82	8549
36	92	8560
37	81	8561
84	87	8564
20	23	8565
11	50	8578
59	70	8578
71	84	8578
7	91	8584
59	82	8586
53	89	8587
31	71	8588
70	81	8588
86	95	8588
55	78	8591
72	92	8610
2	73	8612
11	99	8612
8	34	8614
38	51	8615
82	90	8615
6	68	8628
90	93	8630
8	11	8632
51	85	8635
50	84	8645
51	52	8645
9	25	8646
41	62	8652
0	47	8656
51	71	8665
42	70	8678
14	42	8681
39	74	8681
11	56	8684
37	69	8688
8	20	8711
28	33	8721
66	70	8722
85	89	8724
24	89	8725
49	51	8733
40	42	8738
86	89	8738
29	48	8756
39	69	8762
19	71	8763
87	95	8773
27	88	8778
5	39	8785
46	81	8793
3	66	8806
43	52	8807
65	73	8821
5	12	8833
42	45	8834
5	21	8848
13	29	8848
6	86	8854
8	53	8857
86	99	8862
29	73	8874
31	97	8874
58	68	8879
26	86	8881
34	39	8896
17	73	8899
56	94	8899
5	51	8904
23	83	8906
0	61	8912
60	73	8919
23	83	8926
21	70	8935
31	86	8935
5	95	8941
70	84	8947
28	51	8952
50	89	8952
4	87	8957
54	70	8960
17	91	8961
29	86	8961
24	27	8963
5	32	8967
5	23	8978
77	97	8987
5	93	8990
35	47	8997
11	98	8998
6	86	9018
5	40	9020
7	69	9034
37	79	9038
47	52	9044
68	94	9064
5	68	9069
11	89	9075
57	66	9081
50	66	9087
6	57	9090
70	82	9094
10	42	9101
29	34	9101
44	50	9111
50	81	9112
54	55	9112
63	84	9113
42	84	9137
31	89	9154
44	94	9167
19	30	9171
50	90	9184
51	71	9185
13	67	9190
2	73	9196
52	68	9196
3	27	9199
7	8	9226
0	71	9237
16	80	9242
82	92	9243
5	58	9246
15	89	9247
58	74	9265
13	67	9268
6	81	9269
28	86	9270
12	68	9275
51	70	9279
32	48	9288
25	50	9291
51	70	9294
20	51	9295
54	91	9300
11	15	9305
32	68	9328
6	68	9334
18	68	9335
34	99	9337
17	38	9344
24	73	9353
15	42	9355
45	86	9365
52	94	9365
57	86	9376
33	88	9383
5	29	9392
32	89	9393
49	51	9398
1	48	9415
0	42	9416
8	62	9416
30	83	9432
5	75	9434
7	48	9442
32	85	9444
3	62	9452
30	89	9452
5	30	9454
48	73	9462
4	72	9470
8	51	9474
71	79	9476
81	94	9476
51	86	9498
15	50	9500
54	96	9502
40	73	9505
40	52	9513
74	99	9521
11	19	9525
33	89	9534
11	70	9535
51	78	9535
54	71	9535
51	89	9539
66	93	9539
65	93	9540
5	51	9546
34	50	9546
11	53	9550
4	39	9558
24	52	9561
51	85	9562
29	85	9571
50	51	9575
48	51	9579
42	63	9581
15	56	9590
12	48	9615
42	47	9618
76	77	9622
22	83	9624
60	89	9627
44	78	9633
15	79	9636
7	85	9637
2	72	9642
14	38	9643
23	38	9654
88	89	9658
12	94	9668
14	24	9675
13	31	9691
21	32	9691
30	90	9694
45	95	9696
27	86	9697
81	86	9699
18	34	9712
25	89	9718
81	93	9726
8	50	9727
13	60	9731
40	99	9737
5	6	9745
23	44	9759
9	50	9779
49	94	9784
34	46	9795
21	73	9796
59	75	9799
7	29	9802
51	91	9804
15	18	9809
51	92	9815
17	26	9831
5	69	9854
0	91	9861
51	98	9863
67	89	9868
10	62	9871
82	93	9875
21	57	9880
13	86	9881
27	50	9894
42	94	9901
0	27	9915
10	70	9917
2	12	9924
50	70	9924
5	9	9927
25	68	9929
23	35	9937
20	34	9939
71	91	9939
41	94	9940
9	15	9947
74	98	9953
80	86	9953
77	83	9965
70	88	9983
13	22	9984
11	94	9992
46	84	9996
45	51	10001
2	70	10003
32	94	10011
25	70	10022
11	52	10024
11	78	10024
51	62	10030
34	66	10037
85	89	10037
37	75	10043
25	34	10049
50	54	10068
1	13	10076
90	94	10081
34	73	10084
45	93	10097
40	75	10107
53	56	10108
70	94	10111
24	99	10120
63	70	10124
12	23	10128
20	99	10136
28	52	10137
24	32	10150
18	62	10158
66	87	10160
39	46	10163
94	95	10164
1	5	10183
29	70	10188
51	62	10192
39	69	10196
40	81	10196
37	86	10205
33	54	10206
8	87	10208
37	52	10219
15	70	10227
15	94	10237
22	30	10237
91	93	10238
91	93	10240
8	61	10241
36	38	10244
66	97	10256
70	96	10263
40	89	10278
8	86	10279
52	58	10283
14	75	10285
44	86	10293
88	90	10296
12	48	10297
42	70	10301
66	86	10302
28	46	10306
45	66	10308
14	19	10316
65	97	10319
66	73	10334
30	75	10338
9	18	10353
82	93	10360
12	55	10372
8	99	10397
34	93	10400
27	67	10402
68	72	10404
9	12	10405
24	94	10406
18	94	10414
70	94	10418
1	94	10424
7	88	10424
51	66	10434
28	41	10438
5	70	10446
73	90	10448
8	10	10450
51	86	10456
93	98	10463
4	82	10465
5	70	10470
6	80	10474
15	51	10474
33	42	10480
3	6	10481
10	76	10486
32	64	10493
28	86	10502
51	87	10506
69	84	10506
71	75	10519
11	42	10520
42	94	10525
72	85	10531
41	73	10534
36	59	10539
35	75	10541
65	84	10542
12	56	10556
5	49	10557
72	86	10557
46	84	10561
9	70	10563
89	90	10563
50	51	10574
69	72	10574
17	78	10589
51	59	10589
21	22	10590
53	82	10596
79	94	10603
47	86	10616
48	53	10623
33	48	10626
56	97	10632
35	84	10634
42	85	10635
19	35	10638
38	80	10638
90	93	10640
24	43	10647
51	73	10650
86	98	10658
3	59	10659
46	71	10659
26	62	10664
42	89	10668
12	57	10670
24	42	10684
46	60	10685
89	99	10686
34	81	10687
11	89	10689
50	74	10696
26	31	10702
20	96	10712
6	55	10713
51	60	10713
4	42	10715
51	77	10718
94	96	10727
18	89	10730
1	41	10732
57	89	10750
15	96	10756
13	56	10757
55	67	10758
27	82	10772
14	24	10781
13	97	10787
70	96	10791
50	93	10793
12	43	10794
23	51	10796
52	87	10811
69	85	10824
5	85	10831
26	43	10834
23	59	10842
33	40	10842
12	57	10848
8	97	10855
9	60	10862
51	86	10863
18	49	10868
25	88	10869
36	70	10870
50	99	10870
7	23	10876
13	45	10878
59	93	10880
21	71	10886
25	73	10917
28	45	10922
41	86	10934
93	94	10954
9	46	10960
31	75	10965
38	46	10965
69	96	10965
89	94	10967
23	61	10971
38	52	10974
51	72	10978
70	97	10984
70	86	10986
16	26	10990
19	42	10993
20	89	10994
25	63	11012
51	86	11017
34	63	11022
25	57	11024
5	40	11032
40	98	11032
50	61	11038
14	27	11042
27	50	11043
27	42	11050
50	74	11051
39	51	11058
13	68	11059
61	89	11061
0	88	11066
46	65	11066
10	51	11067
39	71	11067
40	79	11067
42	79	11082
14	49	11083
21	84	11092
51	89	11098
10	68	11103
16	70	11104
27	80	11105
70	91	11116
34	74	11117
5	28	11125
13	44	11129
41	99	11130
0	70	11133
36	47	11140
7	68	11145
57	77	11147
61	87	11149
67	94	11149
7	51	11155
29	46	11157
39	71	11163
30	91	11167
46	86	11170
73	94	11177
31	87	11179
71	85	11185
9	83	11190
46	68	11204
37	44	11216
37	45	11228
55	69	11233
1	57	11243
51	68	11257
29	39	11258
17	20	11260
34	79	11291
15	28	11299
28	51	11311
1	21	11314
28	89	11326
29	94	11337
18	27	11341
57	90	11348
46	94	11352
7	84	11360
11	49	11367
59	71	11369
11	70	11373
5	72	11389
70	74	11390
3	90	11395
46	86	11396
43	89	11406
85	90	11412
24	27	11416
75	78	11429
0	68	11433
74	90	11440
5	29	11451
38	52	11458
73	87	11476
39	75	11485
3	94	11496
1	55	11497
51	68	11497
50	74	11499
0	7	11517
75	90	11525
70	89	11538
27	91	11539
42	86	11539
14	93	11542
11	33	11550
25	77	11557
20	70	11563
70	92	11564
39	65	11565
7	83	11572
67	90	11580
36	43	11592
23	86	11596
17	81	11598
46	65	11601
29	52	11603
42	49	11605
43	98	11608
22	86	11612
46	51	11612
21	87	11622
7	60	11624
56	63	11627
35	85	11628
23	70	11630
46	94	11653
14	26	11664
52	98	11667
13	92	11672
51	61	11676
10	47	11678
37	84	11681
28	86	11682
38	96	11686
30	94	11693
50	75	11695
2	58	11696
8	67	11696
54	64	11706
32	73	11707
0	33	11710
71	88	11715
61	71	11719
71	97	11719
14	65	11722
57	90	11729
32	97	11734
23	26	11742
52	71	11751
34	69	11759
50	97	11762
77	93	11766
11	85	11767
87	93	11783
1	36	11785
79	86	11789
26	91	11791
3	7	11794
50	89	11802
20	98	11808
8	39	11809
52	84	11811
88	95	11817
73	89	11829
8	66	11830
59	89	11831
51	87	11833
22	66	11834
51	75	11837
14	38	11839
51	78	11840
89	92	11840
50	77	11848
41	94	11850
38	97	11852
46	76	11854
62	87	11856
58	73	11858
34	61	11862
43	87	11862
51	70	11870
23	78	11872
62	68	11872
83	89	11873
12	43	11876
23	85	11877
19	83	11896
14	19	11904
38	70	11907
18	87	11909
8	11	11910
51	55	11913
5	25	11917
38	88	11917
50	91	11935
92	95	11938
70	71	11941
5	70	11943
0	42	11944
36	65	11949
33	89	11950
3	43	11968
46	94	11984
30	98	11987
42	56	11998
15	27	12011
57	79	12018
34	84	12020
55	97	12039
23	47	12040
84	94	12048
6	36	12057
19	36	12058
25	86	12068
6	70	12070
17	76	12071
5	95	12073
3	51	12074
70	88	12075
38	50	12076
35	50	12080
69	73	12082
27	51	12087
22	93	12118
45	51	12141
18	91	12142
30	86	12151
24	91	12160
50	84	12166
1	28	12179
27	54	12180
0	34	12181
32	89	12183
79	86	12184
17	51	12192
13	16	12211
13	26	12224
25	94	12228
51	53	12231
14	70	12243
34	51	12246
51	76	12260
42	46	12277
22	50	12287
73	76	12293
34	97	12306
70	94	12306
4	70	12310
60	86	12314
22	86	12316
84	99	12320
25	30	12324
16	51	12325
34	94	12327
70	80	12348
26	70	12349
33	71	12355
33	70	12367
29	74	12378
52	98	12380
11	94	12393
22	27	12405
14	82	12416
14	75	12417
21	72	12421
46	91	12421
11	42	12427
13	86	12428
92	93	12429
73	99	12433
0	5	12434
5	67	12435
29	74	12435
33	65	12438
40	77	12453
46	89	12457
35	90	12461
39	79	12463
45	87	12463
25	87	12472
62	90	12472
74	85	12477
71	94	12490
66	77	12492
55	89	12507
5	50	12514
63	93	12521
22	81	12531
78	86	12540
7	60	12543
53	93	12546
7	17	12556
34	42	12556
5	91	12557
10	30	12559
8	89	12560
11	82	12575
43	50	12576
10	62	12585
8	11	12596
17	57	12597
8	17	12604
5	12	12607
60	74	12611
28	51	12615
42	70	12617
30	51	12621
50	53	12621
32	38	12634
3	37	12637
39	67	12639
32	83	12640
39	51	12640
39	91	12643
84	94	12653
6	65	12657
25	90	12657
42	56	12664
77	97	12664
5	51	12666
78	92	12681
6	92	12686
52	77	12699
51	84	12709
5	7	12717
42	90	12719
27	83	12727
11	94	12730
5	94	12738
61	91	12739
6	22	12742
8	52	12743
50	70	12745
13	87	12763
46	58	12767
51	66	12768
29	32	12779
11	95	12784
3	5	12785
27	40	12788
42	57	12795
6	34	12796
69	90	12798
17	91	12799
4	30	12800
18	89	12802
59	85	12804
32	48	12807
29	32	12808
65	88	12815
21	32	12818
37	42	12827
40	55	12830
64	68	12832
39	51	12836
70	71	12837
19	91	12842
88	89	12848
43	51	12850
55	67	12855
5	27	12864
38	42	12864
6	51	12867
34	51	12872
2	6	12886
4	55	12888
32	82	12892
71	87	12898
21	73	12901
5	45	12905
51	74	12907
9	50	12928
14	73	12928
26	28	12931
38	78	12931
18	38	12940
12	50	12975
14	24	12975
39	94	12975
50	84	12976
34	51	12979
49	62	12981
5	93	12983
38	47	12986
70	83	12986
19	43	12990
25	83	12991
14	91	12995
77	97	12999
2	84	13002
34	89	13008
30	40	13010
70	90	13011
58	70	13015
48	85	13019
40	51	13022
0	65	13024
5	99	13025
3	29	13026
5	54	13027
1	4	13030
13	43	13033
49	86	13038
0	31	13039
34	67	13039
48	59	13040
46	58	13041
32	94	13043
18	63	13046
91	99	13047
7	94	13053
34	53	13053
77	86	13058
17	93	13064
8	93	13071
32	85	13071
11	70	13072
38	92	13073
0	83	13084
45	77	13086
14	91	13091
14	60	13099
6	75	13100
11	77	13101
38	72	13106
21	43	13110
14	78	13115
5	73	13118
64	70	13122
21	86	13124
31	89	13124
11	21	13131
11	70	13132
51	94	13132
12	43	13134
5	94	13139
71	89	13140
51	97	13143
55	74	13160
41	59	13179
16	49	13180
7	8	13183
32	90	13183
8	56	13184
62	97	13188
2	51	13194
7	10	13200
8	93	13200
48	72	13202
12	83	13207
30	51	13216
86	87	13219
86	88	13239
42	57	13240
9	10	13254
52	81	13256
38	46	13267
32	86	13281
3	86	13284
24	67	13284
16	63	13311
13	14	13312
27	70	13313
39	72	13326
50	53	13338
66	89	13338
51	83	13356
18	96	13361
30	87	13361
70	79	13369
66	86	13371
12	48	13373
81	87	13391
14	18	13410
88	99	13422
2	51	13429
14	81	13436
34	77	13443
32	34	13449
50	57	13456
37	52	13458
89	99	13459
8	46	13462
5	81	13464
46	94	13464
39	85	13481
14	87	13494
49	94	13504
50	71	13505
18	51	13513
74	77	13517
17	36	13522
5	40	13524
8	89	13539
18	51	13542
26	31	13548
61	89	13550
48	90	13560
31	73	13575
25	73	13583
14	89	13590
84	94	13591
34	42	13602
52	70	13604
70	83	13609
38	86	13610
20	52	13616
14	42	13622
10	50	13626
70	85	13626
50	53	13630
22	89	13631
24	95	13634
38	63	13636
5	13	13649
17	34	13660
39	80	13661
35	42	13664
60	70	13678
25	31	13682
46	86	13686
40	51	13700
26	86	13701
0	53	13704
48	89	13718
73	96	13722
0	34	13732
73	75	13732
14	88	13735
23	69	13745
66	69	13747
92	99	13748
41	94	13751
34	88	13756
74	89	13759
70	96	13761
79	94	13761
74	81	13763
70	97	13764
34	51	13769
19	28	13770
34	93	13771
32	48	13784
23	89	13785
8	35	13786
93	94	13786
73	97	13804
6	81	13807
18	42	13812
16	57	13813
5	61	13816
6	51	13817
70	97	13819
28	94	13821
21	70	13824
47	70	13827
23	48	13833
75	76	13838
69	94	13844
40	70	13855
46	55	13867
2	86	13872
6	83	13880
40	90	13885
6	52	13887
67	98	13899
3	74	13905
40	66	13912
58	81	13914
29	51	13931
61	77	13942
3	42	13949
62	87	13954
62	89	13957
89	94	13957
15	67	13961
15	23	13969
23	86	13974
10	34	13976
19	51	13985
66	70	13985
7	69	13988
11	40	13990
18	58	13994
7	93	13995
70	84	14006
31	61	14013
22	69	14032
15	28	14033
1	75	14035
14	94	14040
71	82	14047
31	51	14055
26	95	14057
54	75	14066
65	73	14068
49	53	14075
74	75	14081
58	63	14087
67	89	14087
25	40	14102
43	89	14109
28	63	14122
70	71	14126
25	46	14162
50	66	14165
17	93	14176
11	42	14180
3	16	14181
6	50	14184
6	97	14198
29	58	14204
32	51	14206
59	92	14206
41	89	14210
3	34	14214
37	87	14215
35	61	14216
28	86	14233
32	76	14234
44	62	14236
1	84	14241
9	23	14241
11	51	14253
8	89	14254
51	89	14257
21	73	14261
74	89	14270
13	17	14271
6	86	14277
8	92	14290
44	49	14292
29	90	14298
47	86	14315
31	57	14318
85	86	14322
37	90	14331
52	60	14332
37	47	14335
12	87	14339
35	71	14351
53	86	14354
21	76	14355
71	97	14358
30	52	14359
63	94	14360
36	56	14372
21	23	14373
84	99	14373
84	93	14379
17	55	14383
57	70	14398
5	14	14403
46	82	14405
20	70	14406
29	75	14409
58	74	14415
2	70	14419
26	84	14421
1	24	14424
6	18	14425
46	77	14427
68	89	14427
14	50	14436
9	58	14438
47	85	14441
37	99	14442
13	44	14452
86	93	14471
46	89	14472
21	28	14473
31	50	14481
56	68	14484
5	73	14485
74	79	14493
42	78	14498
6	87	14502
23	45	14507
8	46	14508
11	42	14508
83	93	14511
13	46	14512
13	15	14512
13	63	14523
45	55	14524
6	77	14534
62	94	14540
31	77	14544
32	88	14550
18	47	14553
58	87	14563
73	86	14565
23	40	14569
94	95	14575
19	34	14578
20	76	14578
19	59	14580
14	51	14582
42	62	14587
7	54	14588
11	34	14590
0	84	14596
27	73	14604
75	87	14608
93	97	14618
86	97	14626
10	77	14629
18	30	14631
39	42	14642
77	99	14651
65	75	14661
7	30	14662
22	62	14666
5	23	14677
23	61	14696
18	51	14701
14	34	14704
71	86	14705
23	90	14708
39	46	14713
42	97	14717
18	50	14720
4	5	14734
54	95	14738
18	70	14746
65	75	14749
29	37	14752
4	93	14768
38	46	14770
57	58	14779
70	99	14793
18	32	14798
0	76	14808
58	71	14809
71	75	14810
74	76	14817
19	84	14818
9	22	14820
51	86	14835
8	68	14836
37	74	14838
15	31	14842
8	39	14853
36	96	14854
57	86	14855
50	88	14858
51	60	14875
14	67	14877
32	49	14893
38	40	14897
70	92	14900
34	88	14904
68	90	14924
4	51	14925
40	51	14927
70	71	14939
20	27	14940
51	70	14941
8	23	14959
40	63	14970
23	47	14975
29	67	14983
30	51	14987
3	51	14993
3	54	14993
51	86	14995
1	83	15003
71	81	15007
81	89	15008
17	42	15009
6	54	15016
26	71	15022
51	53	15028
5	37	15044
7	82	15045
32	34	15050
2	85	15052
3	41	15054
25	75	15070
60	77	15076
20	42	15079
69	86	15080
19	51	15090
27	34	15096
46	51	15100
3	53	15106
0	45	15110
8	77	15111
82	86	15119
10	30	15123
71	82	15127
5	28	15139
4	86	15145
10	70	15145
38	67	15145
36	58	15149
54	79	15155
63	75	15157
9	34	15164
5	23	15182
41	52	15199
16	94	15203
38	39	15214
38	71	15221
32	68	15223
78	94	15228
38	93	15235
5	70	15241
67	74	15245
30	51	15249
32	46	15251
5	89	15256
47	69	15261
77	98	15272
50	86	15300
58	89	15304
30	91	15305
16	58	15307
26	53	15307
14	51	15313
70	71	15317
5	67	15326
68	97	15342
55	86	15345
46	94	15353
51	77	15364
8	87	15369
20	51	15376
53	54	15383
13	42	15386
6	71	15392
41	70	15397
70	78	15398
48	82	15402
51	52	15403
75	82	15416
61	94	15431
84	93	15433
90	94	15436
46	85	15438
29	42	15441
0	34	15444
84	86	15444
11	83	15451
47	62	15453
55	64	15455
7	70	15456
53	77	15465
83	97	15474
86	93	15474
29	89	15499
85	87	15504
81	97	15507
38	61	15513
11	45	15527
52	98	15530
5	14	15534
76	85	15536
42	51	15538
28	91	15541
70	73	15543
75	90	15554
24	54	15555
13	72	15561
22	94	15566
41	85	15566
42	61	15568
51	81	15571
5	29	15572
29	63	15577
50	56	15585
8	18	15586
5	91	15590
34	61	15611
2	66	15612
5	42	15615
13	25	15617
29	73	15619
55	97	15621
31	56	15622
28	52	15630
12	50	15643
5	43	15650
3	73	15657
52	86	15662
34	75	15668
8	21	15669
86	97	15669
38	89	15677
59	84	15678
1	34	15697
5	89	15698
16	23	15709
42	93	15719
21	31	15720
17	73	15724
60	67	15727
73	86	15728
29	77	15733
47	51	15734
52	53	15734
50	94	15735
16	50	15738
53	70	15740
42	89	15743
57	86	15747
10	84	15749
68	84	15751
23	70	15757
73	86	15759
82	97	15759
2	62	15764
10	27	15765
77	82	15770
70	78	15773
5	98	15783
51	68	15785
87	89	15790
71	93	15792
93	94	15796
75	99	15798
24	87	15810
12	47	15815
26	55	15816
43	78	15824
5	8	15825
6	82	15827
14	15	15828
23	41	15838
5	23	15839
36	95	15840
11	38	15841
15	73	15845
32	43	15846
92	93	15850
87	89	15857
0	29	15865
29	86	15874
15	89	15878
34	59	15888
15	39	15892
3	83	15903
87	90	15905
94	95	15910
26	90	15912
29	67	15913
84	89	15924
92	94	15927
23	79	15930
10	79	15938
73	84	15940
21	70	15959
1	37	15963
2	66	15966
15	69	15966
59	83	15977
12	86	15979
14	70	15979
50	67	15989
45	68	15991
8	97	15993
51	53	15994
5	42	15996
12	18	16011
40	70	16012
1	48	16015
71	89	16017
53	77	16028
44	94	16033
34	59	16035
9	46	16052
39	51	16063
57	93	16064
11	23	16071
73	78	16075
14	26	16080
5	22	16088
15	38	16092
5	70	16100
27	28	16111
94	95	16136
25	74	16152
19	39	16154
70	91	16162
11	30	16165
55	71	16168
8	52	16173
45	74	16179
94	97	16184
4	19	16192
51	59	16193
6	57	16196
6	61	16199
47	50	16205
23	76	16209
5	25	16214
73	75	16221
15	51	16224
8	74	16238
37	77	16246
2	25	16252
5	29	16253
26	91	16259
19	94	16274
58	86	16292
13	85	16308
33	94	16309
31	72	16320
51	70	16321
42	70	16323
52	75	16324
62	82	16324
47	50	16325
51	94	16325
5	7	16327
10	14	16343
51	84	16346
54	84	16355
4	43	16357
65	89	16359
13	32	16366
2	33	16371
27	86	16374
35	56	16383
77	87	16392
14	25	16402
0	55	16404
66	99	16405
51	94	16411
29	93	16420
51	58	16420
68	89	16427
30	32	16449
32	42	16449
34	40	16451
5	26	16452
55	64	16453
11	47	16462
26	83	16465
62	82	16478
62	73	16482
75	89	16482
19	58	16485
11	95	16489
77	84	16495
6	97	16496
10	51	16503
14	89	16509
68	97	16510
74	85	16523
25	71	16525
39	68	16527
12	16	16534
32	51	16538
86	95	16540
3	86	16547
42	48	16552
53	71	16562
86	96	16563
0	99	16565
18	95	16568
39	46	16568
51	84	16574
28	95	16576
40	86	16596
18	42	16602
70	74	16602
7	68	16607
30	58	16616
71	77	16619
50	90	16643
34	84	16646
53	67	16648
19	42	16657
50	97	16662
73	74	16663
15	91	16664
16	55	16670
34	38	16670
5	94	16683
5	50	16683
46	62	16683
31	96	16689
6	33	16699
58	84	16706
25	92	16708
38	42	16711
43	86	16723
24	88	16737
77	79	16738
30	59	16742
35	84	16742
10	86	16750
43	88	16765
75	96	16766
70	81	16767
40	58	16768
19	95	16774
9	68	16792
70	74	16801
63	92	16804
55	94	16817
42	87	16820
13	46	16822
52	87	16833
29	69	16848
43	51	16850
25	63	16852
14	75	16855
39	79	16856
10	76	16863
11	86	16867
51	62	16887
12	36	16889
28	51	16891
21	39	16894
60	97	16898
78	86	16899
70	87	16904
33	75	16916
18	67	16928
26	87	16940
5	11	16941
45	49	16951
5	82	16959
8	87	16962
5	99	16974
79	94	16975
80	82	16975
39	70	16982
20	83	16983
5	95	16989
5	70	17000
19	79	17007
11	51	17010
12	63	17017
5	86	17021
35	80	17030
4	64	17031
80	87	17036
22	94	17046
43	46	17055
46	64	17058
8	77	17061
85	93	17063
0	5	17092
4	68	17103
42	70	17103
46	83	17106
21	91	17109
34	73	17111
34	58	17116
7	34	17117
34	89	17120
70	80	17123
61	83	17125
14	78	17126
23	50	17126
50	51	17128
6	89	17131
52	80	17140
27	43	17142
14	71	17155
11	12	17157
31	90	17160
79	93	17164
7	90	17165
25	89	17172
91	94	17173
51	75	17179
7	57	17184
33	51	17185
68	89	17192
8	51	17194
51	91	17196
42	86	17209
73	93	17210
13	21	17226
44	75	17236
6	10	17243
51	86	17245
4	18	17248
7	57	17248
25	32	17248
42	69	17251
5	93	17279
58	72	17283
82	83	17293
31	86	17312
11	70	17341
5	84	17345
51	93	17347
14	69	17353
3	51	17359
75	98	17361
1	21	17364
55	80	17368
65	89	17375
26	84	17385
54	93	17400
84	87	17409
74	86	17424
5	37	17428
53	89	17432
51	70	17446
34	60	17450
33	86	17466
11	95	17473
70	89	17474
41	57	17475
39	69	17478
34	82	17486
12	27	17487
32	73	17494
51	83	17496
4	31	17499
34	42	17502
9	18	17509
32	44	17529
77	82	17533
51	98	17535
39	71	17544
32	51	17552
5	70	17553
57	81	17557
32	94	17568
44	89	17572
30	77	17577
52	94	17577
21	49	17579
25	83	17586
36	42	17588
77	92	17593
18	74	17601
34	77	17607
2	29	17609
10	38	17622
66	85	17634
51	94	17637
21	65	17643
39	97	17644
70	83	17648
45	59	17651
75	77	17659
27	49	17676
29	34	17696
20	50	17697
60	73	17703
36	78	17719
51	86	17724
17	94	17729
17	27	17741
5	75	17743
82	83	17743
0	81	17758
26	37	17765
18	51	17769
14	51	17784
53	54	17790
4	36	17799
41	85	17799
9	14	17805
51	73	17805
14	34	17812
24	99	17814
11	24	17834
5	20	17836
86	94	17848
11	51	17850
42	48	17856
18	32	17859
72	75	17866
29	85	17867
14	32	17871
70	94	17879
32	51	17889
17	30	17891
32	33	17896
63	98	17902
84	94	17908
4	66	17917
26	97	17918
51	75	17918
11	37	17919
0	94	17925
78	94	17930
9	88	17936
46	48	17941
45	65	17943
43	70	17944
33	68	17945
73	86	17950
14	51	17962
8	97	17974
13	81	17975
30	98	17982
6	35	17988
43	48	17997
10	11	18000
55	60	18004
36	98	18007
49	89	18018
28	89	18023
27	93	18027
27	51	18031
43	83	18035
13	46	18036
47	75	18036
23	68	18039
6	24	18065
31	94	18065
57	70	18065
14	25	18068
79	86	18069
8	85	18070
27	34	18071
49	51	18077
46	73	18086
61	99	18086
84	94	18086
27	81	18097
42	67	18102
67	70	18107
18	63	18113
38	61	18115
23	85	18126
55	96	18141
57	77	18148
51	72	18150
1	38	18154
8	51	18156
40	42	18188
44	51	18195
29	75	18198
1	80	18203
13	74	18204
27	43	18238
55	57	18240
31	50	18246
42	95	18246
41	89	18250
34	59	18255
8	45	18256
31	70	18272
51	57	18292
47	92	18296
86	89	18313
6	53	18314
50	76	18317
88	97	18322
75	86	18323
34	39	18328
43	51	18329
52	82	18329
71	74	18330
34	93	18332
2	89	18334
35	89	18334
0	23	18342
12	23	18342
70	90	18359
34	49	18362
50	84	18367
42	86	18370
57	86	18370
42	57	18373
27	51	18377
2	29	18391
6	86	18396
11	42	18400
71	93	18412
69	77	18414
33	38	18415
39	46	18415
51	67	18415
23	70	18416
38	84	18427
50	71	18437
5	11	18439
4	34	18447
48	91	18449
8	51	18455
14	46	18455
64	70	18459
24	50	18476
23	76	18486
29	70	18492
21	52	18501
5	8	18503
20	27	18507
8	76	18528
61	66	18530
83	88	18534
73	89	18536
14	26	18543
29	99	18554
5	27	18558
23	39	18565
29	38	18580
32	39	18587
34	82	18590
4	34	18591
17	46	18603
19	61	18612
12	38	18615
14	59	18615
51	55	18615
25	97	18636
84	94	18643
65	89	18654
29	54	18663
13	70	18674
51	68	18679
8	42	18681
37	63	18686
70	81	18688
3	89	18689
7	28	18699
26	84	18707
33	42	18716
11	34	18718
3	97	18734
81	85	18735
75	79	18743
27	83	18745
8	11	18749
19	33	18749
42	49	18751
8	43	18752
75	89	18752
27	50	18757
26	43	18766
70	89	18769
68	88	18771
8	33	18781
9	70	18783
40	59	18792
77	93	18796
33	51	18806
51	52	18811
5	99	18815
5	46	18816
30	73	18819
71	93	18819
13	51	18825
11	88	18835
62	86	18835
34	72	18837
47	65	18846
52	67	18847
35	87	18849
21	86	18860
69	73	18867
5	6	18870
70	78	18876
3	13	18879
20	59	18884
5	46	18889
0	34	18890
58	73	18906
29	86	18911
70	83	18911
34	45	18913
17	74	18919
1	31	18920
6	89	18922
51	57	18922
9	57	18928
42	89	18933
11	39	18938
0	11	18944
34	51	18944
20	70	18949
22	67	18950
77	89	18951
89	99	18964
16	41	18968
70	94	18979
59	73	18999
42	94	19003
42	70	19015
41	66	19021
51	58	19030
4	39	19034
41	79	19034
22	80	19042
48	98	19050
88	89	19058
3	66	19063
3	49	19068
8	18	19076
70	96	19100
54	89	19102
76	93	19105
39	50	19107
51	71	19109
8	55	19114
74	98	19119
29	49	19126
51	94	19137
33	97	19143
5	64	19148
3	29	19149
6	12	19149
46	69	19149
27	57	19155
13	95	19156
7	27	19172
46	92	19174
6	34	19176
3	86	19179
75	86	19191
0	46	19192
42	75	19194
7	47	19196
7	61	19198
27	49	19200
80	92	19204
7	51	19219
9	94	19219
42	70	19232
3	91	19235
55	88	19242
79	97	19246
18	88	19249
36	74	19250
18	31	19251
46	74	19253
49	52	19254
45	98	19256
5	55	19257
75	89	19277
11	42	19279
22	69	19286
16	42	19287
38	53	19294
1	94	19300
23	33	19318
14	90	19323
32	97	19325
56	80	19329
70	94	19331
41	89	19332
10	95	19333
2	93	19341
58	99	19342
64	79	19348
68	95	19352
7	78	19357
39	40	19359
26	70	19361
34	55	19381
37	89	19382
5	85	19383
5	81	19389
44	86	19395
34	42	19399
58	93	19417
38	70	19418
24	75	19421
53	74	19422
40	51	19426
46	70	19428
59	74	19434
13	34	19435
1	51	19439
48	95	19440
34	66	19446
41	78	19447
2	83	19450
23	38	19454
49	66	19455
17	62	19459
42	73	19459
79	89	19459
34	51	19467
30	40	19478
0	96	19479
1	80	19484
34	42	19489
5	51	19490
25	51	19490
67	84	19490
55	71	19492
29	50	19508
53	73	19515
0	70	19518
5	44	19518
33	89	19519
51	74	19522
41	93	19533
52	71	19536
0	37	19539
20	74	19540
30	67	19551
2	67	19557
46	50	19559
18	42	19565
21	46	19567
63	64	19601
24	74	19605
18	40	19624
65	89	19633
67	71	19638
32	38	19645
18	73	19648
23	85	19649
53	70	19656
74	81	19665
6	86	19671
86	88	19672
21	90	19674
5	11	19680
50	70	19687
81	90	19696
49	70	19697
5	9	19704
8	81	19705
3	39	19707
4	16	19708
37	70	19710
46	48	19717
48	89	19726
42	80	19730
39	74	19731
22	97	19750
40	97	19751
65	71	19755
16	22	19766
51	83	19770
7	8	19777
22	51	19780
51	57	19786
23	31	19791
68	85	19794
14	63	19800
37	56	19801
1	7	19804
52	63	19813
26	84	19825
26	86	19833
51	89	19842
12	86	19844
5	74	19854
22	94	19862
41	55	19862
4	51	19875
12	36	19883
70	79	19886
84	99	19897
23	84	19905
28	70	19928
32	42	19930
5	21	19932
59	94	19933
23	89	19942
41	82	19942
7	41	19948
14	32	19954
50	77	19956
3	54	19959
23	74	19970
68	90	19975
42	97	19976
28	44	19981
62	89	20000
