34	53	1
18	56	7
40	92	8
75	93	8
72	92	11
75	93	11
75	98	13
33	75	15
40	75	33
33	72	46
87	97	51
1	75	54
75	79	62
57	78	77
29	69	78
1	83	81
67	92	81
23	75	87
20	40	93
66	97	97
75	86	99
29	63	100
12	28	102
12	29	111
83	89	111
11	75	122
86	95	129
19	87	130
50	75	134
53	89	134
35	83	136
75	92	148
26	97	154
40	85	155
29	75	157
10	32	160
75	97	161
16	75	162
11	75	163
40	73	186
35	43	194
20	75	196
35	68	198
29	53	201
7	92	211
14	72	215
29	39	217
18	45	219
2	29	221
18	91	227
75	92	228
44	60	233
0	38	235
29	49	237
28	79	241
50	53	245
53	75	245
67	78	247
16	53	250
29	96	254
42	99	254
25	56	256
28	36	259
29	75	290
14	98	296
85	91	298
30	75	307
38	72	308
13	74	312
75	92	312
8	15	319
12	78	323
73	88	324
32	53	325
21	44	326
8	75	335
20	92	343
12	47	346
29	75	346
24	92	349
75	94	351
29	75	376
11	78	380
40	86	380
19	96	387
28	78	400
1	17	406
34	75	410
81	94	414
13	62	415
72	92	422
18	50	427
75	92	429
14	46	438
75	95	447
53	71	450
20	75	461
32	57	467
75	82	472
20	21	474
37	64	480
29	58	490
75	98	498
16	38	500
11	16	502
32	75	528
11	72	535
61	62	540
84	90	544
1	75	555
29	88	555
75	94	556
40	94	558
33	94	563
57	75	566
18	65	567
70	75	571
72	91	573
40	83	575
12	18	576
48	97	582
29	75	598
19	36	606
2	92	607
40	75	615
72	75	617
16	73	618
28	87	620
4	50	630
48	75	632
75	92	657
26	75	658
32	85	661
21	26	662
30	66	671
28	91	672
27	50	676
27	90	676
59	75	687
25	80	696
12	26	697
68	75	697
12	75	705
15	75	728
8	89	729
75	89	730
75	92	732
61	98	733
32	37	738
14	56	747
45	47	748
32	92	759
42	92	766
13	70	767
2	75	775
58	96	778
13	44	779
42	81	784
18	71	793
75	92	798
73	92	804
92	93	808
12	29	819
7	75	821
29	94	824
75	97	828
75	92	835
75	86	835
2	55	836
29	62	842
50	75	842
32	75	843
1	6	844
1	29	849
61	75	849
53	71	852
9	32	862
1	20	864
48	89	867
20	75	870
72	75	871
1	86	873
1	61	887
15	75	889
48	62	889
58	75	891
29	75	895
34	75	898
75	92	905
46	92	914
68	88	917
5	38	926
83	86	927
28	85	929
11	69	933
51	72	936
8	32	941
38	75	945
73	82	945
1	75	960
62	75	962
41	47	966
75	98	967
25	97	969
11	34	971
50	73	971
22	75	973
1	29	978
26	97	981
75	92	989
55	89	990
14	64	1001
29	42	1011
21	51	1017
10	16	1028
52	75	1028
17	25	1031
29	92	1032
83	97	1034
75	94	1041
32	88	1042
32	51	1044
55	56	1047
75	83	1047
10	76	1060
58	95	1060
56	75	1062
72	89	1062
12	29	1064
58	89	1067
9	40	1068
24	85	1068
48	92	1071
63	75	1073
12	23	1075
51	75	1087
64	65	1088
12	87	1094
2	62	1095
37	75	1096
80	90	1105
27	94	1110
12	75	1113
37	49	1124
36	75	1135
49	66	1140
20	72	1144
12	67	1150
23	97	1151
71	75	1154
50	51	1173
11	92	1185
29	66	1187
2	66	1189
69	84	1194
75	96	1199
75	99	1204
75	83	1206
34	75	1208
50	75	1210
49	64	1211
76	98	1216
32	39	1225
33	71	1228
75	89	1228
77	84	1229
68	75	1231
50	88	1238
53	92	1248
79	87	1248
43	75	1252
33	80	1255
44	75	1255
29	45	1258
4	70	1263
13	95	1263
64	94	1266
12	68	1268
29	75	1268
23	75	1269
8	61	1270
32	75	1270
37	53	1274
83	95	1286
75	86	1289
53	68	1291
24	85	1302
58	75	1306
65	85	1306
6	36	1308
66	75	1309
53	75	1310
26	29	1316
51	99	1322
62	75	1323
31	72	1336
25	75	1340
50	75	1342
40	92	1350
6	30	1351
79	87	1351
5	75	1359
30	65	1364
70	75	1364
56	75	1369
20	61	1373
75	84	1376
62	84	1384
61	72	1397
2	83	1407
30	40	1411
13	24	1413
29	57	1414
72	76	1419
4	43	1420
1	37	1443
9	37	1445
75	92	1445
11	82	1449
72	84	1451
1	75	1457
6	83	1457
61	88	1459
54	84	1463
29	56	1475
53	69	1476
50	84	1479
0	43	1483
75	94	1485
20	75	1489
28	86	1489
6	66	1495
7	78	1495
28	53	1498
28	91	1499
92	93	1503
41	75	1515
24	72	1534
26	72	1539
87	91	1542
48	92	1551
68	92	1551
34	75	1552
55	75	1555
56	75	1558
75	92	1559
19	75	1565
32	37	1565
34	40	1571
2	61	1572
19	75	1584
34	75	1596
9	37	1598
34	56	1599
0	92	1600
48	92	1608
29	57	1624
50	56	1629
62	94	1644
1	79	1655
52	75	1655
2	97	1657
43	52	1659
54	76	1664
40	42	1676
48	90	1677
30	75	1689
24	44	1694
22	26	1701
64	75	1705
32	85	1710
44	84	1710
24	98	1711
72	75	1713
54	75	1725
39	73	1741
73	75	1748
53	72	1754
22	78	1756
29	72	1756
19	46	1760
5	57	1763
1	9	1769
28	61	1769
76	92	1801
28	42	1806
14	82	1807
29	48	1808
54	95	1813
5	75	1820
8	92	1842
29	57	1842
87	92	1852
29	73	1853
75	81	1859
0	17	1868
25	78	1872
16	24	1873
60	92	1876
72	92	1887
25	75	1888
60	62	1896
74	75	1899
42	72	1903
50	84	1912
75	80	1913
36	86	1915
48	68	1918
88	93	1918
28	75	1922
26	75	1923
53	75	1927
29	61	1936
41	75	1936
52	53	1937
16	32	1938
5	78	1939
42	77	1939
6	29	1944
15	43	1947
85	88	1950
25	75	1952
45	50	1959
70	97	1959
18	34	1965
30	71	1965
68	92	1969
2	42	1981
50	95	1989
29	95	1990
19	37	1992
69	82	2003
21	29	2010
29	83	2011
42	82	2024
39	79	2025
64	72	2027
37	48	2028
28	33	2031
30	75	2031
28	84	2034
23	43	2041
16	51	2049
29	75	2049
29	99	2050
1	90	2053
2	29	2064
92	98	2066
1	62	2071
52	61	2072
82	92	2073
69	82	2074
29	69	2081
64	80	2086
11	71	2100
20	82	2101
67	85	2110
7	78	2111
34	37	2112
10	75	2113
75	78	2114
4	75	2134
37	74	2135
60	75	2136
22	94	2137
5	48	2140
71	75	2140
75	98	2141
29	75	2150
75	92	2166
1	14	2177
19	53	2177
72	82	2177
28	93	2181
29	32	2184
8	72	2186
50	75	2187
75	97	2189
42	92	2191
75	88	2192
9	26	2196
73	92	2196
32	48	2197
75	86	2205
3	49	2211
75	76	2211
63	75	2215
29	72	2219
37	61	2224
43	61	2225
9	72	2264
29	53	2280
45	71	2287
29	85	2290
4	75	2294
76	79	2294
75	85	2296
75	95	2297
75	83	2300
2	13	2313
1	56	2317
53	75	2327
60	92	2328
32	81	2329
32	61	2340
29	75	2344
33	37	2349
75	84	2354
75	82	2358
78	81	2360
32	75	2367
29	97	2374
72	75	2376
48	75	2379
75	92	2388
57	73	2389
40	75	2399
30	75	2406
75	89	2407
72	75	2410
43	75	2413
20	75	2414
65	88	2414
13	29	2423
2	69	2428
29	65	2443
36	75	2450
75	88	2450
75	92	2459
12	82	2461
37	93	2470
29	91	2471
1	32	2474
33	39	2483
60	91	2483
29	75	2487
16	60	2492
75	92	2497
36	45	2500
60	75	2500
1	21	2503
42	72	2511
11	75	2514
49	75	2518
39	74	2523
29	72	2535
32	48	2536
15	21	2537
68	75	2560
5	26	2563
29	92	2564
13	29	2565
75	91	2566
4	76	2573
26	75	2574
37	92	2579
43	75	2584
24	71	2588
28	50	2589
4	52	2590
31	75	2591
65	72	2591
60	92	2592
55	74	2605
16	37	2609
19	38	2615
55	73	2617
81	92	2621
29	42	2622
7	75	2633
37	92	2640
2	29	2651
14	83	2652
56	62	2653
49	75	2658
75	92	2672
34	75	2679
83	84	2679
2	15	2686
29	92	2686
37	64	2686
28	73	2687
48	96	2687
50	75	2689
61	92	2694
17	54	2697
9	61	2704
26	69	2705
75	83	2708
36	37	2711
55	62	2711
75	91	2726
44	65	2729
94	95	2739
71	79	2742
65	75	2745
72	75	2747
55	84	2750
47	66	2752
75	92	2752
13	37	2753
32	81	2759
30	97	2768
59	71	2778
75	98	2782
37	79	2785
32	75	2786
22	42	2788
13	38	2793
75	85	2802
68	75	2809
72	75	2812
60	75	2827
24	75	2829
75	80	2837
34	98	2838
0	28	2850
43	75	2852
71	75	2854
36	45	2869
24	75	2871
73	83	2874
14	89	2877
18	78	2878
13	42	2881
37	75	2897
34	74	2900
47	86	2905
32	76	2907
57	73	2907
62	92	2908
15	75	2913
73	84	2913
54	92	2914
69	94	2915
33	73	2917
2	30	2919
28	99	2920
66	82	2923
33	97	2926
48	75	2927
28	29	2933
29	54	2935
50	75	2935
12	27	2939
5	92	2944
72	80	2950
50	75	2953
62	65	2953
63	72	2954
75	82	2961
29	75	2987
42	82	2989
11	12	2993
33	67	2999
29	82	3006
64	75	3007
24	28	3010
46	75	3011
92	95	3020
2	91	3031
48	75	3033
19	30	3041
27	36	3046
0	7	3050
63	78	3054
67	94	3060
37	75	3074
1	77	3076
69	75	3076
75	79	3079
19	75	3091
7	81	3093
72	75	3099
12	75	3101
11	79	3123
18	75	3124
13	75	3139
71	75	3139
49	75	3141
56	70	3153
62	92	3160
75	92	3169
10	34	3174
63	97	3189
75	92	3194
13	90	3196
14	26	3198
36	56	3204
33	87	3210
74	75	3214
78	92	3223
13	74	3224
32	37	3225
53	92	3227
92	97	3227
21	80	3231
33	75	3240
37	75	3242
0	7	3253
29	92	3253
22	75	3271
55	74	3273
27	80	3274
31	53	3283
6	8	3285
2	53	3291
28	37	3292
60	75	3294
29	85	3305
75	80	3308
51	53	3324
79	90	3325
75	93	3327
75	88	3329
5	75	3331
62	75	3331
7	29	3334
29	57	3341
12	43	3343
57	72	3348
75	91	3349
75	98	3359
13	62	3360
44	75	3365
0	64	3370
37	79	3372
53	75	3375
19	75	3377
42	51	3379
55	63	3384
29	48	3387
29	73	3387
23	46	3389
33	75	3390
42	88	3390
72	83	3391
40	75	3395
20	90	3396
6	21	3404
5	20	3406
67	69	3408
60	75	3411
75	91	3412
63	69	3415
50	60	3422
13	45	3432
68	97	3433
75	93	3433
36	41	3453
70	75	3453
29	71	3460
75	92	3465
11	64	3471
64	93	3471
44	75	3473
2	75	3476
27	32	3476
2	62	3477
28	37	3478
13	92	3485
62	92	3486
37	56	3497
73	96	3500
23	51	3501
14	97	3503
43	72	3512
68	83	3513
30	40	3514
8	75	3517
70	72	3523
75	97	3526
60	92	3530
72	83	3533
22	92	3550
70	75	3550
6	49	3556
30	98	3561
48	75	3561
69	72	3568
23	75	3577
16	92	3581
24	66	3583
74	95	3588
2	16	3589
23	75	3589
65	72	3591
29	83	3592
8	92	3593
3	92	3598
1	29	3605
12	72	3611
75	85	3612
19	95	3615
22	58	3619
42	66	3619
25	56	3624
68	75	3625
29	50	3627
45	93	3629
33	46	3637
2	50	3651
12	78	3660
33	83	3661
12	29	3663
29	75	3664
54	70	3673
75	92	3674
75	82	3675
47	75	3680
32	92	3688
75	92	3704
9	34	3710
23	53	3720
19	87	3724
54	75	3730
32	75	3742
29	75	3749
78	81	3751
55	61	3752
1	96	3758
52	59	3759
8	53	3764
37	75	3764
75	83	3765
9	66	3767
29	69	3768
56	75	3777
73	83	3785
11	73	3792
40	81	3793
29	97	3794
0	89	3798
30	60	3802
31	75	3807
83	84	3812
73	84	3816
2	75	3824
54	72	3829
32	81	3830
73	83	3833
43	75	3834
29	48	3836
10	86	3838
34	75	3839
11	75	3840
35	37	3842
90	92	3842
75	97	3846
1	27	3874
4	72	3874
25	75	3882
61	97	3884
65	93	3884
75	78	3895
70	75	3899
27	75	3904
73	99	3913
24	44	3916
37	69	3917
75	93	3918
29	75	3920
48	76	3921
28	48	3926
28	72	3931
20	92	3936
37	75	3937
75	88	3959
27	75	3961
33	64	3965
17	89	3972
75	93	3973
62	92	3976
24	75	3977
19	48	3980
79	82	3981
1	83	3986
75	88	3988
2	93	3989
8	45	3990
38	56	3997
40	75	4001
4	32	4003
1	32	4009
20	86	4015
38	56	4018
11	34	4026
65	75	4027
75	93	4034
3	81	4038
17	20	4038
14	48	4061
37	75	4064
19	29	4066
19	29	4080
20	29	4088
32	75	4093
29	60	4100
33	75	4104
59	93	4109
62	75	4119
75	92	4123
71	79	4125
26	33	4130
15	37	4135
68	86	4142
22	70	4143
30	75	4143
32	60	4147
75	79	4148
29	75	4161
33	97	4162
75	92	4170
17	89	4174
21	36	4176
19	77	4178
9	58	4186
58	75	4186
9	68	4194
50	58	4205
72	81	4212
35	94	4213
19	24	4216
33	55	4226
28	75	4231
75	78	4233
73	96	4235
30	75	4242
4	75	4244
65	75	4252
20	85	4265
75	96	4266
28	96	4267
75	80	4267
62	75	4272
20	47	4274
45	75	4275
57	89	4275
89	90	4276
38	51	4281
75	93	4283
92	98	4283
48	75	4285
29	75	4289
60	64	4292
18	30	4299
79	92	4299
41	98	4301
41	75	4302
1	94	4303
68	79	4303
60	75	4304
31	40	4305
53	98	4309
49	62	4318
73	74	4322
62	79	4327
38	78	4333
29	74	4338
12	92	4339
75	92	4344
32	40	4352
56	57	4366
30	83	4372
85	92	4375
4	40	4378
19	75	4378
69	71	4390
50	92	4392
72	80	4394
29	36	4400
75	84	4402
12	94	4415
5	23	4416
1	18	4431
29	75	4432
42	75	4433
48	54	4437
29	85	4443
71	75	4443
10	75	4460
29	68	4466
75	83	4468
75	81	4468
20	25	4472
68	84	4490
75	80	4496
28	93	4504
50	75	4515
29	97	4516
20	75	4524
12	48	4529
18	20	4529
29	75	4529
53	75	4531
62	90	4534
29	85	4536
63	75	4545
53	68	4558
54	75	4559
47	68	4566
0	20	4578
75	97	4578
60	78	4579
32	44	4581
8	93	4583
29	96	4584
75	84	4591
5	79	4596
61	80	4597
28	75	4600
61	69	4603
71	75	4604
79	92	4606
68	73	4613
72	76	4622
29	75	4630
29	68	4630
58	75	4632
66	68	4639
15	38	4647
18	71	4650
29	75	4651
34	66	4652
6	10	4654
6	98	4657
33	75	4657
45	93	4662
72	75	4662
34	94	4664
68	73	4668
29	39	4689
36	37	4702
36	75	4709
41	46	4710
53	75	4721
41	97	4723
75	96	4741
29	40	4743
73	75	4755
20	22	4758
2	71	4759
50	90	4759
23	87	4763
75	89	4767
56	75	4771
2	82	4777
75	78	4780
80	92	4780
32	80	4782
1	74	4784
75	92	4798
29	50	4801
46	75	4804
9	23	4805
48	75	4813
18	75	4823
60	73	4829
72	79	4834
91	92	4842
22	75	4845
29	71	4880
53	82	4880
25	78	4885
4	71	4889
37	75	4891
8	41	4895
6	75	4904
1	2	4911
29	36	4921
15	46	4925
22	99	4930
63	65	4942
29	48	4945
75	92	4949
40	75	4951
75	90	4958
24	54	4964
20	94	4968
29	92	4977
7	99	4978
33	75	4983
26	48	4987
29	58	4989
33	71	5001
4	59	5010
69	72	5010
29	75	5014
21	32	5026
51	71	5029
9	74	5032
46	68	5035
21	97	5039
92	94	5048
4	29	5051
29	97	5051
32	48	5056
41	70	5060
14	98	5070
53	75	5075
3	54	5078
28	80	5080
24	75	5081
32	80	5082
54	75	5086
75	95	5087
75	93	5089
6	61	5099
20	75	5100
29	92	5101
11	47	5103
57	75	5104
29	92	5108
29	85	5109
1	92	5121
4	29	5122
21	55	5125
78	83	5127
40	72	5134
75	79	5146
18	33	5154
29	85	5157
29	75	5167
33	36	5176
29	75	5177
36	67	5182
7	85	5184
0	72	5185
70	75	5194
71	75	5195
29	50	5198
32	45	5203
32	37	5215
29	92	5216
47	75	5217
69	75	5226
21	33	5235
64	92	5238
14	72	5241
39	82	5260
61	84	5260
51	75	5261
49	98	5270
92	96	5276
50	90	5279
52	75	5279
29	67	5288
75	92	5289
47	50	5290
8	13	5291
28	37	5292
71	75	5293
68	75	5304
36	75	5311
59	75	5314
14	51	5315
68	72	5318
33	37	5319
5	48	5322
12	85	5322
9	92	5325
56	92	5329
29	48	5337
56	70	5338
20	44	5339
52	87	5341
74	75	5342
75	92	5342
61	75	5347
39	78	5349
12	18	5350
24	42	5356
14	32	5363
29	78	5373
42	43	5376
29	75	5383
19	73	5391
21	75	5394
70	75	5396
37	54	5401
11	75	5404
47	93	5415
71	75	5420
3	97	5431
10	70	5437
29	85	5439
12	80	5442
29	75	5445
34	41	5453
61	92	5469
18	75	5484
42	52	5489
89	97	5491
40	69	5492
1	48	5495
88	97	5497
39	75	5498
18	62	5501
48	75	5504
4	92	5509
29	31	5517
62	76	5521
48	57	5532
13	44	5533
15	28	5542
12	86	5548
83	92	5554
17	75	5557
75	95	5570
80	85	5582
55	75	5584
73	92	5589
12	86	5593
67	75	5596
71	82	5596
8	75	5604
8	75	5611
12	93	5616
29	97	5621
29	59	5621
33	65	5623
4	75	5627
49	73	5628
10	92	5640
53	54	5644
0	67	5645
30	92	5648
32	62	5665
75	79	5667
28	73	5678
26	76	5679
45	92	5698
25	75	5700
54	76	5712
70	75	5715
68	83	5717
30	75	5730
64	92	5733
13	75	5738
25	75	5740
33	64	5743
8	29	5747
48	50	5750
10	56	5753
75	93	5753
54	62	5755
75	92	5759
52	75	5764
12	53	5767
29	75	5768
6	68	5769
50	68	5780
31	65	5798
37	72	5812
48	53	5813
61	71	5813
58	92	5814
56	79	5815
75	98	5816
32	40	5817
69	75	5822
83	92	5834
19	58	5849
33	80	5849
48	75	5851
8	88	5855
32	53	5859
78	84	5862
69	75	5863
42	62	5867
68	92	5869
44	86	5874
28	75	5878
65	75	5882
37	75	5888
7	92	5892
29	83	5896
38	84	5900
11	37	5906
16	75	5906
29	98	5914
71	72	5921
29	50	5930
43	75	5931
46	72	5941
37	83	5952
64	83	5953
75	94	5954
2	40	5960
36	75	5961
46	75	5961
72	75	5968
32	34	6000
53	99	6002
15	53	6006
8	29	6019
33	92	6030
58	75	6033
68	69	6035
29	75	6036
27	92	6039
9	70	6041
40	75	6042
38	75	6054
34	75	6057
32	75	6060
1	23	6072
70	98	6072
29	75	6074
75	83	6078
64	75	6080
34	81	6084
1	92	6088
41	90	6089
5	83	6093
6	69	6098
36	83	6104
29	81	6106
32	92	6123
63	96	6125
93	95	6125
3	12	6130
7	13	6130
1	65	6136
68	75	6136
19	78	6137
18	40	6140
28	92	6147
74	75	6153
7	62	6154
20	75	6154
65	75	6156
75	96	6163
7	42	6165
39	85	6186
27	71	6192
65	74	6199
40	79	6204
75	98	6204
34	75	6215
35	70	6218
36	92	6229
75	78	6232
35	59	6235
56	75	6240
46	92	6241
18	45	6244
7	80	6247
26	31	6247
45	75	6256
6	75	6259
34	75	6259
29	39	6262
32	75	6263
1	34	6267
48	85	6270
69	75	6270
68	73	6272
48	72	6277
48	98	6294
54	75	6294
29	42	6300
3	27	6302
38	81	6305
29	35	6312
4	86	6323
46	75	6323
75	78	6325
4	75	6336
63	82	6345
3	67	6348
32	83	6348
29	73	6353
28	32	6356
59	92	6364
46	79	6373
12	29	6374
31	88	6380
14	29	6383
43	75	6393
62	68	6401
18	19	6402
47	75	6412
1	50	6424
9	75	6432
5	67	6436
28	84	6438
15	17	6444
20	26	6444
38	82	6444
28	72	6453
29	83	6462
29	80	6464
1	75	6468
49	93	6468
28	92	6469
29	73	6478
31	92	6484
5	76	6494
29	54	6494
76	93	6494
18	41	6496
22	69	6496
50	79	6504
2	50	6506
29	75	6519
75	84	6519
50	75	6523
61	92	6528
41	50	6529
29	92	6532
22	36	6536
29	37	6537
75	90	6540
43	50	6542
5	29	6543
75	78	6549
24	75	6552
75	92	6558
34	91	6565
17	92	6568
15	49	6579
72	97	6579
2	91	6582
48	50	6584
75	92	6588
53	92	6595
75	88	6602
22	37	6608
35	90	6612
35	50	6620
53	75	6621
9	75	6623
29	56	6625
17	92	6631
29	31	6636
7	75	6637
24	88	6661
22	53	6662
1	29	6667
37	75	6670
72	76	6670
12	57	6672
39	52	6678
63	97	6681
12	62	6690
50	73	6694
34	60	6702
7	29	6711
71	89	6728
42	44	6729
83	84	6730
53	54	6748
17	56	6754
33	75	6755
56	75	6757
13	50	6761
2	75	6764
2	91	6770
34	75	6783
8	75	6798
16	29	6798
29	48	6802
75	92	6802
17	82	6806
12	75	6808
40	75	6808
4	15	6809
28	48	6816
64	75	6819
2	14	6821
37	92	6829
69	75	6835
71	75	6835
72	73	6839
3	68	6844
5	20	6845
18	43	6846
51	57	6847
36	50	6853
53	65	6861
29	97	6862
36	37	6863
64	75	6868
28	75	6873
73	93	6878
87	91	6888
50	92	6889
6	75	6892
11	75	6896
36	68	6898
44	54	6902
6	39	6907
14	75	6909
75	95	6909
53	75	6914
69	92	6916
32	86	6925
9	23	6926
9	65	6928
25	98	6935
37	81	6936
50	92	6937
21	75	6941
75	81	6945
0	81	6949
17	75	6950
26	74	6951
75	92	6954
5	97	6957
43	87	6960
2	56	6961
22	71	6961
12	75	6962
71	87	6966
72	88	6971
50	80	6972
75	83	6986
62	75	6993
29	75	6996
4	37	7000
65	75	7003
18	65	7006
17	41	7013
22	29	7025
72	92	7029
75	97	7034
0	49	7040
29	92	7041
50	75	7044
75	89	7044
3	29	7047
28	81	7050
50	92	7052
37	96	7055
0	78	7056
9	54	7060
53	75	7063
20	93	7075
44	88	7082
27	90	7085
45	48	7089
17	99	7096
75	78	7098
75	81	7100
12	38	7102
19	75	7103
72	76	7103
89	92	7114
56	92	7118
63	75	7121
31	83	7123
36	75	7128
61	75	7149
31	32	7151
73	84	7152
29	75	7153
75	92	7153
5	66	7157
9	75	7164
75	83	7164
29	75	7171
75	83	7175
68	79	7180
73	98	7182
3	97	7185
32	75	7185
29	81	7186
1	32	7188
37	42	7188
17	75	7189
29	75	7193
36	62	7196
78	92	7196
29	78	7206
9	91	7208
35	75	7208
63	75	7209
75	81	7213
21	87	7223
11	72	7224
39	75	7236
71	72	7241
32	84	7242
29	37	7246
71	78	7247
2	72	7254
56	75	7254
92	97	7254
61	92	7256
37	75	7257
28	78	7259
16	85	7262
20	29	7270
60	65	7273
13	75	7275
69	92	7280
72	97	7308
66	84	7314
4	75	7318
17	72	7327
72	75	7328
69	75	7329
5	77	7345
32	92	7349
56	60	7350
12	50	7352
73	95	7355
33	75	7361
12	61	7372
11	75	7383
28	94	7388
13	92	7391
25	81	7391
39	44	7393
23	84	7397
29	32	7403
2	71	7417
7	75	7420
29	75	7427
1	75	7428
75	80	7434
49	83	7438
73	75	7438
29	80	7441
63	93	7443
13	78	7446
29	75	7450
10	36	7452
1	93	7457
33	75	7461
12	71	7462
32	97	7464
69	85	7468
32	94	7474
83	97	7480
75	82	7481
16	29	7482
82	92	7486
75	92	7488
11	26	7492
21	75	7493
86	92	7507
17	50	7515
19	75	7517
29	37	7520
29	37	7522
37	69	7525
44	75	7529
73	92	7530
24	71	7533
13	70	7568
75	76	7571
52	59	7572
75	79	7574
75	92	7579
29	60	7601
62	99	7606
0	94	7611
66	74	7617
48	73	7634
37	53	7635
8	28	7642
75	88	7642
40	75	7655
53	75	7664
72	75	7676
25	88	7681
28	29	7681
6	12	7683
48	75	7689
28	75	7698
42	67	7699
55	69	7701
7	53	7705
2	53	7720
56	98	7721
31	43	7739
37	73	7740
20	50	7748
50	92	7748
57	97	7753
37	49	7757
93	98	7759
75	85	7764
14	86	7768
29	66	7774
29	92	7780
13	65	7781
2	37	7787
13	93	7797
14	69	7798
29	65	7799
29	75	7805
57	70	7805
10	75	7809
44	48	7809
6	75	7825
54	77	7826
52	86	7828
69	93	7840
56	79	7846
8	41	7853
3	72	7860
3	88	7864
23	75	7865
49	75	7868
40	75	7870
16	73	7873
75	85	7875
55	79	7879
31	58	7880
48	51	7882
40	75	7883
29	75	7884
1	75	7889
29	75	7889
89	97	7897
29	63	7908
23	27	7918
75	92	7918
32	75	7928
75	92	7935
29	92	7941
50	75	7946
54	72	7948
2	45	7949
75	78	7950
12	97	7961
27	94	7961
8	97	7965
70	75	7975
26	75	7976
29	52	7982
29	31	7983
75	92	7984
29	75	7989
52	99	7989
26	75	7992
10	65	7997
72	95	7998
12	30	7999
29	73	7999
32	75	8001
18	46	8007
20	44	8008
15	56	8017
16	92	8017
29	68	8018
49	63	8023
32	75	8029
28	92	8030
55	60	8040
71	85	8040
28	56	8042
2	48	8046
22	98	8052
20	47	8069
2	83	8070
8	80	8080
20	92	8090
37	75	8094
25	29	8098
28	56	8106
56	78	8106
28	58	8114
89	98	8115
75	79	8119
29	75	8122
29	69	8124
32	53	8133
93	97	8143
29	63	8147
1	48	8148
84	92	8148
41	50	8149
73	99	8153
22	32	8164
34	63	8168
55	61	8169
29	75	8172
34	75	8175
89	92	8176
46	59	8187
75	80	8187
1	80	8188
34	92	8189
68	83	8190
32	75	8193
6	29	8202
68	88	8202
21	26	8208
35	53	8208
75	92	8214
75	99	8220
32	73	8223
29	41	8237
20	71	8241
71	92	8244
16	93	8245
9	75	8246
6	29	8252
12	29	8252
78	84	8253
13	78	8261
75	88	8262
24	86	8274
72	95	8284
19	58	8286
20	22	8295
36	92	8301
19	60	8320
23	84	8320
16	92	8322
20	32	8323
54	73	8324
67	86	8334
14	52	8336
30	68	8359
75	80	8360
83	92	8363
52	92	8364
19	64	8365
6	99	8366
35	79	8368
34	94	8373
62	79	8379
29	75	8382
26	75	8384
11	66	8385
47	75	8387
4	29	8391
19	75	8391
45	75	8401
47	87	8413
41	75	8417
29	34	8436
50	75	8439
13	75	8445
29	32	8448
63	75	8450
21	99	8453
9	56	8466
24	75	8466
75	92	8466
71	75	8468
29	50	8469
39	92	8470
75	78	8471
75	87	8475
20	42	8495
75	95	8496
18	22	8502
26	36	8510
75	97	8514
49	75	8517
13	33	8524
33	75	8527
50	75	8528
5	36	8530
52	54	8534
53	80	8534
50	72	8538
40	57	8539
68	75	8541
75	92	8543
29	75	8546
51	75	8552
19	43	8561
13	61	8562
7	37	8567
3	12	8574
61	80	8584
40	80	8588
31	39	8595
75	81	8598
37	97	8603
5	21	8606
62	92	8609
67	75	8612
25	91	8617
2	62	8619
60	97	8619
84	93	8625
37	79	8634
16	75	8641
4	75	8642
48	75	8644
75	92	8646
75	79	8646
51	73	8665
2	58	8666
82	92	8667
39	75	8671
4	75	8672
47	63	8675
28	31	8691
4	91	8704
55	75	8707
21	85	8719
68	75	8719
13	51	8723
28	96	8727
19	62	8749
13	30	8766
14	69	8777
37	75	8781
68	92	8794
28	75	8796
50	92	8799
2	37	8801
45	53	8805
24	71	8808
3	25	8810
11	68	8813
75	97	8814
37	75	8815
2	71	8817
28	91	8817
47	75	8817
14	39	8830
75	92	8830
7	21	8833
19	75	8849
36	75	8857
32	75	8862
21	85	8864
11	75	8868
7	75	8878
30	90	8878
3	48	8879
19	95	8879
5	75	8881
79	83	8881
35	75	8883
11	62	8887
8	53	8890
20	32	8890
29	75	8902
6	37	8905
73	75	8910
86	94	8910
6	75	8917
54	75	8924
72	75	8926
30	96	8936
22	28	8941
78	98	8941
37	72	8945
75	92	8950
1	75	8951
11	39	8955
43	92	8959
75	76	8961
79	92	8962
16	85	8963
34	80	8968
33	72	8973
22	31	8979
37	75	8985
15	75	8986
85	89	8999
78	89	9000
64	78	9003
9	29	9021
7	16	9027
29	79	9027
22	65	9031
1	31	9042
29	94	9043
64	75	9048
72	83	9049
81	86	9050
28	42	9052
75	98	9056
2	75	9061
29	73	9061
18	79	9065
16	97	9066
10	26	9069
75	93	9073
6	65	9074
22	28	9076
54	68	9081
72	83	9081
51	67	9082
47	95	9084
7	65	9087
37	92	9090
29	75	9092
31	54	9098
20	75	9101
29	75	9104
2	76	9113
29	83	9113
52	92	9114
53	72	9118
71	92	9129
17	32	9134
29	64	9136
53	64	9137
71	84	9142
40	91	9144
47	88	9145
59	75	9148
64	99	9150
6	25	9151
15	75	9152
62	83	9152
3	94	9153
49	75	9159
32	75	9162
37	39	9164
19	97	9165
47	64	9173
37	87	9175
16	73	9178
32	68	9178
6	15	9180
30	75	9184
16	79	9185
71	75	9190
14	92	9195
9	97	9209
9	75	9213
18	33	9216
49	75	9216
68	75	9234
51	75	9246
10	30	9250
29	91	9257
28	75	9264
29	71	9265
29	60	9268
37	75	9286
75	91	9286
33	82	9290
48	69	9290
20	27	9298
48	98	9298
38	75	9300
10	72	9301
17	92	9305
62	72	9305
66	80	9311
6	92	9313
56	71	9317
4	50	9328
0	29	9330
9	79	9333
9	97	9338
11	54	9338
29	92	9342
72	74	9348
73	75	9348
14	75	9352
30	53	9358
75	83	9359
19	38	9372
42	75	9374
29	69	9377
44	69	9382
32	50	9383
25	80	9393
75	83	9398
5	10	9403
19	75	9418
29	95	9422
4	75	9432
7	47	9435
75	82	9441
40	75	9445
85	92	9454
21	23	9456
29	75	9456
2	75	9464
25	93	9471
27	75	9480
53	79	9482
2	49	9485
12	84	9486
75	97	9502
42	75	9530
75	82	9543
56	75	9549
44	76	9554
62	64	9554
87	97	9559
59	71	9567
68	71	9578
75	84	9578
6	75	9580
24	29	9582
29	37	9587
68	75	9591
31	43	9594
29	68	9597
18	81	9604
24	37	9604
10	79	9606
75	92	9606
68	83	9619
20	34	9624
75	94	9625
0	92	9627
33	80	9634
20	75	9635
7	57	9650
7	88	9654
75	88	9654
28	94	9660
27	75	9670
5	12	9675
74	92	9686
33	75	9690
60	88	9705
29	93	9708
29	75	9719
34	99	9720
28	92	9728
36	58	9728
66	92	9747
75	95	9754
74	89	9755
18	75	9756
29	38	9757
29	75	9758
6	92	9763
79	97	9771
16	73	9778
54	55	9779
37	50	9785
54	83	9788
29	72	9790
7	92	9794
7	40	9796
34	42	9803
57	75	9811
14	43	9815
5	79	9817
75	98	9824
75	96	9830
75	78	9833
28	96	9846
14	79	9847
28	47	9851
20	91	9856
63	75	9860
71	90	9862
12	18	9863
75	98	9863
14	88	9877
0	62	9884
1	42	9888
65	74	9893
12	75	9896
28	92	9903
9	32	9913
49	68	9920
29	75	9922
0	8	9926
1	25	9935
6	13	9936
40	75	9939
18	37	9955
75	87	9970
7	99	9974
22	81	9974
66	75	9978
37	75	9983
72	93	9983
78	92	9985
60	68	9987
29	75	9989
8	83	10001
66	75	10008
57	91	10010
65	94	10018
38	56	10019
72	92	10022
79	92	10022
72	75	10030
29	94	10034
1	75	10035
45	85	10037
75	97	10043
68	99	10047
48	75	10050
4	53	10057
48	75	10057
38	83	10062
20	37	10068
25	88	10069
9	36	10075
23	92	10077
77	86	10078
14	50	10079
58	75	10080
48	75	10081
34	36	10086
18	70	10090
38	92	10104
50	60	10105
46	51	10106
21	68	10108
56	92	10112
28	59	10118
48	83	10120
51	71	10121
45	75	10129
43	88	10131
61	75	10132
32	72	10138
34	79	10143
43	75	10143
48	75	10147
3	18	10149
72	99	10150
6	30	10161
31	78	10165
40	78	10165
23	97	10167
29	92	10174
30	75	10174
26	60	10176
0	21	10186
68	92	10188
49	83	10201
10	79	10210
61	69	10215
16	92	10216
20	92	10222
7	53	10223
66	72	10223
50	75	10227
35	73	10228
48	73	10228
45	71	10241
79	86	10245
11	28	10248
17	75	10248
85	89	10256
28	29	10261
12	79	10263
75	92	10277
77	96	10279
20	92	10282
27	75	10284
31	75	10288
12	75	10301
71	75	10304
50	91	10306
75	78	10315
29	32	10317
45	79	10320
21	29	10333
39	71	10337
29	79	10348
29	84	10352
9	20	10354
28	48	10354
41	75	10383
75	85	10385
41	95	10388
1	68	10393
37	54	10414
14	21	10415
64	70	10416
26	75	10421
1	68	10423
57	75	10431
29	48	10432
36	75	10432
76	92	10433
75	76	10434
20	75	10436
28	52	10448
9	15	10453
48	81	10458
46	72	10467
12	75	10476
52	75	10478
50	84	10480
75	84	10482
50	93	10484
14	88	10488
72	75	10491
26	92	10493
19	93	10496
49	75	10500
13	24	10501
37	59	10508
53	78	10508
42	89	10509
32	37	10511
2	72	10515
25	56	10537
75	93	10537
40	53	10541
29	87	10545
75	86	10559
83	97	10568
3	73	10570
24	33	10575
53	66	10578
78	82	10587
10	55	10590
45	72	10593
13	69	10599
75	92	10600
34	60	10607
68	84	10616
43	96	10617
67	88	10633
95	97	10634
19	75	10636
75	94	10639
12	70	10644
18	75	10645
46	75	10645
28	36	10652
3	75	10667
20	83	10667
61	83	10667
73	83	10676
35	37	10677
18	37	10684
29	72	10684
51	69	10687
76	88	10687
29	32	10703
16	92	10704
4	75	10716
13	23	10719
29	68	10719
3	71	10720
12	77	10722
55	93	10729
27	92	10743
62	91	10756
0	29	10762
41	75	10763
1	97	10766
2	75	10766
12	47	10766
10	98	10769
81	88	10781
39	75	10791
42	75	10793
73	75	10818
1	92	10825
15	75	10834
73	88	10837
8	75	10849
17	92	10849
38	72	10854
37	52	10859
55	61	10859
67	82	10863
83	92	10864
17	74	10866
48	90	10872
13	56	10884
29	93	10887
30	53	10887
19	75	10891
12	68	10896
13	81	10901
4	28	10906
75	78	10913
29	63	10917
75	97	10918
75	92	10920
2	38	10922
37	41	10922
7	93	10924
18	51	10930
54	92	10932
20	29	10933
77	97	10944
1	87	10950
73	75	10950
25	94	10968
70	97	10973
22	53	10974
29	32	10976
1	90	10977
2	62	10983
75	99	10983
75	93	10986
9	23	10990
34	92	10995
22	75	11009
35	75	11013
32	40	11020
48	53	11040
75	92	11041
63	92	11050
36	91	11052
14	75	11059
16	29	11059
28	52	11060
1	43	11063
20	75	11064
74	86	11084
91	96	11085
75	92	11089
19	98	11093
16	75	11096
8	36	11108
78	83	11116
75	92	11118
14	75	11121
19	75	11131
20	85	11146
29	50	11152
70	92	11152
75	89	11155
28	75	11160
13	88	11162
26	75	11167
53	83	11168
75	84	11171
23	92	11179
7	75	11198
22	29	11198
75	97	11199
8	51	11211
83	97	11213
37	75	11217
33	89	11219
60	75	11231
54	75	11233
4	35	11234
2	11	11236
13	75	11241
39	75	11242
21	29	11244
25	75	11247
46	75	11249
1	75	11265
70	80	11265
75	83	11270
3	73	11278
68	75	11278
57	75	11281
23	90	11282
69	72	11285
45	95	11291
57	79	11292
92	97	11297
53	71	11298
43	75	11301
19	54	11305
27	52	11306
21	75	11309
87	90	11316
2	42	11317
29	38	11317
32	89	11323
40	50	11341
50	75	11341
61	72	11341
27	93	11346
30	75	11347
90	92	11350
43	75	11351
75	77	11358
31	40	11359
25	30	11360
21	29	11363
9	28	11369
19	44	11372
27	92	11400
3	75	11404
29	88	11407
69	84	11407
56	60	11408
26	96	11412
44	46	11412
57	95	11414
32	72	11421
10	62	11423
53	91	11429
74	75	11429
50	63	11430
51	92	11430
53	75	11430
50	75	11437
75	83	11439
22	92	11442
75	85	11443
72	75	11445
75	80	11449
75	93	11452
8	69	11454
61	97	11456
92	97	11457
1	75	11462
42	75	11462
65	68	11464
73	75	11471
75	90	11474
45	62	11477
68	92	11477
75	93	11479
31	91	11485
88	93	11487
75	93	11490
62	75	11500
53	55	11505
75	97	11509
55	58	11515
33	37	11522
4	66	11532
48	98	11538
20	32	11539
63	75	11539
10	71	11540
7	75	11548
29	97	11550
1	75	11551
51	72	11552
25	72	11553
53	83	11558
32	70	11559
8	46	11563
29	75	11565
34	75	11565
72	75	11566
6	46	11571
19	75	11571
32	84	11573
75	98	11576
47	75	11578
20	29	11589
2	32	11591
64	79	11591
71	75	11592
32	78	11597
20	29	11613
24	75	11614
34	46	11614
30	45	11616
44	91	11617
32	75	11624
11	37	11625
28	78	11632
53	61	11636
75	93	11637
75	92	11638
15	75	11643
29	69	11646
28	75	11648
71	73	11652
3	32	11654
72	75	11656
46	92	11664
1	13	11667
13	50	11680
12	17	11683
12	75	11693
33	57	11710
1	61	11712
29	93	11713
23	32	11730
10	98	11733
48	98	11733
75	96	11747
11	40	11748
48	62	11748
43	62	11751
8	28	11757
47	83	11758
46	83	11762
6	29	11772
47	89	11785
5	93	11790
24	40	11796
79	92	11818
72	75	11825
11	79	11835
50	75	11836
42	56	11841
9	60	11844
9	84	11844
7	23	11848
55	75	11848
0	82	11852
1	75	11856
74	75	11860
34	48	11863
76	94	11869
75	90	11870
24	82	11872
67	75	11877
19	33	11879
75	83	11879
25	26	11881
2	11	11882
75	93	11888
53	92	11896
6	7	11899
65	80	11908
60	65	11910
44	83	11915
43	75	11918
67	75	11928
32	94	11933
37	75	11933
42	53	11933
18	29	11940
24	29	11948
20	83	11950
25	93	11952
53	75	11954
10	97	11961
13	85	11961
2	75	11967
27	75	11971
51	69	11984
65	75	11985
34	88	11987
64	75	11994
61	62	11995
8	75	11996
37	51	12001
62	75	12004
75	92	12004
57	71	12009
32	48	12012
39	53	12017
75	99	12032
7	72	12037
24	65	12037
69	92	12038
24	74	12049
88	92	12052
72	83	12063
32	64	12066
13	60	12068
75	81	12076
29	56	12077
15	62	12084
7	33	12090
5	50	12098
42	71	12099
11	17	12104
16	29	12106
53	92	12118
29	97	12119
84	92	12122
66	86	12137
50	75	12146
50	75	12151
12	75	12152
5	8	12157
13	29	12161
80	92	12162
81	92	12163
12	60	12174
8	13	12180
85	91	12181
32	60	12182
49	60	12193
72	75	12202
48	75	12227
29	68	12239
66	75	12240
75	93	12248
9	13	12251
83	89	12257
33	66	12260
37	39	12265
3	75	12268
74	92	12270
75	99	12285
45	71	12297
19	53	12304
16	92	12323
72	92	12323
29	75	12342
24	75	12345
11	83	12348
51	82	12353
35	75	12355
8	89	12361
23	75	12363
22	28	12375
7	9	12385
7	97	12387
1	13	12389
30	32	12392
57	83	12392
32	82	12400
19	42	12414
56	72	12416
29	52	12418
17	28	12420
33	79	12431
23	75	12433
75	79	12435
37	75	12437
62	75	12438
45	75	12445
54	92	12457
20	49	12458
80	85	12459
29	86	12463
25	34	12471
27	84	12472
85	92	12474
17	83	12478
29	51	12480
57	99	12482
29	71	12495
51	75	12496
29	34	12498
75	79	12505
62	98	12506
32	51	12508
43	83	12513
32	61	12516
71	75	12523
41	97	12544
0	67	12548
13	75	12555
39	50	12559
5	24	12560
35	75	12565
37	97	12568
7	75	12577
22	75	12577
19	92	12586
34	73	12596
29	75	12602
75	82	12606
54	56	12608
27	83	12615
56	96	12615
29	48	12622
1	21	12624
21	76	12625
3	99	12627
71	75	12635
4	40	12639
25	83	12652
19	67	12668
20	88	12671
32	33	12682
9	61	12687
33	37	12690
24	92	12695
79	95	12712
28	50	12731
24	82	12732
23	84	12744
29	82	12749
33	75	12760
21	65	12764
19	31	12771
16	83	12776
18	93	12781
12	36	12782
29	52	12790
2	56	12791
62	75	12793
71	78	12797
44	75	12816
1	68	12817
82	88	12820
8	36	12822
75	81	12828
8	73	12830
17	39	12843
20	75	12844
52	75	12846
33	92	12848
27	53	12849
61	72	12849
66	75	12853
75	93	12859
29	92	12860
58	68	12860
75	92	12861
4	19	12862
39	72	12862
23	53	12866
17	32	12875
11	75	12876
72	75	12879
29	37	12882
75	80	12890
25	75	12897
18	37	12912
8	92	12914
63	75	12920
40	66	12928
38	69	12933
13	80	12938
63	91	12938
30	40	12940
42	60	12951
18	59	12954
28	29	12955
37	83	12956
10	75	12962
72	84	12963
89	92	12972
2	71	12977
28	66	12977
52	75	12981
11	71	12983
17	75	12983
4	92	12985
14	93	12987
9	92	12988
72	79	12990
1	75	12996
21	33	12999
77	99	13000
8	51	13001
29	96	13006
4	92	13008
32	75	13011
96	97	13015
51	89	13027
2	75	13030
61	93	13030
44	92	13034
75	92	13039
29	62	13043
72	75	13043
31	92	13046
80	96	13046
75	99	13062
29	74	13064
24	55	13067
4	92	13072
27	94	13072
36	43	13077
56	75	13078
23	75	13084
37	86	13087
17	75	13106
75	92	13106
20	72	13109
10	75	13110
72	91	13111
2	19	13114
22	73	13118
20	80	13120
17	92	13122
19	75	13127
72	78	13133
8	17	13135
32	75	13136
29	97	13139
73	85	13157
74	75	13167
72	84	13172
78	87	13177
34	75	13198
33	75	13199
45	49	13200
58	75	13205
8	27	13206
8	96	13206
29	81	13208
20	83	13209
53	67	13212
34	83	13217
19	87	13220
40	75	13223
29	72	13229
39	75	13229
84	85	13240
2	75	13243
35	37	13246
32	89	13247
28	83	13251
29	36	13253
49	79	13256
29	53	13265
67	92	13270
50	83	13271
37	57	13279
39	84	13281
47	92	13281
14	75	13282
23	75	13282
16	75	13285
59	75	13285
32	60	13286
29	75	13289
37	77	13289
15	92	13295
53	72	13295
66	72	13296
10	29	13299
20	73	13300
30	46	13303
75	88	13305
40	90	13311
27	84	13318
37	62	13319
10	97	13325
70	71	13333
88	92	13335
34	78	13337
70	92	13339
20	21	13361
37	91	13361
34	80	13363
40	48	13364
75	92	13375
64	72	13376
20	26	13387
2	96	13390
7	78	13391
20	73	13393
17	75	13395
71	75	13397
36	92	13404
32	62	13405
29	42	13412
42	92	13412
25	89	13417
1	89	13419
21	75	13437
27	45	13437
28	38	13449
73	75	13451
2	77	13463
25	92	13469
71	79	13470
20	75	13471
48	73	13471
3	29	13472
33	82	13475
34	54	13488
12	50	13496
20	75	13501
29	50	13501
48	89	13502
14	93	13507
31	75	13517
89	92	13518
75	92	13523
18	50	13532
20	75	13540
26	71	13540
7	45	13553
29	43	13554
12	47	13558
26	75	13562
36	69	13566
64	92	13568
33	75	13569
2	75	13575
40	97	13575
32	97	13576
59	65	13585
22	35	13590
22	75	13598
61	75	13601
84	97	13603
1	6	13611
8	92	13613
60	97	13616
25	75	13617
1	18	13619
75	84	13624
63	83	13631
15	75	13635
80	92	13639
24	98	13642
4	75	13653
14	58	13654
29	33	13654
28	75	13662
29	75	13665
28	50	13666
75	92	13671
83	87	13671
29	92	13673
53	70	13675
32	75	13695
19	92	13698
9	72	13699
34	74	13700
25	73	13702
56	88	13703
72	92	13704
47	97	13710
12	37	13719
14	75	13723
75	97	13730
2	75	13735
0	75	13736
11	37	13736
32	82	13739
29	49	13740
12	68	13742
34	46	13743
42	75	13748
65	75	13755
53	75	13758
5	32	13760
29	75	13761
3	75	13763
31	48	13765
28	75	13777
0	50	13782
9	91	13787
15	70	13787
52	75	13789
28	77	13790
37	50	13790
75	81	13793
14	92	13801
54	80	13802
29	75	13803
75	82	13810
75	93	13812
63	69	13815
40	63	13816
1	6	13827
5	92	13829
55	75	13829
2	17	13830
28	29	13830
1	85	13833
30	73	13835
22	97	13837
29	84	13838
10	72	13840
68	87	13842
75	93	13843
67	92	13845
33	72	13854
12	75	13857
22	44	13860
41	46	13862
79	84	13870
61	99	13871
38	81	13876
51	89	13880
57	92	13903
5	68	13908
55	65	13909
61	66	13917
75	80	13921
23	97	13927
2	53	13931
85	92	13934
64	75	13938
46	77	13942
87	99	13943
1	73	13954
33	75	13955
9	53	13958
49	94	13963
25	70	13968
26	93	13969
36	72	13970
27	28	13976
41	90	13977
53	75	13977
19	37	13984
30	73	13988
29	92	13989
2	57	14013
57	83	14016
16	75	14024
72	75	14029
28	87	14037
33	79	14045
0	33	14047
54	90	14048
40	48	14058
9	78	14065
73	83	14079
56	75	14080
36	38	14081
52	75	14086
92	97	14092
8	92	14097
73	75	14097
22	72	14101
29	75	14103
29	64	14107
29	87	14112
75	81	14113
19	50	14125
25	75	14130
19	85	14133
14	92	14134
2	32	14136
19	83	14140
46	75	14140
15	92	14146
57	92	14149
8	37	14155
32	75	14156
19	99	14158
13	29	14162
30	56	14164
66	75	14168
15	75	14182
17	29	14185
21	89	14190
37	75	14197
29	75	14198
29	73	14212
8	75	14214
35	98	14217
75	97	14218
30	32	14220
35	37	14236
29	57	14237
45	50	14246
75	85	14251
26	29	14252
71	93	14252
0	75	14255
0	29	14258
1	75	14258
34	78	14271
29	69	14273
15	75	14275
29	65	14279
11	93	14282
83	90	14286
67	75	14291
29	70	14294
29	85	14305
94	98	14306
29	75	14309
48	75	14314
92	93	14318
75	81	14329
75	92	14335
14	75	14342
32	92	14344
42	46	14344
35	75	14348
22	84	14349
3	75	14352
68	75	14361
12	83	14366
29	92	14369
43	75	14372
96	98	14374
29	97	14375
44	70	14378
28	47	14382
82	83	14394
44	99	14404
65	75	14415
1	12	14416
14	16	14425
26	92	14428
65	87	14428
0	55	14435
33	93	14438
53	75	14441
27	84	14442
68	75	14444
69	75	14449
62	75	14453
34	75	14459
2	79	14466
65	77	14468
2	89	14480
10	75	14481
16	85	14486
66	87	14497
3	5	14498
33	75	14498
1	62	14502
32	93	14504
75	83	14506
29	92	14507
32	50	14511
53	75	14511
29	75	14518
10	64	14519
11	46	14520
40	75	14522
48	94	14547
33	75	14553
41	96	14553
71	75	14553
79	97	14553
2	75	14559
46	72	14560
75	82	14560
92	93	14571
29	62	14578
76	86	14578
14	99	14581
4	29	14583
4	33	14590
52	83	14610
35	70	14620
7	71	14622
50	72	14622
50	98	14624
66	75	14627
75	78	14628
2	40	14632
28	43	14634
19	97	14638
41	93	14643
62	89	14645
83	94	14645
2	69	14658
19	58	14663
1	75	14676
69	75	14676
6	92	14683
38	86	14686
20	92	14689
67	75	14689
17	43	14694
28	75	14696
69	75	14696
23	75	14700
76	97	14715
33	86	14717
32	91	14718
5	75	14721
59	72	14724
47	96	14727
48	92	14735
78	80	14739
5	8	14744
34	75	14758
19	23	14778
11	19	14780
18	32	14781
29	31	14781
52	75	14783
85	99	14792
32	90	14797
6	91	14804
19	65	14806
65	69	14809
53	83	14829
33	50	14839
45	92	14842
80	86	14852
10	75	14855
15	53	14873
27	29	14873
31	75	14879
34	72	14892
32	59	14900
28	59	14902
29	66	14902
16	75	14905
28	56	14910
75	95	14912
0	75	14913
64	75	14935
7	83	14943
56	83	14944
33	75	14948
18	53	14953
52	56	14965
44	81	14967
73	75	14969
17	75	14971
22	75	14974
7	37	14979
9	24	14983
32	62	14991
1	92	14994
75	97	14995
70	75	14999
93	94	15001
50	68	15002
4	29	15014
17	30	15019
28	35	15023
29	33	15023
69	73	15028
68	75	15034
72	75	15041
75	92	15046
39	96	15047
29	79	15048
14	30	15056
71	90	15060
75	78	15063
72	75	15072
44	97	15079
54	75	15084
54	84	15084
53	61	15091
29	91	15097
46	75	15105
53	70	15108
27	75	15116
49	92	15120
1	88	15124
29	37	15124
57	75	15142
43	86	15148
55	99	15151
61	94	15151
41	75	15156
2	75	15164
29	66	15165
25	34	15184
29	83	15190
73	80	15192
50	75	15193
75	91	15194
21	34	15197
7	75	15198
56	79	15198
83	97	15200
32	72	15209
11	75	15211
76	81	15213
75	78	15218
75	92	15220
44	72	15221
82	83	15222
46	79	15224
50	73	15232
29	48	15235
13	29	15236
48	60	15257
62	72	15258
19	29	15266
6	34	15273
40	98	15273
33	75	15274
72	75	15286
28	66	15288
13	56	15294
63	83	15299
45	47	15301
42	44	15302
75	92	15303
72	74	15309
33	75	15314
29	71	15317
44	48	15325
74	84	15326
28	40	15332
75	91	15332
72	84	15333
19	75	15334
17	57	15335
30	63	15335
29	75	15348
82	87	15349
71	81	15355
33	83	15356
26	75	15362
20	21	15370
7	71	15371
1	75	15372
40	61	15373
69	88	15381
46	59	15384
73	75	15384
49	57	15388
18	69	15394
28	69	15394
6	71	15400
40	41	15408
36	75	15411
13	79	15416
7	92	15420
32	97	15420
26	29	15426
38	75	15426
11	18	15435
78	88	15436
75	83	15438
5	92	15445
8	53	15448
75	83	15461
13	83	15462
72	84	15465
11	75	15470
90	97	15470
75	89	15480
62	75	15491
75	92	15492
37	82	15495
0	28	15509
63	65	15515
32	53	15527
75	92	15531
78	98	15531
50	88	15534
69	93	15535
32	92	15550
21	99	15553
83	92	15558
52	75	15567
40	48	15569
33	92	15571
7	70	15574
1	75	15576
63	75	15576
66	95	15577
72	92	15583
35	51	15584
30	89	15585
29	75	15587
75	80	15587
40	97	15593
47	59	15595
26	57	15596
32	83	15597
68	75	15598
83	93	15598
50	63	15604
23	71	15613
9	75	15618
20	75	15618
74	75	15619
10	21	15620
53	89	15621
74	86	15622
56	75	15632
75	80	15638
7	75	15640
32	75	15640
70	80	15640
6	40	15644
75	80	15645
17	21	15658
29	75	15660
50	71	15660
58	75	15664
10	73	15667
46	92	15668
75	92	15675
75	78	15684
9	92	15689
25	55	15689
29	37	15695
29	97	15702
20	88	15704
37	69	15704
46	75	15708
63	75	15708
56	75	15710
72	77	15719
27	29	15736
6	33	15737
50	57	15740
56	70	15751
29	79	15753
28	49	15755
44	56	15759
11	87	15761
40	75	15762
32	46	15766
60	75	15781
20	75	15786
48	75	15787
83	91	15788
32	90	15789
67	90	15792
41	50	15793
29	40	15796
50	88	15801
75	92	15805
33	82	15806
75	81	15807
12	69	15808
46	86	15814
65	71	15814
34	43	15818
37	75	15819
68	93	15830
7	39	15834
75	87	15835
22	46	15853
42	94	15853
92	97	15854
72	92	15859
11	37	15861
29	75	15864
40	75	15864
73	84	15865
59	97	15874
72	75	15875
28	40	15898
47	92	15899
36	75	15903
75	85	15906
13	75	15911
13	69	15916
24	96	15920
25	36	15926
48	69	15926
20	88	15932
91	92	15940
6	29	15942
53	75	15950
20	60	15951
30	39	15953
34	55	15956
71	89	15957
51	72	15960
75	98	15962
73	97	15968
12	41	15973
75	92	15985
29	88	15986
84	97	15987
46	54	15992
7	62	15993
7	67	15997
52	53	15997
75	92	15998
75	89	16012
14	96	16023
29	43	16033
58	75	16047
33	92	16050
49	92	16051
75	87	16054
57	75	16055
18	72	16057
75	93	16059
29	75	16062
75	76	16068
68	75	16091
72	75	16091
15	73	16092
60	75	16093
8	32	16098
9	37	16105
40	75	16109
48	93	16110
24	37	16114
1	55	16115
34	50	16118
37	97	16125
51	85	16125
37	43	16126
73	75	16127
47	75	16130
65	75	16130
14	48	16134
68	92	16135
22	75	16142
29	60	16142
29	31	16143
62	75	16143
71	72	16144
8	87	16145
27	75	16145
19	93	16147
29	92	16149
46	49	16150
44	70	16160
0	93	16164
5	75	16167
7	75	16174
40	63	16190
75	92	16206
29	97	16210
37	92	16210
15	75	16215
7	71	16228
75	76	16232
30	48	16233
25	62	16238
12	75	16244
43	44	16253
27	63	16258
29	75	16260
57	72	16261
31	75	16266
13	75	16273
32	67	16273
88	89	16275
73	86	16277
22	38	16297
33	92	16301
75	95	16303
56	95	16307
69	75	16315
75	92	16322
53	92	16324
20	95	16337
51	71	16340
40	52	16344
40	73	16346
72	91	16347
2	46	16350
20	53	16352
4	75	16355
14	24	16355
75	87	16357
46	75	16358
5	28	16361
17	94	16362
75	91	16371
53	73	16376
49	75	16378
21	81	16380
32	64	16382
18	29	16386
29	72	16393
19	29	16396
69	75	16397
62	71	16400
33	97	16404
29	46	16408
21	51	16411
25	67	16412
67	75	16419
37	60	16425
72	92	16435
1	92	16437
47	87	16441
72	78	16443
29	75	16444
31	87	16445
29	75	16446
17	75	16451
55	92	16451
20	72	16468
4	91	16470
2	83	16478
83	97	16478
62	75	16481
3	57	16482
45	60	16484
3	67	16485
29	40	16487
29	83	16488
72	92	16492
13	67	16499
35	75	16513
30	46	16518
82	92	16526
29	71	16530
64	75	16539
68	75	16551
0	30	16568
73	87	16568
75	96	16568
37	75	16574
48	75	16577
4	29	16578
71	92	16593
29	48	16595
10	75	16604
29	61	16609
7	82	16619
40	97	16628
26	71	16630
32	75	16632
50	60	16633
22	28	16642
29	36	16643
32	83	16644
40	72	16645
87	88	16658
37	97	16675
47	71	16676
48	96	16676
2	19	16684
55	73	16684
25	74	16689
42	68	16698
41	75	16700
29	81	16707
65	75	16716
75	86	16717
26	46	16720
14	79	16721
70	74	16721
2	65	16723
75	82	16728
62	91	16733
20	38	16744
70	75	16745
67	75	16748
76	95	16751
10	20	16758
68	94	16759
23	75	16763
57	61	16766
54	76	16770
68	71	16770
64	92	16772
75	76	16774
29	97	16780
16	50	16791
56	92	16793
35	67	16795
69	75	16795
75	96	16797
64	75	16798
35	84	16800
32	54	16832
30	50	16833
46	83	16844
86	92	16844
9	44	16848
59	79	16853
20	92	16858
38	57	16858
4	70	16861
14	94	16864
48	73	16869
24	75	16873
75	78	16873
30	42	16874
66	74	16883
75	82	16889
5	15	16892
44	70	16894
62	97	16900
68	75	16910
6	97	16915
76	92	16920
20	68	16940
75	89	16943
42	75	16948
19	29	16949
41	75	16949
75	80	16958
79	83	16969
73	75	16973
29	75	16974
42	83	16977
70	75	16981
70	82	16995
40	75	17000
37	75	17001
18	79	17005
67	71	17005
12	75	17006
29	89	17022
41	71	17024
50	75	17025
75	92	17026
48	72	17029
1	39	17033
15	80	17033
53	71	17039
90	92	17039
41	75	17041
47	75	17044
29	85	17054
18	47	17063
69	92	17065
65	81	17072
39	97	17082
29	37	17090
49	97	17093
72	91	17098
18	81	17100
22	78	17118
75	91	17120
44	75	17123
28	50	17124
14	79	17135
12	46	17136
56	80	17137
29	75	17142
29	33	17149
72	75	17154
33	75	17163
58	91	17164
32	33	17169
58	93	17174
75	85	17187
1	88	17191
14	32	17191
27	75	17206
21	65	17209
19	82	17210
8	75	17215
70	75	17218
75	92	17218
10	75	17221
29	97	17225
75	89	17227
53	75	17238
40	75	17245
62	86	17250
81	83	17253
55	91	17259
60	92	17263
60	94	17268
51	75	17270
4	13	17271
34	70	17272
19	49	17274
31	83	17274
50	75	17279
93	99	17282
75	95	17284
68	72	17290
13	75	17303
2	6	17304
75	99	17304
27	30	17305
75	97	17306
42	97	17307
46	53	17308
14	82	17309
45	92	17311
55	75	17312
29	46	17322
8	95	17323
28	53	17327
71	79	17327
33	70	17330
9	81	17336
85	97	17338
12	75	17343
29	83	17343
44	48	17344
6	89	17362
29	75	17364
75	87	17364
16	59	17366
22	32	17369
75	95	17380
74	75	17383
65	72	17388
59	92	17393
40	53	17398
39	93	17405
32	36	17407
50	60	17408
60	78	17409
16	37	17414
84	87	17418
28	68	17422
50	69	17423
29	94	17427
33	53	17430
51	75	17432
50	66	17434
27	75	17437
42	68	17449
29	75	17457
2	90	17463
28	88	17463
81	93	17471
40	71	17477
35	98	17481
29	72	17499
32	53	17503
75	80	17503
62	82	17509
20	87	17512
9	85	17513
24	29	17513
46	60	17515
75	97	17518
4	80	17520
79	81	17522
32	75	17531
10	75	17535
1	93	17537
29	75	17542
50	54	17550
12	97	17551
75	77	17564
62	75	17568
69	92	17568
69	97	17574
75	78	17574
61	73	17578
71	83	17586
6	29	17589
75	88	17591
75	84	17596
75	79	17608
6	42	17621
34	54	17623
20	29	17624
17	84	17627
56	80	17635
21	37	17637
29	83	17644
58	71	17647
29	78	17649
45	95	17651
37	56	17652
82	91	17672
6	59	17685
53	93	17686
68	75	17691
18	47	17692
22	92	17697
35	91	17697
0	79	17705
29	75	17706
46	88	17707
48	75	17707
1	75	17713
28	34	17722
45	75	17722
69	75	17723
29	48	17738
18	75	17743
24	59	17746
47	75	17748
3	61	17751
32	75	17751
75	87	17756
51	92	17757
5	75	17759
82	92	17766
29	32	17775
13	74	17781
44	83	17784
27	92	17786
65	75	17797
90	92	17799
33	81	17801
1	28	17806
75	92	17812
32	90	17822
71	75	17825
8	75	17826
17	19	17829
37	83	17836
29	72	17839
75	97	17841
20	27	17845
7	93	17865
19	75	17865
60	75	17867
1	29	17876
29	75	17879
20	53	17882
0	44	17883
33	86	17889
74	90	17891
23	75	17899
75	78	17899
71	92	17903
33	48	17911
30	34	17917
1	56	17922
25	92	17922
48	75	17928
69	75	17930
75	86	17932
29	48	17934
29	59	17934
53	76	17940
68	95	17943
50	94	17944
75	79	17944
62	73	17946
4	17	17950
17	39	17953
19	41	17959
26	75	17959
57	97	17960
24	70	17966
2	88	17967
25	75	17967
75	78	17975
33	48	17976
81	97	17981
56	96	17989
82	89	17990
9	60	17992
61	66	17994
33	83	18011
13	75	18017
42	52	18017
67	77	18017
1	55	18024
29	73	18031
47	72	18032
14	73	18041
34	92	18044
13	85	18056
21	75	18068
40	61	18072
46	75	18076
12	98	18079
8	75	18084
48	72	18091
1	46	18097
30	71	18101
8	21	18111
14	75	18112
79	80	18114
64	75	18118
20	92	18121
29	75	18122
75	78	18127
7	72	18130
24	42	18130
3	18	18137
13	80	18137
75	89	18140
52	78	18146
40	75	18153
29	75	18167
66	83	18177
42	69	18179
37	48	18192
0	40	18198
90	92	18205
37	75	18213
31	80	18214
12	75	18217
33	75	18222
92	93	18223
24	63	18224
32	56	18228
75	83	18237
87	89	18238
26	92	18242
32	84	18247
55	92	18248
71	90	18254
29	72	18267
5	92	18268
3	18	18273
80	96	18276
29	84	18279
35	75	18280
75	92	18281
2	8	18286
53	71	18289
69	75	18289
30	75	18295
75	87	18302
46	75	18308
40	95	18310
83	91	18327
21	32	18329
83	88	18329
33	78	18334
1	77	18340
50	97	18348
30	56	18365
33	75	18381
11	80	18384
75	78	18392
53	96	18403
71	72	18409
2	62	18413
29	75	18422
74	90	18423
16	40	18425
60	75	18429
51	85	18430
75	76	18434
2	56	18435
53	79	18440
18	83	18441
9	42	18453
22	75	18454
6	31	18455
33	75	18458
75	93	18470
30	75	18473
41	75	18479
9	27	18480
86	97	18492
75	78	18494
28	82	18497
75	99	18500
75	93	18507
70	78	18509
75	87	18515
75	77	18515
24	92	18522
29	32	18524
52	68	18524
75	78	18525
47	75	18528
83	84	18532
43	73	18535
64	92	18535
75	86	18554
46	72	18556
8	83	18560
9	75	18563
13	92	18563
75	89	18563
48	75	18564
25	53	18570
29	96	18575
53	54	18577
1	50	18580
25	71	18586
38	75	18590
28	78	18612
1	83	18614
34	51	18616
14	65	18623
71	75	18623
12	70	18625
33	75	18630
61	75	18630
31	32	18634
4	75	18640
57	75	18655
21	45	18657
33	60	18660
48	54	18661
40	75	18664
69	97	18664
55	81	18667
37	51	18672
3	68	18673
29	77	18674
66	75	18684
17	78	18685
6	75	18689
7	75	18691
29	92	18692
2	11	18697
53	75	18697
25	75	18698
43	62	18709
1	13	18720
42	75	18725
16	73	18731
62	75	18732
26	28	18735
28	73	18737
43	58	18740
58	92	18745
15	55	18748
35	92	18754
30	40	18759
75	96	18760
1	82	18762
58	79	18763
25	75	18766
18	75	18787
61	77	18788
62	72	18792
75	84	18794
4	98	18795
14	75	18799
34	43	18802
23	86	18806
30	96	18806
12	42	18810
63	65	18820
12	25	18826
44	75	18844
6	16	18845
18	41	18850
14	62	18856
49	50	18858
75	83	18862
29	57	18863
29	45	18868
75	92	18869
12	29	18873
83	92	18875
34	75	18877
61	62	18881
12	75	18883
2	75	18888
20	93	18891
53	75	18896
29	75	18897
2	75	18900
32	69	18906
62	92	18910
32	78	18915
51	75	18922
60	75	18923
11	97	18924
49	75	18924
75	92	18926
50	75	18935
72	75	18939
44	83	18941
14	42	18944
67	75	18953
5	75	18959
20	23	18964
75	92	18966
32	90	18968
61	92	18968
75	89	18968
38	83	18981
75	83	18983
75	87	18986
8	75	18989
22	52	18991
62	72	18993
57	69	18995
40	99	18997
75	92	18999
37	89	19004
47	75	19004
55	92	19019
28	73	19023
29	41	19025
75	96	19042
39	72	19054
37	71	19057
11	76	19058
11	75	19063
14	60	19063
29	71	19067
62	83	19069
19	79	19070
21	70	19073
75	80	19073
28	29	19082
59	82	19085
14	73	19101
1	75	19105
43	72	19108
39	92	19111
38	59	19116
67	75	19120
19	94	19126
2	27	19128
37	62	19133
15	75	19135
29	88	19141
75	83	19143
21	75	19144
19	75	19145
52	68	19148
71	94	19154
78	90	19158
84	90	19158
50	75	19161
29	79	19163
72	78	19166
20	40	19171
32	94	19175
75	84	19175
16	24	19181
21	45	19200
44	79	19203
22	75	19206
34	92	19209
16	75	19210
12	75	19213
18	87	19216
29	71	19216
73	75	19216
70	83	19217
73	75	19219
41	78	19223
48	97	19223
37	75	19224
53	75	19227
75	92	19233
33	56	19236
16	64	19237
29	72	19241
61	92	19246
13	79	19249
29	43	19255
30	97	19261
20	38	19262
29	46	19269
38	97	19271
11	75	19276
52	54	19277
65	75	19281
24	66	19282
49	71	19282
4	53	19291
27	60	19294
15	93	19300
72	75	19300
1	75	19303
47	75	19303
43	75	19313
49	97	19314
9	65	19317
30	79	19325
31	65	19352
53	60	19352
60	92	19356
75	83	19358
66	75	19359
64	88	19361
92	97	19368
24	75	19371
75	93	19371
37	75	19374
32	68	19382
69	96	19390
75	78	19390
82	88	19392
47	75	19394
19	48	19401
37	68	19401
75	96	19407
12	69	19416
58	96	19417
31	32	19422
41	61	19423
60	75	19424
29	68	19426
60	75	19427
11	25	19434
5	20	19439
75	93	19448
51	75	19449
30	83	19454
41	90	19458
55	92	19468
32	87	19469
32	75	19472
49	87	19475
22	70	19477
17	75	19478
5	29	19483
75	79	19485
37	92	19490
29	74	19509
55	92	19528
56	75	19528
88	92	19529
22	50	19531
16	62	19536
39	57	19538
12	83	19542
75	87	19542
1	67	19546
2	81	19548
53	75	19550
17	99	19551
79	90	19555
37	75	19556
27	36	19562
75	92	19562
21	75	19570
37	53	19574
53	57	19584
11	26	19585
9	40	19588
50	71	19588
53	72	19597
53	58	19605
47	90	19609
75	81	19629
30	32	19640
92	99	19642
32	73	19651
75	77	19654
0	17	19659
29	75	19662
16	68	19666
47	70	19676
29	94	19677
29	79	19678
45	75	19678
32	37	19681
34	68	19682
65	92	19684
44	86	19687
1	56	19688
20	25	19696
63	91	19698
13	64	19720
30	31	19727
68	92	19746
50	92	19759
33	73	19762
8	51	19770
70	75	19770
27	83	19771
31	75	19771
55	99	19773
75	89	19777
58	75	19778
29	69	19796
44	92	19797
29	53	19800
27	92	19803
3	47	19814
60	72	19814
59	75	19826
1	75	19849
24	91	19852
20	31	19864
29	37	19865
21	92	19869
0	97	19873
75	92	19875
53	75	19876
32	68	19877
48	50	19882
31	80	19890
50	92	19893
13	75	19908
29	75	19910
8	75	19911
49	76	19912
20	29	19914
32	44	19925
0	13	19926
36	73	19926
18	24	19938
14	29	19942
31	77	19950
0	77	19951
5	75	19952
60	68	19955
29	75	19960
31	62	19965
52	75	19968
12	60	19969
75	79	19972
13	75	19977
43	93	19979
75	89	19980
9	12	19983
48	54	19996
66	75	19999
29	75	20000
