2	97	1
10	92	1
11	36	1
44	99	1
54	61	1
57	99	1
60	77	1
62	99	1
71	98	1
72	80	1
76	85	1
78	91	1
81	99	1
81	98	1
81	97	1
83	95	1
87	91	1
91	98	1
92	99	1
94	99	1
94	96	1
26	99	2
32	34	2
33	89	2
34	42	2
37	98	2
45	69	2
50	92	2
54	67	2
66	99	2
67	99	2
68	99	2
71	85	2
72	96	2
78	93	2
80	81	2
83	99	2
83	93	2
89	94	2
94	95	2
98	99	2
10	75	3
11	90	3
18	97	3
21	99	3
29	97	3
33	98	3
33	52	3
42	87	3
43	99	3
56	72	3
60	95	3
68	91	3
76	99	3
81	97	3
85	97	3
86	99	3
94	99	3
96	98	3
18	99	4
26	99	4
44	98	4
47	99	4
50	99	4
52	99	4
53	99	4
62	99	4
70	99	4
71	99	4
76	99	4
79	99	4
81	99	4
82	99	4
83	99	4
85	99	4
86	99	4
87	99	4
88	99	4
89	99	4
90	99	4
91	99	4
92	99	4
93	99	4
94	99	4
95	99	4
96	99	4
97	99	4
98	99	4
2	99	5
9	50	5
14	99	5
27	68	5
46	98	5
56	97	5
57	99	5
57	70	5
60	64	5
64	83	5
65	95	5
65	88	5
70	94	5
71	85	5
77	95	5
78	97	5
82	99	5
82	86	5
87	93	5
88	99	5
88	98	5
89	98	5
90	99	5
90	97	5
91	99	5
93	95	5
94	99	5
94	96	5
96	99	5
96	98	5
98	99	5
2	86	6
14	98	6
19	97	6
19	95	6
22	98	6
28	98	6
41	99	6
42	97	6
54	98	6
55	97	6
65	98	6
73	99	6
74	97	6
81	94	6
82	97	6
86	99	6
89	99	6
90	98	6
91	99	6
92	99	6
92	98	6
92	95	6
92	94	6
93	99	6
93	95	6
94	99	6
94	97	6
94	96	6
95	99	6
95	98	6
95	97	6
96	99	6
96	98	6
96	97	6
97	99	6
97	98	6
98	99	6
8	59	7
32	82	7
41	92	7
52	99	7
70	96	7
72	96	7
73	97	7
78	95	7
85	99	7
86	96	7
87	94	7
89	99	7
90	99	7
91	99	7
93	99	7
93	98	7
94	99	7
94	98	7
94	97	7
94	95	7
95	99	7
95	98	7
96	99	7
96	98	7
97	99	7
97	98	7
98	99	7
2	98	8
3	97	8
18	97	8
25	99	8
28	96	8
40	94	8
44	98	8
51	98	8
55	96	8
65	96	8
72	99	8
76	98	8
79	99	8
79	91	8
80	85	8
82	99	8
85	91	8
85	86	8
88	90	8
91	99	8
91	95	8
92	98	8
94	99	8
94	98	8
95	99	8
95	98	8
95	97	8
95	96	8
96	99	8
96	98	8
97	99	8
97	98	8
98	99	8
23	58	9
25	95	9
26	98	9
29	95	9
41	89	9
43	98	9
52	99	9
53	98	9
53	62	9
53	60	9
58	98	9
64	86	9
67	99	9
68	95	9
72	99	9
75	94	9
77	95	9
77	94	9
78	97	9
80	99	9
86	89	9
88	97	9
89	99	9
89	94	9
90	98	9
91	98	9
91	94	9
93	99	9
93	97	9
93	96	9
94	99	9
95	99	9
95	98	9
96	99	9
96	98	9
97	99	9
97	98	9
98	99	9
12	93	10
18	78	10
20	68	10
33	94	10
41	94	10
41	80	10
43	68	10
47	67	10
48	99	10
48	98	10
58	83	10
59	68	10
81	95	10
83	99	10
85	95	10
86	99	10
88	99	10
90	99	10
92	99	10
93	99	10
98	99	10
