17	94	1
20	99	1
23	69	1
40	92	1
77	96	1
78	93	1
85	94	1
86	98	1
95	99	1
48	99	2
62	67	2
63	99	2
66	99	2
70	97	2
77	99	2
79	92	2
84	98	2
88	99	2
90	94	2
91	98	2
92	99	2
92	98	2
92	94	2
96	99	2
97	99	2
98	99	2
29	98	3
56	84	3
65	84	3
69	70	3
88	99	3
94	98	3
1	91	4
3	92	4
6	63	4
17	97	4
24	96	4
42	79	4
44	98	4
44	89	4
49	73	4
59	96	4
66	98	4
67	97	4
70	89	4
81	92	4
83	89	4
87	99	4
88	98	4
90	98	4
92	98	4
95	99	4
95	98	4
96	99	4
96	98	4
96	97	4
97	99	4
97	98	4
98	99	4
18	99	5
38	99	5
55	99	5
58	83	5
61	99	5
65	87	5
76	99	5
79	99	5
84	99	5
88	99	5
89	99	5
89	93	5
94	99	5
96	99	5
97	99	5
98	99	5
0	99	6
30	99	6
37	99	6
53	99	6
57	99	6
61	99	6
67	99	6
70	99	6
75	99	6
76	99	6
85	99	6
87	99	6
88	99	6
90	99	6
91	99	6
92	99	6
93	99	6
93	97	6
94	99	6
95	99	6
96	99	6
97	99	6
98	99	6
8	94	7
16	61	7
23	72	7
57	98	7
59	99	7
61	93	7
64	98	7
66	97	7
67	99	7
86	99	7
86	97	7
89	99	7
92	93	7
93	99	7
94	99	7
94	96	7
95	99	7
95	97	7
97	98	7
98	99	7
0	99	8
2	99	8
43	94	8
52	99	8
58	99	8
69	99	8
77	99	8
82	98	8
84	99	8
85	99	8
86	97	8
90	99	8
90	95	8
92	99	8
93	99	8
94	99	8
95	99	8
96	99	8
96	98	8
97	99	8
98	99	8
19	99	9
49	99	9
51	93	9
55	86	9
68	99	9
68	95	9
69	99	9
77	90	9
80	93	9
83	99	9
91	99	9
95	99	9
96	99	9
97	99	9
98	99	9
8	96	10
39	92	10
60	99	10
63	71	10
70	97	10
79	92	10
82	99	10
91	99	10
94	99	10
96	99	10
97	99	10
98	99	10
