48	68	1
75	77	6
37	93	10
11	65	11
8	83	15
62	97	15
59	98	16
56	95	31
70	98	37
11	18	47
70	80	51
16	33	53
51	70	55
59	88	63
37	47	68
16	67	70
32	49	83
42	56	92
4	36	99
23	37	124
18	80	127
16	48	152
83	99	155
37	72	156
35	99	163
55	62	166
47	91	168
69	92	168
25	26	170
25	92	174
72	83	177
1	31	180
60	64	180
11	85	182
32	36	187
5	80	188
18	71	190
84	97	192
9	98	196
20	44	200
34	50	203
34	56	205
35	96	235
48	91	249
33	60	253
26	44	258
19	81	264
26	49	272
46	55	276
51	52	277
20	78	281
49	80	284
22	56	293
25	32	301
9	37	306
33	83	306
18	51	307
33	72	315
83	93	319
31	83	326
42	96	328
0	99	333
26	76	334
7	38	347
20	57	351
7	40	357
47	86	367
68	73	367
18	88	370
42	53	384
28	92	386
56	83	406
31	38	412
20	51	417
20	94	422
26	94	424
17	83	426
36	76	426
36	96	434
51	72	434
82	85	438
9	83	445
26	28	445
2	92	449
79	83	450
55	84	470
1	13	484
72	96	489
88	97	490
14	28	492
26	90	492
54	58	493
10	60	495
52	75	500
9	83	502
33	37	505
13	47	515
3	91	521
6	95	523
1	86	525
28	49	532
36	80	543
15	20	548
48	54	557
1	76	558
9	49	558
30	67	558
70	72	569
70	83	572
14	21	579
7	88	598
54	55	600
16	31	604
40	92	616
25	70	618
20	22	620
71	85	629
37	57	633
53	57	636
13	51	644
44	46	652
71	84	652
65	83	664
60	73	669
54	79	692
54	86	700
70	74	710
82	83	720
26	37	724
37	49	735
72	78	740
5	8	756
24	29	766
38	79	771
42	96	782
19	62	783
20	34	786
1	35	795
9	11	795
26	37	795
29	95	795
7	80	807
15	90	808
55	60	808
56	99	810
54	62	831
45	89	838
37	39	841
60	83	855
35	92	858
26	71	859
83	96	862
11	36	868
21	38	871
36	72	876
34	86	897
7	86	898
34	75	899
25	89	907
72	99	911
25	30	912
55	72	927
38	49	929
28	98	932
26	83	934
9	29	948
4	7	958
6	88	962
18	97	965
68	98	967
37	45	974
30	57	980
37	92	993
28	44	995
25	32	998
68	83	998
7	55	1024
9	55	1024
1	9	1027
49	68	1027
9	46	1034
14	83	1037
16	39	1051
72	96	1056
36	80	1079
14	64	1082
16	67	1082
13	41	1101
4	72	1102
9	83	1104
28	96	1104
64	73	1106
83	92	1120
25	55	1122
29	81	1134
55	73	1136
12	19	1145
52	55	1147
37	61	1152
36	54	1153
47	67	1155
14	59	1160
53	93	1160
44	82	1161
37	61	1176
34	83	1177
72	83	1194
33	82	1199
52	97	1200
83	97	1202
27	83	1205
44	81	1221
55	60	1221
83	85	1221
54	83	1222
14	60	1223
42	80	1224
66	84	1226
38	83	1233
36	37	1235
33	90	1252
78	97	1255
2	28	1256
16	72	1256
7	83	1268
2	25	1272
20	27	1278
4	52	1280
37	97	1289
17	18	1291
40	64	1291
9	63	1304
60	97	1305
9	86	1311
44	54	1320
4	90	1323
33	55	1324
47	83	1331
37	83	1332
33	45	1336
9	12	1340
29	83	1341
30	86	1344
25	35	1346
42	48	1350
72	78	1353
11	34	1357
1	83	1375
36	96	1376
25	60	1377
25	97	1380
49	55	1388
47	97	1389
46	71	1391
49	83	1395
12	36	1399
62	76	1400
73	97	1408
36	37	1409
93	96	1410
54	83	1412
47	63	1420
28	30	1437
6	95	1439
26	36	1444
0	13	1446
62	78	1459
49	60	1462
72	85	1470
62	64	1471
42	63	1481
3	83	1484
36	41	1485
35	38	1498
45	96	1506
26	52	1507
11	75	1510
49	88	1510
61	72	1522
7	37	1525
33	37	1530
83	88	1544
9	16	1565
72	88	1567
45	98	1572
26	33	1573
74	87	1576
6	38	1578
33	82	1586
54	73	1586
2	23	1589
73	75	1598
36	98	1604
67	79	1612
61	88	1620
80	81	1628
57	76	1632
37	92	1633
33	43	1638
21	78	1643
22	25	1650
52	57	1656
1	72	1664
25	36	1666
97	98	1670
38	98	1671
1	61	1678
76	97	1692
11	40	1693
32	75	1693
21	70	1704
2	25	1705
91	97	1705
26	71	1709
47	83	1713
20	96	1735
26	96	1739
28	88	1741
56	83	1742
14	58	1753
16	41	1754
31	36	1754
32	86	1754
41	67	1758
64	97	1764
21	50	1768
49	64	1782
11	58	1783
11	71	1783
26	86	1783
24	77	1790
37	69	1791
18	23	1797
9	37	1814
0	76	1825
16	89	1825
17	92	1839
36	64	1846
36	97	1849
35	57	1850
33	94	1853
50	85	1862
35	52	1882
31	56	1884
37	98	1900
71	75	1911
4	35	1919
14	28	1920
55	98	1927
54	74	1934
42	67	1936
28	43	1938
6	84	1963
15	83	1970
7	83	1976
15	30	1979
15	72	1984
7	83	1988
84	97	1992
48	83	1995
37	76	2004
55	83	2009
46	76	2010
83	96	2010
56	64	2011
70	76	2025
9	97	2026
56	83	2030
19	86	2045
17	76	2046
29	83	2081
3	64	2084
26	83	2091
61	81	2092
27	38	2093
7	28	2097
16	24	2098
55	97	2104
10	92	2108
35	98	2112
37	58	2116
21	60	2133
8	44	2145
17	46	2153
6	99	2161
26	35	2166
41	96	2166
11	34	2172
47	83	2179
7	33	2181
32	70	2189
61	84	2200
83	88	2200
40	44	2204
76	98	2204
5	64	2205
35	80	2213
33	58	2231
37	83	2244
42	61	2245
51	76	2249
18	84	2250
7	23	2269
53	79	2272
55	75	2277
61	80	2285
14	50	2297
35	38	2302
59	83	2305
38	43	2307
7	10	2321
38	83	2323
55	74	2329
32	55	2337
36	55	2338
42	60	2338
50	88	2338
20	36	2341
28	90	2345
3	52	2347
83	97	2348
7	8	2349
36	90	2356
6	67	2368
37	58	2369
7	33	2372
61	68	2373
16	55	2381
72	97	2385
81	91	2388
31	64	2399
64	98	2400
2	98	2410
64	80	2423
14	83	2426
35	40	2436
34	36	2442
46	71	2448
92	96	2448
37	97	2453
26	33	2475
28	83	2486
11	66	2488
28	83	2504
11	67	2506
19	26	2506
18	72	2509
2	42	2512
27	83	2512
33	89	2515
1	14	2525
9	96	2528
19	45	2528
8	83	2536
55	97	2538
52	68	2541
40	99	2555
8	96	2560
7	75	2561
8	97	2563
42	44	2569
49	72	2603
72	88	2612
17	24	2616
55	84	2620
83	98	2625
38	55	2633
72	92	2633
80	98	2637
28	37	2646
37	94	2650
45	50	2651
37	80	2653
88	97	2657
1	9	2658
11	91	2665
92	93	2701
36	83	2712
27	91	2718
28	82	2718
9	41	2726
72	86	2726
21	57	2739
64	91	2751
21	38	2761
75	80	2768
20	87	2775
60	83	2785
1	29	2804
43	80	2807
37	85	2808
36	43	2820
26	45	2841
25	83	2849
4	60	2855
58	75	2858
9	41	2862
92	96	2865
26	29	2870
29	96	2871
14	46	2876
37	41	2881
5	6	2883
58	70	2888
11	27	2891
49	70	2894
11	72	2903
13	86	2906
53	70	2930
5	58	2934
36	46	2946
33	37	2959
9	92	2962
31	83	2965
45	70	2965
25	73	2971
57	83	2973
6	29	2974
10	80	2976
1	74	2979
72	94	2982
8	33	2983
9	50	2983
35	50	2984
10	59	2987
80	81	2992
18	93	2996
11	36	2998
64	76	3001
7	64	3006
30	74	3016
54	72	3019
47	68	3030
5	35	3032
70	96	3037
32	83	3047
9	45	3052
50	72	3058
83	96	3065
26	80	3070
20	37	3071
55	98	3072
82	94	3079
14	44	3081
20	72	3085
17	50	3089
55	83	3097
55	78	3100
23	83	3107
47	54	3109
55	71	3111
59	64	3114
76	96	3116
35	93	3117
26	37	3122
55	97	3125
84	90	3126
6	58	3148
11	65	3148
9	31	3158
25	97	3174
50	77	3174
76	88	3177
4	72	3180
24	28	3181
35	65	3181
24	98	3182
1	83	3183
70	89	3185
5	19	3188
9	17	3190
9	72	3203
9	29	3210
48	60	3212
45	96	3215
37	39	3217
8	19	3222
23	40	3223
41	96	3228
59	93	3229
15	35	3231
29	61	3239
38	42	3241
18	37	3242
31	96	3243
55	57	3252
33	67	3255
9	30	3258
41	42	3263
14	41	3265
49	86	3265
83	99	3273
33	83	3277
26	91	3290
15	92	3291
28	91	3297
79	93	3305
60	99	3312
58	72	3315
72	98	3332
44	83	3335
7	47	3341
26	87	3345
16	97	3352
15	38	3363
1	82	3364
35	52	3365
47	92	3374
36	49	3377
24	86	3387
82	89	3403
15	87	3417
37	51	3431
5	37	3440
33	61	3440
42	43	3442
61	98	3442
13	21	3443
37	97	3450
22	75	3453
12	48	3454
27	88	3466
10	17	3468
64	83	3469
73	91	3470
76	86	3471
11	89	3477
59	62	3489
17	18	3498
41	92	3501
38	75	3506
9	11	3510
96	98	3511
44	71	3518
37	48	3528
28	83	3532
55	62	3536
47	78	3549
18	25	3550
88	90	3555
9	94	3568
23	88	3577
72	76	3579
22	23	3580
38	44	3584
5	89	3585
43	74	3586
29	48	3593
7	83	3597
28	68	3605
40	78	3607
34	75	3611
6	20	3613
25	84	3616
5	30	3619
13	36	3619
83	97	3624
26	86	3627
61	80	3632
56	58	3635
21	35	3639
14	58	3644
7	74	3665
3	55	3666
56	76	3667
25	33	3670
19	32	3674
58	99	3678
83	96	3682
17	55	3685
35	36	3692
51	64	3702
9	14	3704
32	50	3717
45	57	3722
50	76	3738
2	11	3741
7	80	3752
11	32	3755
14	60	3760
34	44	3761
70	88	3761
78	91	3766
5	39	3770
25	33	3770
28	60	3774
56	87	3776
9	60	3814
73	96	3820
20	33	3822
17	69	3825
68	80	3831
16	90	3845
26	97	3845
23	97	3852
37	72	3852
37	95	3869
27	98	3883
21	71	3885
11	97	3890
42	50	3890
96	97	3891
37	95	3893
32	74	3909
54	83	3909
1	47	3911
69	92	3913
86	87	3914
11	91	3915
75	85	3920
33	58	3923
9	60	3931
53	92	3933
37	42	3935
37	55	3946
65	83	3950
25	70	3958
3	97	3960
6	23	3960
27	76	3962
10	66	3978
18	23	3980
41	72	3983
8	66	3985
25	62	3987
17	54	3988
83	90	3990
27	57	3996
30	61	4011
17	76	4027
21	58	4033
20	24	4035
54	93	4044
9	42	4050
14	48	4052
35	62	4056
56	65	4064
25	81	4072
20	76	4076
36	78	4087
84	96	4088
37	60	4091
14	21	4093
50	97	4093
2	72	4094
42	67	4094
25	68	4095
2	47	4101
28	72	4101
13	83	4128
42	52	4133
68	98	4143
20	58	4145
54	96	4149
22	29	4153
0	34	4154
9	20	4156
36	83	4156
70	86	4159
28	83	4166
73	76	4168
76	95	4170
21	42	4175
40	63	4175
30	72	4178
50	95	4184
34	36	4201
26	65	4203
4	83	4205
21	93	4223
6	18	4224
9	83	4230
55	61	4233
2	83	4245
42	97	4245
9	70	4246
0	64	4247
47	92	4254
76	80	4259
6	78	4266
90	94	4275
47	61	4279
15	64	4284
36	86	4303
30	92	4310
28	68	4317
29	49	4321
25	91	4329
45	54	4329
69	76	4339
35	98	4348
1	85	4353
78	88	4353
12	72	4357
49	89	4357
9	36	4363
1	72	4369
28	99	4369
38	76	4372
55	96	4398
70	96	4407
7	80	4413
56	98	4425
29	80	4462
28	33	4479
26	86	4480
15	93	4492
6	52	4499
41	69	4502
22	92	4504
14	44	4507
79	89	4522
26	36	4527
55	58	4528
26	29	4530
7	51	4536
35	57	4541
38	47	4543
45	64	4544
15	36	4555
5	87	4562
37	83	4568
40	41	4579
5	25	4582
22	31	4588
9	11	4595
12	21	4595
23	83	4597
41	89	4609
1	97	4629
39	55	4634
26	72	4639
29	83	4648
47	80	4649
66	79	4652
14	84	4658
91	93	4659
15	31	4673
86	97	4673
36	42	4674
24	68	4678
5	83	4680
20	37	4682
13	28	4696
50	83	4697
71	88	4702
83	92	4702
1	97	4705
46	50	4712
89	97	4714
12	88	4720
30	63	4720
72	97	4736
8	28	4742
44	87	4742
42	64	4743
2	25	4746
7	90	4748
58	98	4748
37	78	4752
17	36	4753
41	82	4758
14	33	4762
20	79	4766
38	55	4768
25	94	4781
53	78	4781
26	27	4789
60	79	4793
47	69	4807
7	35	4811
0	37	4812
12	26	4834
1	99	4848
10	14	4855
28	49	4856
88	95	4860
92	94	4860
22	60	4870
34	83	4886
9	97	4889
51	89	4895
0	10	4897
46	83	4905
57	58	4906
21	96	4909
46	52	4916
69	72	4926
8	83	4927
17	71	4927
89	94	4934
50	72	4935
19	25	4937
14	45	4941
19	98	4941
23	28	4975
29	73	4977
20	42	4979
55	72	4979
10	55	4982
42	73	4987
9	61	4991
20	72	5003
49	83	5003
23	36	5023
29	96	5029
55	96	5037
90	99	5037
38	98	5048
30	83	5053
83	97	5073
58	64	5076
56	83	5095
86	98	5100
66	74	5101
21	83	5102
20	98	5106
4	79	5107
20	83	5109
23	78	5112
42	66	5125
21	29	5129
73	83	5136
14	40	5138
39	60	5142
9	55	5155
1	71	5158
70	80	5171
54	97	5189
72	82	5197
21	44	5199
9	91	5205
17	19	5207
20	37	5209
14	90	5211
58	89	5212
25	91	5214
41	50	5214
83	98	5219
14	26	5220
37	61	5223
35	94	5225
50	65	5228
8	55	5231
64	97	5233
18	75	5238
64	82	5239
60	93	5242
37	56	5243
3	68	5245
10	86	5245
2	37	5247
83	86	5251
26	87	5254
32	60	5269
31	32	5271
37	83	5281
21	72	5284
42	45	5284
14	94	5288
49	84	5288
28	34	5305
55	69	5307
9	89	5312
31	75	5321
2	47	5322
9	27	5326
77	87	5344
55	94	5351
88	93	5363
38	63	5366
21	37	5376
42	86	5387
40	72	5394
70	98	5394
28	90	5400
9	21	5401
9	36	5423
9	83	5433
15	71	5438
70	93	5449
53	96	5455
1	60	5459
52	57	5470
1	40	5477
22	83	5481
23	93	5491
21	55	5492
34	77	5496
83	97	5498
70	86	5508
2	51	5509
21	61	5512
74	96	5521
46	72	5522
38	56	5524
59	79	5528
1	88	5534
5	80	5542
41	64	5543
14	57	5548
67	83	5551
60	76	5552
28	31	5568
24	55	5579
65	97	5583
4	7	5586
31	47	5590
11	23	5606
34	98	5606
1	99	5621
33	60	5632
72	84	5639
5	98	5645
84	89	5652
22	84	5658
48	78	5659
26	70	5668
28	72	5673
37	47	5680
26	89	5683
52	92	5683
26	36	5711
45	74	5728
72	96	5747
29	37	5751
97	98	5758
58	93	5784
36	57	5795
74	83	5796
9	52	5806
20	63	5806
70	75	5812
37	53	5813
43	45	5816
16	55	5821
72	92	5824
28	69	5825
41	83	5827
56	65	5835
1	53	5836
1	83	5844
37	85	5845
0	80	5847
7	43	5857
18	58	5860
3	57	5878
4	8	5882
6	46	5888
1	86	5891
9	25	5895
56	92	5904
56	73	5914
23	54	5919
72	98	5935
9	58	5940
73	88	5941
27	46	5950
37	72	5953
55	64	5955
72	97	5958
72	96	5960
75	97	5966
9	83	5967
29	47	5967
10	97	5969
41	92	5970
3	37	5972
51	58	5974
14	30	5983
6	16	5995
36	83	5997
16	31	5998
6	32	6005
26	42	6008
26	39	6008
1	46	6009
55	74	6026
9	60	6031
41	69	6036
47	89	6036
30	33	6053
72	97	6071
73	91	6082
1	83	6085
56	75	6086
25	96	6089
4	35	6091
11	78	6096
2	83	6118
55	72	6130
10	83	6138
60	83	6142
75	78	6144
5	78	6145
35	72	6182
17	26	6183
41	43	6185
73	93	6187
11	19	6190
83	86	6192
47	93	6194
10	45	6196
7	86	6197
32	39	6205
18	70	6210
61	70	6225
36	55	6235
28	72	6238
68	83	6248
8	28	6253
39	52	6253
69	83	6254
28	29	6262
7	57	6263
40	55	6271
68	96	6271
72	77	6271
80	81	6285
26	85	6297
29	95	6310
16	36	6315
26	41	6317
5	45	6319
7	18	6328
72	86	6329
18	72	6331
89	99	6338
79	80	6339
33	66	6342
83	97	6346
30	69	6355
36	97	6373
9	70	6378
41	61	6378
28	38	6398
58	70	6398
21	55	6423
1	4	6429
47	93	6430
76	96	6433
37	81	6435
8	47	6437
8	85	6440
47	96	6440
67	83	6447
28	95	6452
9	25	6455
7	9	6477
47	55	6481
24	45	6490
36	60	6490
26	83	6512
69	99	6513
22	56	6516
60	68	6519
29	81	6524
24	85	6537
33	88	6539
47	78	6541
0	42	6544
59	95	6552
26	99	6556
44	83	6561
52	58	6562
71	94	6572
40	56	6576
72	77	6586
47	84	6591
78	79	6591
28	41	6599
25	47	6602
83	88	6610
26	85	6620
48	93	6623
14	18	6625
26	83	6633
25	34	6636
43	71	6642
45	47	6647
2	6	6648
67	86	6648
55	94	6656
28	83	6663
36	83	6683
33	73	6687
59	72	6695
9	21	6710
9	96	6712
2	47	6722
31	61	6722
5	26	6726
75	83	6729
9	47	6737
59	86	6737
4	78	6743
20	61	6769
11	67	6774
37	97	6774
11	55	6776
5	36	6777
42	83	6777
59	90	6779
56	90	6780
9	96	6783
59	83	6785
0	58	6786
32	98	6798
68	70	6813
24	99	6819
51	65	6831
26	31	6834
41	55	6835
10	34	6845
36	61	6863
58	97	6863
55	96	6868
36	72	6874
75	97	6883
25	49	6886
78	92	6888
68	85	6892
84	86	6893
72	98	6895
20	88	6900
83	97	6904
46	93	6918
9	76	6924
3	93	6928
37	98	6936
15	86	6937
45	63	6938
25	49	6947
12	92	6951
33	43	6958
5	55	6962
19	98	6968
25	35	6969
34	83	6981
59	81	6986
25	91	6991
3	25	6993
5	90	7002
31	41	7002
79	90	7033
33	92	7035
25	37	7036
71	77	7039
32	85	7049
19	46	7051
12	96	7053
56	63	7056
56	83	7057
72	86	7065
34	72	7069
74	80	7088
65	77	7089
20	22	7091
19	66	7092
72	83	7097
37	77	7101
36	55	7111
79	92	7117
29	52	7125
38	68	7127
36	49	7133
7	12	7140
25	97	7142
22	57	7145
83	98	7146
38	57	7152
9	13	7163
25	27	7163
55	97	7166
53	71	7183
16	83	7209
71	95	7212
83	86	7224
2	58	7232
54	91	7234
57	76	7234
39	98	7253
49	52	7257
44	75	7262
14	75	7263
1	83	7266
28	60	7268
32	55	7272
20	35	7281
26	74	7283
22	33	7296
21	96	7297
30	76	7301
33	95	7304
44	62	7308
61	83	7309
29	58	7311
81	97	7316
62	75	7319
14	78	7322
28	96	7323
28	94	7324
32	75	7325
83	85	7338
50	68	7340
67	75	7342
28	72	7345
9	67	7348
26	82	7349
2	37	7362
37	97	7372
49	72	7372
66	96	7372
13	61	7375
13	70	7376
32	43	7383
17	36	7388
78	79	7389
28	62	7392
74	96	7392
18	93	7405
28	57	7413
33	83	7417
11	80	7430
56	97	7433
86	92	7447
46	69	7450
31	72	7451
3	50	7452
2	50	7460
3	78	7467
21	70	7469
34	80	7471
28	73	7473
2	64	7485
11	61	7499
36	76	7506
51	72	7515
59	98	7515
28	35	7524
37	41	7526
46	55	7527
10	82	7531
36	59	7535
25	67	7537
70	88	7547
10	96	7567
47	88	7568
2	31	7582
47	55	7586
58	67	7587
40	86	7590
0	47	7594
2	96	7594
78	80	7598
22	73	7607
24	69	7609
17	25	7613
33	75	7618
23	57	7632
6	37	7634
19	50	7639
56	63	7641
15	41	7646
33	61	7646
4	95	7647
47	99	7649
0	61	7650
13	56	7660
42	82	7661
0	90	7677
16	70	7680
52	99	7685
35	73	7688
6	88	7710
18	52	7721
35	37	7727
20	92	7731
9	58	7738
71	86	7745
11	20	7749
43	63	7754
17	63	7756
45	80	7765
37	75	7778
31	84	7780
61	91	7792
26	82	7798
38	58	7801
29	40	7813
21	47	7814
11	60	7819
8	60	7831
47	77	7842
11	42	7853
73	83	7868
0	60	7869
36	61	7873
7	27	7883
37	42	7894
11	42	7897
36	37	7898
37	51	7900
12	79	7901
47	50	7905
28	83	7907
74	78	7914
25	57	7929
4	31	7943
28	37	7952
36	37	7952
44	55	7952
37	52	7953
58	93	7954
37	97	7957
54	78	7958
55	63	7962
76	82	7982
13	85	7986
25	60	7988
31	35	7996
49	96	8000
65	69	8001
35	48	8002
36	90	8004
55	92	8010
25	76	8017
17	71	8018
14	63	8019
36	49	8037
22	85	8040
24	83	8041
37	78	8041
2	79	8043
22	70	8043
53	99	8046
26	83	8055
51	86	8057
17	82	8064
70	86	8074
28	77	8078
21	74	8082
42	93	8082
27	96	8090
12	98	8093
18	55	8110
59	72	8116
9	49	8123
38	41	8133
14	91	8146
33	49	8148
60	64	8152
5	76	8156
25	60	8159
3	86	8170
39	47	8193
4	55	8196
89	90	8198
20	85	8204
14	48	8219
20	25	8221
78	88	8223
26	84	8225
83	84	8231
60	83	8233
17	91	8238
16	37	8243
23	55	8248
34	42	8248
74	94	8249
32	47	8258
21	47	8261
64	94	8268
6	35	8279
38	66	8279
36	68	8296
55	88	8305
60	83	8309
19	65	8322
28	93	8326
37	39	8330
43	46	8332
37	88	8334
24	83	8340
47	96	8341
19	50	8345
14	99	8350
44	72	8365
5	12	8380
34	79	8380
46	83	8389
32	50	8392
15	85	8395
9	65	8398
22	83	8400
33	90	8405
37	63	8413
55	75	8421
20	96	8422
58	84	8438
72	89	8443
9	83	8445
65	93	8456
22	76	8460
22	83	8462
57	88	8465
28	56	8481
10	33	8486
40	86	8487
97	98	8492
5	60	8494
11	62	8496
41	57	8496
64	98	8503
57	97	8508
58	85	8508
10	53	8509
75	76	8518
17	26	8523
82	97	8526
2	32	8531
30	41	8536
36	55	8539
37	56	8545
9	75	8553
22	82	8556
41	59	8560
1	72	8567
37	82	8574
14	66	8585
0	9	8590
24	29	8596
63	98	8599
9	56	8604
32	54	8604
5	7	8608
7	10	8617
64	91	8617
2	21	8628
9	40	8636
55	75	8638
34	41	8641
20	83	8642
31	83	8645
53	73	8646
18	86	8648
47	78	8649
11	20	8653
14	64	8666
37	57	8674
32	55	8686
72	98	8690
1	10	8692
25	42	8697
35	60	8704
1	26	8709
22	34	8712
43	97	8715
64	70	8717
83	95	8722
67	96	8725
55	83	8732
57	78	8750
32	51	8754
62	88	8755
28	34	8766
11	78	8770
4	84	8771
69	70	8784
25	68	8805
36	37	8815
56	64	8833
32	55	8839
26	64	8845
24	75	8855
9	33	8856
60	88	8859
37	72	8863
50	95	8867
76	81	8869
28	58	8871
37	66	8877
25	91	8878
23	37	8882
28	67	8885
16	59	8910
26	60	8916
36	55	8931
43	46	8931
30	78	8934
36	49	8940
1	68	8947
63	98	8948
96	97	8948
16	70	8950
34	98	8951
70	72	8951
1	91	8964
36	52	8965
19	57	8970
4	29	8974
21	40	8974
55	72	8998
37	57	9004
40	80	9004
19	34	9010
64	94	9011
15	55	9014
72	88	9014
19	99	9021
75	96	9034
28	82	9036
9	28	9050
11	85	9055
9	83	9061
30	83	9061
61	84	9063
63	97	9071
33	60	9072
18	58	9074
29	46	9077
65	83	9087
5	83	9095
21	97	9100
51	97	9102
64	92	9104
87	98	9107
97	98	9110
42	91	9120
5	62	9122
25	55	9122
10	61	9125
56	75	9145
0	32	9153
17	65	9167
34	83	9173
27	75	9177
9	69	9178
54	65	9178
26	55	9183
7	45	9187
3	13	9194
9	42	9194
36	50	9203
26	62	9208
65	99	9209
41	89	9211
25	70	9214
1	2	9222
39	55	9225
12	95	9227
58	93	9242
6	32	9252
2	44	9255
14	29	9255
2	54	9268
80	84	9274
10	90	9281
54	60	9285
29	60	9290
59	67	9295
38	88	9301
37	72	9306
34	45	9317
60	83	9317
9	94	9327
18	36	9328
37	73	9329
37	58	9330
9	70	9341
77	96	9345
0	20	9347
19	21	9354
16	57	9379
17	35	9383
26	32	9394
37	64	9413
26	47	9416
40	92	9418
3	45	9420
12	62	9432
84	92	9436
57	92	9460
18	59	9467
11	69	9469
60	71	9469
20	61	9483
52	72	9484
10	54	9489
57	93	9490
34	92	9496
60	71	9500
10	45	9501
2	27	9502
45	55	9509
46	51	9512
25	49	9514
41	81	9514
26	37	9518
70	72	9538
19	84	9543
56	90	9551
80	99	9552
35	37	9555
91	96	9558
83	96	9567
97	98	9578
84	96	9580
15	55	9582
25	72	9586
31	86	9589
49	98	9589
9	55	9590
56	77	9604
70	78	9615
90	96	9615
0	55	9618
3	42	9639
36	59	9640
56	97	9644
29	36	9646
58	84	9656
6	76	9658
25	88	9669
78	83	9669
50	88	9675
24	55	9697
12	66	9698
44	88	9703
4	72	9707
20	55	9717
64	91	9722
34	99	9734
50	84	9744
61	89	9746
36	72	9748
86	96	9750
90	98	9753
40	83	9761
35	97	9766
21	36	9790
31	61	9796
50	67	9797
23	35	9814
9	93	9819
46	47	9827
1	96	9831
47	81	9834
13	38	9842
80	90	9848
36	57	9859
56	70	9868
68	72	9868
50	78	9875
28	43	9878
37	83	9879
46	83	9879
14	38	9882
34	42	9888
17	61	9889
4	86	9891
4	44	9894
22	70	9894
26	74	9901
71	91	9906
28	35	9911
72	85	9938
77	96	9943
26	78	9949
38	39	9949
90	91	9955
26	83	9958
73	97	9963
7	97	9970
39	67	9985
15	49	9991
4	59	9992
36	58	9992
37	52	9997
39	96	10001
42	61	10001
17	83	10005
9	48	10007
8	55	10009
0	70	10010
58	83	10019
37	50	10027
9	21	10028
16	64	10048
7	26	10067
2	27	10072
76	86	10072
4	76	10081
37	55	10091
44	72	10098
5	7	10106
88	90	10117
19	40	10131
94	95	10139
36	83	10140
9	76	10141
87	98	10143
51	92	10157
47	96	10159
6	34	10176
41	61	10185
54	97	10189
4	88	10191
77	97	10194
65	94	10206
67	91	10216
25	38	10218
79	96	10220
45	65	10221
96	98	10223
47	97	10236
61	75	10243
51	96	10246
1	75	10252
92	95	10256
19	73	10257
53	98	10257
19	28	10260
6	56	10283
5	54	10286
90	97	10287
14	65	10309
37	83	10309
62	84	10321
67	83	10322
21	37	10335
38	66	10336
40	98	10342
25	58	10370
75	84	10371
19	22	10372
54	83	10373
28	47	10390
41	59	10403
52	84	10413
19	97	10414
11	78	10428
83	96	10429
51	68	10434
32	57	10447
34	49	10457
63	84	10458
36	86	10464
32	49	10465
27	28	10484
12	80	10492
3	42	10499
81	92	10501
9	12	10519
21	55	10525
60	64	10531
39	74	10533
42	97	10534
72	81	10542
48	78	10545
28	46	10562
37	52	10565
29	55	10571
54	57	10574
45	63	10579
47	55	10584
9	35	10593
7	26	10599
30	95	10600
36	47	10608
19	64	10610
46	83	10615
13	30	10623
67	75	10624
85	95	10630
24	71	10634
52	70	10634
9	37	10641
28	53	10660
0	41	10662
75	96	10664
37	61	10676
27	37	10678
3	37	10679
44	63	10684
40	55	10695
71	72	10695
51	61	10696
47	54	10701
61	89	10709
25	55	10710
32	98	10732
55	75	10736
34	80	10738
46	64	10740
32	90	10743
9	72	10749
29	35	10754
21	89	10759
28	34	10759
4	14	10766
5	37	10771
28	65	10796
29	97	10812
72	91	10820
65	90	10822
47	61	10826
42	65	10836
14	96	10840
7	36	10867
64	78	10874
14	35	10891
33	98	10893
71	96	10908
36	76	10917
69	82	10920
20	96	10926
20	72	10929
24	97	10935
16	29	10939
18	43	10940
61	99	10944
30	85	10950
44	55	10957
52	92	10960
9	96	10964
47	80	10971
55	60	10987
9	68	10990
9	33	10996
37	92	11013
28	84	11026
4	83	11028
9	37	11028
4	25	11030
52	83	11030
42	81	11031
9	82	11039
42	72	11042
11	96	11046
5	13	11051
26	37	11051
37	99	11057
32	89	11059
58	76	11064
39	88	11065
43	56	11067
26	80	11084
15	45	11085
11	20	11092
48	77	11094
30	41	11105
90	92	11115
9	55	11119
55	75	11136
57	77	11137
5	39	11138
27	50	11140
12	86	11148
7	20	11149
7	21	11151
28	96	11151
25	55	11152
7	65	11157
1	88	11168
18	55	11171
23	39	11174
76	83	11185
6	85	11188
22	87	11189
57	62	11189
48	96	11192
53	64	11195
21	56	11200
1	33	11202
20	24	11202
31	35	11208
66	95	11208
28	83	11209
25	42	11216
16	83	11217
33	44	11217
48	55	11219
42	92	11224
7	30	11228
1	52	11234
19	96	11250
55	56	11254
1	58	11271
10	14	11272
23	90	11273
38	64	11275
29	60	11286
35	39	11291
51	53	11293
60	71	11297
52	96	11322
42	79	11326
54	70	11328
24	37	11335
9	14	11339
17	98	11345
55	70	11345
26	64	11348
36	95	11353
56	57	11356
37	98	11363
14	73	11375
36	53	11378
2	98	11384
72	96	11384
15	97	11385
28	56	11389
55	60	11391
63	64	11394
30	38	11408
93	95	11408
89	99	11414
7	59	11419
37	48	11439
51	92	11451
9	43	11464
76	90	11476
97	98	11480
37	63	11491
45	65	11493
4	75	11494
27	83	11495
1	94	11499
75	80	11505
36	60	11506
45	92	11510
20	47	11512
9	72	11513
11	20	11526
41	60	11549
32	68	11555
1	72	11557
75	88	11563
7	61	11571
49	96	11581
42	98	11587
35	64	11589
19	40	11592
9	83	11602
53	65	11607
0	48	11609
6	52	11610
47	77	11623
57	80	11634
1	93	11638
51	78	11639
78	95	11646
30	42	11651
27	64	11654
93	97	11658
18	26	11666
26	95	11679
37	47	11690
18	61	11699
11	64	11700
26	74	11704
59	83	11706
25	56	11710
21	64	11715
42	55	11715
31	33	11719
52	75	11720
38	76	11722
12	26	11729
4	42	11731
92	95	11732
10	30	11734
58	68	11736
17	55	11737
20	25	11737
12	75	11738
53	80	11744
11	71	11764
36	72	11765
36	53	11771
16	78	11782
83	92	11795
23	40	11805
20	70	11807
47	58	11813
46	98	11818
47	64	11819
9	55	11820
20	99	11826
7	20	11843
14	38	11849
42	57	11850
36	96	11851
83	85	11851
37	41	11870
42	81	11877
16	59	11886
45	93	11895
1	55	11898
12	55	11902
23	69	11903
25	89	11913
5	20	11914
29	80	11923
56	78	11932
64	80	11936
47	75	11954
2	24	11974
19	50	11978
59	87	11978
25	83	11980
14	39	11983
12	83	11984
54	60	11992
28	48	11993
2	56	12012
71	75	12013
23	90	12016
61	90	12022
75	96	12040
27	47	12044
37	70	12050
64	65	12059
24	54	12069
58	61	12072
96	98	12072
14	86	12075
55	84	12075
29	30	12096
45	96	12098
28	48	12102
45	66	12104
83	96	12106
58	60	12154
0	91	12162
5	90	12168
45	93	12174
32	68	12180
7	79	12183
26	37	12184
16	66	12189
38	90	12193
36	68	12194
35	83	12198
36	95	12202
21	96	12216
51	56	12220
24	86	12226
58	61	12239
41	81	12245
16	72	12253
78	79	12255
25	36	12260
46	98	12265
14	84	12266
53	93	12266
22	55	12276
26	28	12277
50	92	12288
72	97	12288
38	41	12292
54	72	12295
83	86	12303
4	70	12311
39	96	12312
14	79	12316
28	78	12319
59	66	12322
10	97	12328
71	73	12334
25	97	12335
38	41	12335
7	36	12345
3	5	12353
83	98	12387
1	98	12389
70	98	12393
42	60	12397
26	63	12398
57	67	12398
38	98	12401
11	89	12410
20	36	12421
40	49	12422
31	75	12423
17	28	12434
35	95	12448
7	86	12456
45	46	12470
4	5	12507
25	56	12511
55	87	12517
15	72	12536
42	96	12537
1	26	12538
1	10	12540
46	53	12541
64	83	12563
28	74	12574
38	68	12580
41	72	12580
80	83	12580
26	83	12583
74	83	12584
2	41	12589
1	71	12592
6	24	12592
47	52	12602
33	83	12604
22	54	12607
7	44	12615
47	68	12618
74	83	12622
43	84	12627
0	48	12628
29	94	12637
2	94	12641
9	82	12643
54	98	12643
2	7	12651
96	98	12657
11	51	12658
10	28	12669
51	84	12670
14	17	12678
28	73	12678
15	72	12681
9	92	12683
6	42	12685
41	92	12693
4	30	12694
37	64	12697
35	89	12715
29	31	12730
4	98	12744
16	36	12748
14	56	12768
9	73	12770
35	54	12772
18	60	12774
1	95	12787
11	16	12792
42	55	12792
36	70	12798
40	91	12802
9	55	12806
78	97	12820
11	83	12826
10	97	12833
28	70	12844
42	57	12844
17	32	12847
31	97	12848
9	44	12850
2	77	12853
75	97	12861
12	66	12865
21	50	12866
37	54	12868
40	60	12883
9	83	12885
82	91	12896
4	58	12901
2	93	12903
11	88	12905
16	46	12913
74	77	12918
31	72	12935
65	83	12941
36	79	12944
55	83	12947
28	70	12949
34	61	12958
92	98	12958
33	50	12971
36	55	12982
18	84	12990
44	91	12998
21	36	13002
51	55	13009
26	48	13012
34	87	13037
36	82	13037
28	98	13064
9	46	13065
9	54	13084
37	79	13085
51	97	13091
14	83	13102
49	63	13104
55	78	13104
25	86	13110
9	17	13123
75	78	13159
7	49	13160
33	70	13168
44	55	13174
11	60	13181
2	17	13182
8	11	13195
60	72	13198
72	83	13204
32	83	13216
39	96	13216
57	93	13227
0	35	13241
11	37	13245
47	92	13251
58	68	13261
11	35	13274
68	98	13276
95	97	13276
83	97	13283
59	78	13288
97	98	13294
19	90	13303
66	76	13305
14	77	13309
15	35	13310
7	68	13319
19	32	13331
9	78	13337
42	55	13337
20	72	13345
14	15	13348
76	99	13357
47	97	13358
67	80	13359
56	98	13370
97	99	13372
32	96	13384
42	45	13397
21	96	13400
22	55	13405
19	83	13408
30	95	13410
30	37	13411
86	98	13411
38	71	13412
47	79	13417
11	80	13421
39	79	13429
19	55	13451
55	83	13452
75	83	13455
73	89	13456
4	36	13478
6	10	13490
23	36	13490
21	80	13500
5	83	13503
84	88	13518
22	62	13519
21	49	13521
18	90	13533
25	57	13536
37	96	13543
87	96	13545
31	43	13549
51	52	13554
42	83	13561
12	88	13563
51	96	13574
21	73	13579
95	96	13579
9	58	13582
47	54	13589
9	25	13590
35	83	13591
30	76	13595
16	86	13597
45	61	13607
38	55	13614
74	78	13615
40	83	13624
19	64	13629
45	50	13637
59	91	13637
9	11	13642
7	23	13647
3	85	13658
9	11	13658
3	99	13664
19	25	13668
33	62	13670
63	91	13671
58	80	13679
0	51	13681
8	55	13682
56	80	13684
25	47	13696
36	56	13697
56	99	13697
3	97	13704
36	92	13705
55	70	13706
78	94	13713
26	28	13721
13	47	13723
26	60	13726
6	84	13729
30	48	13731
41	80	13739
56	87	13777
1	98	13780
23	91	13789
2	23	13792
56	70	13798
20	31	13811
14	76	13815
83	96	13821
17	93	13822
25	56	13827
83	97	13835
9	75	13843
2	86	13850
41	88	13852
9	80	13856
66	89	13859
31	98	13860
14	50	13864
74	80	13868
33	88	13870
83	87	13871
6	72	13876
3	55	13877
58	97	13889
5	11	13897
54	69	13907
53	90	13910
5	56	13917
44	99	13918
27	30	13920
12	41	13922
15	83	13923
60	66	13926
86	92	13933
7	11	13948
26	83	13952
20	57	13964
67	97	13978
2	34	13991
65	83	13995
16	99	14006
67	99	14008
14	45	14014
16	58	14018
56	76	14018
32	88	14029
52	72	14030
28	29	14032
51	54	14038
51	58	14039
53	83	14039
42	72	14040
47	93	14045
3	38	14054
6	40	14067
72	88	14075
28	72	14077
54	86	14077
3	33	14081
32	62	14087
69	83	14099
4	38	14110
20	80	14111
55	59	14112
9	72	14115
48	78	14123
28	88	14126
41	60	14126
59	78	14126
10	92	14127
29	59	14130
9	90	14138
89	96	14146
80	96	14150
23	24	14172
17	83	14183
20	82	14184
93	99	14192
53	83	14209
5	90	14213
38	90	14218
0	67	14220
20	36	14221
9	66	14235
32	50	14235
25	80	14237
50	77	14241
1	36	14249
9	49	14259
58	72	14259
36	48	14260
6	57	14264
53	90	14277
5	98	14281
25	31	14281
28	35	14287
55	80	14290
11	97	14295
64	92	14295
41	70	14300
17	49	14308
33	38	14313
73	97	14325
0	14	14326
9	13	14347
69	87	14352
54	98	14353
39	81	14370
9	87	14386
24	86	14388
30	53	14391
31	96	14392
8	37	14396
9	90	14396
35	85	14398
24	46	14399
21	58	14413
26	79	14422
47	83	14425
42	83	14432
54	67	14438
62	86	14462
49	83	14468
15	86	14470
43	55	14475
57	76	14476
45	77	14481
2	91	14496
54	87	14511
55	64	14513
3	72	14517
25	72	14520
16	90	14529
60	90	14531
46	91	14534
23	45	14545
36	83	14547
36	69	14557
51	58	14558
59	83	14559
50	83	14560
36	90	14562
40	91	14563
43	56	14570
49	86	14584
9	52	14589
12	96	14612
56	80	14614
11	32	14635
33	85	14636
4	36	14648
3	17	14651
25	37	14665
45	73	14669
9	85	14671
26	48	14678
29	37	14679
84	85	14697
91	95	14700
25	72	14705
54	71	14716
47	61	14734
15	59	14742
36	60	14745
80	87	14749
83	89	14758
27	98	14763
15	72	14765
50	68	14775
92	98	14780
9	22	14789
34	90	14798
6	27	14812
36	83	14813
47	61	14818
50	66	14825
11	91	14831
58	78	14837
7	98	14843
71	83	14847
9	34	14856
28	78	14872
36	72	14872
29	83	14883
11	98	14885
25	95	14887
78	91	14900
9	55	14903
83	98	14909
27	37	14910
46	87	14912
43	71	14925
29	91	14929
48	77	14930
11	37	14935
80	98	14936
57	64	14941
50	75	14946
8	13	14947
1	67	14964
25	75	14965
47	55	14966
56	92	14966
33	36	14967
31	83	14974
50	55	14978
70	72	14979
33	39	14986
57	76	14987
24	73	14992
33	82	14996
82	97	14998
5	76	14999
74	75	15003
11	14	15008
25	77	15013
4	42	15018
96	98	15019
9	97	15025
33	37	15041
39	96	15043
33	36	15045
44	65	15046
14	31	15052
52	79	15052
18	43	15058
28	42	15059
32	93	15059
8	25	15062
15	35	15068
92	97	15071
28	98	15089
80	84	15094
4	72	15102
48	64	15102
59	98	15111
0	85	15117
32	92	15118
51	96	15120
0	51	15122
31	38	15122
37	86	15123
26	60	15154
96	97	15158
34	73	15174
6	60	15176
54	80	15184
50	79	15187
74	83	15187
46	96	15193
20	60	15208
20	83	15216
87	95	15216
9	20	15237
70	98	15239
75	98	15241
94	98	15244
55	89	15245
1	97	15248
28	97	15248
13	47	15249
0	60	15250
63	81	15255
83	98	15263
84	94	15264
18	97	15273
7	78	15275
15	19	15285
56	72	15290
16	88	15299
20	72	15299
26	58	15317
20	58	15326
10	78	15341
30	66	15346
9	13	15350
26	85	15361
16	40	15382
55	85	15385
54	72	15388
41	43	15392
29	78	15395
11	92	15404
31	41	15404
55	86	15404
70	95	15417
43	70	15427
29	78	15430
9	22	15434
13	97	15443
9	72	15445
37	93	15452
14	47	15456
47	88	15458
49	51	15464
39	45	15471
7	12	15473
83	96	15479
54	73	15480
9	72	15483
72	83	15502
14	90	15511
14	57	15514
23	91	15519
55	57	15519
9	64	15537
46	72	15540
46	72	15541
42	98	15542
12	80	15545
71	96	15557
6	94	15568
55	83	15574
78	92	15581
76	78	15583
37	83	15589
50	54	15595
28	51	15599
45	95	15612
3	7	15615
29	76	15618
9	57	15623
14	83	15623
14	79	15624
51	89	15626
25	29	15630
32	60	15640
90	97	15653
39	66	15654
57	60	15659
14	56	15661
56	90	15664
2	7	15679
45	94	15693
9	96	15704
29	98	15707
8	11	15711
14	47	15717
25	60	15718
7	28	15720
47	53	15723
58	67	15724
22	69	15727
34	90	15734
42	49	15738
29	62	15741
54	73	15747
5	65	15748
63	86	15753
3	37	15757
15	72	15767
9	27	15779
36	97	15784
22	88	15785
28	53	15787
25	88	15789
28	42	15800
37	76	15808
33	40	15811
26	35	15813
34	97	15814
26	78	15823
12	49	15828
36	64	15828
37	45	15830
36	72	15832
1	13	15844
26	66	15844
54	91	15856
52	76	15859
50	54	15862
18	37	15873
15	37	15890
10	92	15902
1	19	15903
52	77	15911
47	83	15920
70	93	15920
75	89	15934
48	71	15939
47	88	15951
41	51	15959
36	50	15960
18	43	15967
83	92	15970
40	42	15978
40	91	15993
75	84	15993
36	62	16001
41	83	16007
78	94	16007
49	73	16008
53	83	16010
14	41	16012
14	46	16013
57	97	16014
47	96	16019
83	86	16024
26	71	16028
7	45	16032
80	92	16041
0	64	16047
10	62	16050
16	36	16055
14	26	16057
28	96	16059
60	80	16063
19	40	16065
27	57	16067
56	97	16069
72	92	16071
69	98	16076
10	63	16077
11	39	16082
54	98	16097
87	92	16100
19	74	16102
11	12	16105
13	85	16105
70	93	16110
11	83	16112
9	90	16127
49	51	16128
7	42	16129
39	55	16132
5	83	16142
47	49	16142
53	83	16147
58	78	16155
81	97	16156
26	78	16174
56	88	16184
7	78	16185
46	83	16185
21	41	16200
58	70	16203
22	80	16221
57	83	16222
22	50	16231
1	22	16243
14	91	16245
3	11	16266
31	44	16267
76	94	16273
72	96	16274
25	91	16275
76	79	16276
8	76	16291
29	37	16332
9	67	16334
41	97	16354
54	97	16358
28	94	16362
37	40	16362
41	77	16369
16	37	16374
8	94	16375
13	58	16399
28	72	16400
72	75	16400
4	41	16405
7	73	16405
30	61	16405
57	82	16407
97	99	16410
22	91	16414
70	98	16420
32	37	16421
9	70	16426
35	68	16429
54	97	16434
37	85	16439
53	81	16445
3	12	16452
37	85	16463
69	86	16464
94	97	16467
13	55	16472
27	96	16488
26	47	16494
12	64	16497
36	81	16511
35	68	16514
68	88	16516
53	56	16517
37	55	16522
11	57	16526
55	63	16549
14	32	16552
82	85	16566
33	36	16567
83	84	16575
15	42	16576
36	80	16579
21	74	16585
62	83	16599
97	98	16605
31	56	16607
19	96	16608
34	88	16609
69	98	16610
1	78	16611
9	37	16613
28	79	16633
88	96	16634
19	28	16644
51	83	16669
50	75	16674
37	97	16677
26	86	16685
1	85	16714
83	99	16714
52	93	16715
43	73	16717
55	88	16717
3	86	16718
35	37	16732
1	82	16736
57	62	16739
40	79	16740
23	37	16744
33	35	16745
3	96	16752
69	70	16761
19	72	16772
31	92	16774
15	33	16780
73	91	16781
16	98	16792
51	99	16794
39	83	16803
16	78	16805
33	47	16813
54	59	16815
57	92	16817
27	80	16827
38	82	16828
3	83	16856
34	46	16858
41	79	16858
75	87	16861
28	80	16862
33	58	16873
36	43	16874
46	67	16881
9	13	16882
2	26	16894
51	98	16906
2	28	16918
9	36	16920
36	77	16920
7	93	16935
9	87	16935
26	36	16935
33	56	16956
30	79	16962
53	87	16967
12	83	16972
11	74	16989
33	66	16990
5	47	16991
33	87	16995
23	47	16996
37	64	17002
8	83	17008
17	54	17017
5	21	17018
25	75	17032
4	82	17034
9	56	17079
83	97	17117
1	88	17118
16	39	17119
14	33	17123
5	28	17124
56	92	17124
18	78	17142
70	96	17144
5	98	17145
47	92	17147
15	21	17152
6	56	17154
24	83	17158
33	57	17164
42	47	17176
18	42	17178
11	67	17192
29	88	17197
15	47	17202
46	55	17206
56	61	17206
90	98	17214
31	75	17224
37	64	17262
52	55	17272
29	93	17277
12	20	17278
10	66	17282
45	57	17283
9	98	17285
38	72	17285
28	36	17298
48	67	17300
74	78	17300
75	91	17305
32	97	17312
28	74	17322
36	67	17327
47	75	17334
2	58	17342
30	45	17354
43	62	17375
26	40	17389
35	37	17392
9	36	17399
29	73	17402
83	88	17412
50	66	17413
57	72	17417
40	89	17418
14	72	17437
18	33	17440
9	97	17445
10	37	17451
19	30	17451
23	78	17458
30	88	17458
16	37	17459
30	36	17466
15	98	17467
43	45	17467
14	36	17474
42	61	17483
54	55	17492
27	72	17499
1	70	17505
44	92	17510
20	60	17525
48	83	17529
37	55	17536
25	47	17538
11	28	17540
25	80	17543
9	55	17561
53	80	17564
68	79	17572
26	79	17577
1	21	17579
23	42	17605
32	70	17608
50	67	17613
28	42	17617
55	57	17619
34	40	17631
7	73	17633
44	47	17638
22	60	17641
24	67	17641
8	55	17650
60	61	17650
11	87	17656
17	30	17661
55	83	17675
37	98	17693
53	72	17693
8	83	17696
83	95	17697
92	94	17697
52	64	17702
30	42	17704
70	72	17705
15	93	17717
14	25	17743
32	76	17746
51	86	17751
11	12	17765
33	67	17774
14	64	17780
26	28	17799
8	37	17800
28	68	17801
7	51	17802
11	55	17803
8	50	17805
20	73	17810
82	99	17814
37	49	17815
64	87	17818
34	96	17819
10	96	17824
60	92	17826
36	42	17831
10	93	17832
49	85	17832
15	91	17834
58	65	17839
32	59	17841
38	83	17844
20	58	17874
72	85	17876
9	60	17879
8	65	17880
1	8	17887
19	56	17893
25	26	17907
19	77	17908
36	55	17910
24	88	17912
47	51	17912
53	73	17913
83	91	17914
1	58	17916
22	25	17921
3	37	17938
30	99	17964
9	28	17969
52	90	17974
16	61	17979
64	75	17981
0	62	17991
28	53	17993
54	83	18001
1	5	18018
12	34	18018
24	89	18024
83	92	18025
26	31	18028
29	38	18028
26	78	18033
0	50	18039
42	94	18039
20	74	18046
7	16	18048
37	75	18049
37	83	18053
20	39	18057
26	67	18059
38	71	18061
7	41	18064
61	95	18068
48	83	18071
72	83	18097
35	36	18099
9	56	18101
29	91	18107
60	72	18123
68	70	18124
5	54	18133
64	88	18160
9	89	18165
51	66	18168
17	49	18193
33	72	18205
32	83	18206
21	86	18211
16	83	18218
26	61	18222
28	94	18233
37	66	18235
46	49	18236
3	12	18246
42	97	18250
23	26	18256
22	32	18258
21	71	18270
54	90	18274
18	50	18282
76	83	18282
11	57	18288
72	92	18291
60	83	18309
11	53	18324
26	68	18335
57	66	18343
1	55	18348
4	17	18349
72	86	18358
90	98	18360
23	24	18364
35	65	18373
28	94	18391
85	98	18394
25	41	18395
17	78	18397
66	72	18398
28	80	18406
9	75	18407
17	94	18408
14	77	18417
46	74	18417
20	61	18422
42	92	18427
3	37	18434
22	66	18439
7	60	18447
96	97	18447
4	91	18449
7	40	18454
13	26	18464
21	41	18469
12	30	18476
41	44	18479
27	49	18483
65	73	18487
13	58	18502
11	14	18503
35	36	18504
70	76	18506
42	54	18515
87	96	18525
49	71	18526
36	90	18528
83	86	18534
26	36	18537
32	68	18542
45	86	18546
56	73	18555
1	4	18567
26	58	18572
80	96	18579
9	63	18580
13	74	18580
80	91	18580
34	42	18602
32	41	18610
44	97	18613
72	94	18614
21	80	18616
38	55	18625
13	43	18627
36	93	18627
18	74	18628
26	37	18634
15	98	18639
9	20	18647
45	55	18654
37	71	18660
38	50	18661
65	71	18663
33	90	18686
11	42	18688
28	61	18707
22	49	18720
11	78	18722
83	98	18732
9	24	18736
48	83	18739
40	74	18745
29	86	18746
25	69	18748
96	97	18755
25	83	18763
72	96	18766
4	37	18769
70	72	18775
80	99	18777
9	33	18799
5	6	18800
4	41	18802
42	57	18809
4	37	18815
8	56	18816
4	33	18826
67	83	18828
42	81	18831
10	37	18834
8	77	18837
39	95	18844
25	40	18847
31	54	18854
57	86	18857
20	72	18859
9	72	18860
17	72	18865
6	70	18879
75	86	18880
47	74	18893
84	97	18893
9	83	18896
10	32	18907
83	90	18913
13	96	18915
31	54	18916
40	51	18917
14	36	18918
64	84	18923
36	70	18954
35	43	18957
21	43	18962
72	87	18973
39	41	18988
68	80	18988
38	90	18992
24	50	18993
16	52	18995
58	75	18998
9	25	19008
22	56	19013
32	40	19017
37	46	19022
28	78	19025
25	55	19033
9	20	19035
45	83	19037
51	77	19038
3	88	19046
25	61	19047
1	9	19049
2	67	19051
9	25	19062
9	79	19068
96	97	19068
11	35	19072
72	97	19079
59	93	19089
69	83	19092
19	72	19099
11	98	19105
5	97	19117
86	89	19148
55	98	19154
62	83	19154
57	65	19155
25	68	19157
24	68	19164
2	85	19165
26	28	19168
11	78	19170
55	64	19173
48	98	19176
7	21	19178
33	83	19188
5	77	19192
45	48	19195
49	97	19198
18	83	19203
23	76	19208
11	93	19212
61	93	19235
2	79	19236
68	76	19246
51	83	19251
53	82	19254
55	56	19261
35	47	19262
29	61	19264
2	42	19265
34	46	19279
11	80	19285
27	64	19304
31	62	19310
11	83	19316
12	66	19317
47	78	19324
39	71	19325
55	78	19325
19	83	19326
45	75	19329
13	39	19330
41	76	19334
19	58	19340
83	84	19346
48	62	19355
28	75	19356
57	73	19362
36	96	19365
89	91	19365
26	88	19366
83	97	19368
64	76	19375
7	54	19389
5	37	19393
23	36	19412
61	83	19413
0	60	19422
11	47	19432
52	85	19432
23	41	19436
26	57	19436
4	46	19454
55	73	19470
55	67	19471
1	57	19473
9	66	19477
1	86	19480
11	37	19492
24	57	19494
17	37	19501
44	76	19503
22	84	19505
23	84	19508
92	96	19532
96	97	19538
56	73	19539
25	47	19544
28	39	19544
47	55	19547
35	98	19549
32	36	19555
36	86	19559
28	92	19560
44	97	19565
20	83	19579
7	42	19581
37	78	19596
43	97	19613
60	93	19617
9	70	19621
2	42	19624
32	43	19625
9	33	19629
3	61	19637
63	82	19638
11	86	19639
13	70	19662
51	78	19665
51	83	19668
56	64	19669
45	79	19670
23	96	19672
54	96	19687
83	95	19692
11	83	19699
59	90	19703
1	92	19714
20	41	19722
28	97	19729
31	62	19733
0	16	19754
83	96	19756
73	97	19758
25	32	19761
63	83	19762
2	25	19766
44	58	19769
25	55	19776
40	92	19776
11	83	19779
32	47	19782
67	87	19782
1	45	19784
17	55	19785
38	83	19790
14	33	19791
9	83	19794
45	78	19796
5	85	19804
60	95	19812
25	33	19816
60	84	19824
30	53	19842
60	96	19847
73	92	19851
57	94	19854
41	76	19858
35	65	19859
44	65	19859
17	47	19863
25	57	19863
47	99	19869
0	14	19873
30	40	19876
25	35	19877
7	45	19882
3	22	19884
32	72	19891
9	98	19893
72	75	19894
28	97	19895
27	67	19897
1	24	19903
71	90	19915
28	83	19923
48	86	19928
33	68	19932
9	83	19937
44	85	19937
55	91	19937
71	83	19938
35	53	19943
58	63	19943
6	93	19948
32	44	19948
54	96	19948
11	86	19953
49	75	19954
14	77	19956
14	27	19962
18	50	19962
27	72	19984
70	96	19997
21	75	20000
