49	54	1
11	92	4
53	72	9
12	99	12
10	44	15
57	80	19
21	98	21
43	72	21
64	72	22
30	72	23
26	63	27
21	72	29
27	72	37
53	83	37
27	72	38
30	91	40
18	80	42
13	53	43
72	80	47
52	75	53
53	72	55
28	30	57
30	72	58
30	99	64
76	80	65
0	97	75
15	80	80
28	84	95
12	72	97
9	71	98
72	84	102
72	93	106
72	78	110
80	88	113
50	72	115
46	80	116
48	72	118
60	63	122
40	85	124
30	72	125
30	66	130
43	81	133
53	90	136
23	53	137
9	56	140
50	72	141
72	76	144
45	97	146
72	90	147
60	80	149
11	80	151
10	91	152
72	78	159
60	92	160
28	41	165
32	46	168
36	43	168
53	74	169
56	72	169
29	82	171
30	32	171
72	92	172
80	98	172
30	75	173
66	73	176
12	72	178
32	89	179
28	53	181
72	81	181
35	83	189
28	80	190
27	72	198
43	63	198
16	64	200
53	72	201
15	92	202
63	69	203
43	94	212
43	59	215
61	72	217
43	50	224
53	81	225
72	89	225
7	56	227
35	70	228
74	83	238
1	61	242
30	53	243
61	72	245
57	92	249
70	72	252
72	80	263
9	52	267
2	53	269
54	86	269
1	43	271
72	84	275
34	39	279
60	65	281
53	89	285
53	80	287
72	80	287
51	72	289
6	72	290
53	59	290
31	72	291
31	53	291
43	66	293
72	90	294
1	72	296
43	47	302
30	83	306
10	21	313
61	65	314
12	97	317
46	82	318
53	72	318
10	56	323
72	80	324
53	90	326
28	30	327
68	74	328
68	92	328
46	88	330
76	91	332
10	46	337
30	72	337
32	36	338
11	30	339
12	43	349
17	53	355
39	72	359
72	90	359
72	80	361
72	76	363
30	75	371
58	74	376
21	56	378
1	98	380
9	72	380
74	80	383
29	80	384
75	80	386
12	47	388
54	72	389
40	66	392
18	80	393
17	50	398
26	94	401
80	92	402
43	85	406
35	76	411
6	72	413
30	64	414
41	57	418
66	80	419
11	29	421
50	99	421
27	72	422
53	94	422
30	92	424
32	44	425
83	90	428
64	72	433
12	36	435
46	58	444
10	72	445
12	72	447
10	63	462
30	72	462
1	73	464
61	72	464
51	67	471
14	30	477
7	72	480
54	98	480
72	97	485
30	47	486
53	75	487
0	20	488
10	53	489
53	72	495
66	97	497
11	72	504
53	80	506
28	62	507
40	72	514
6	72	517
14	65	518
72	76	522
60	72	530
18	56	533
28	64	538
35	72	538
1	72	539
38	72	539
21	26	542
53	61	544
77	90	544
43	72	545
65	72	552
10	43	553
31	53	557
53	72	557
72	80	562
4	43	566
12	92	566
64	72	567
30	44	568
1	81	570
71	72	571
69	83	579
24	72	580
11	53	583
28	60	589
11	28	591
4	43	592
65	88	592
30	83	598
15	30	599
43	64	602
30	90	608
58	97	614
13	28	620
34	72	622
30	47	624
65	91	624
9	72	628
1	72	635
72	80	637
53	72	640
46	72	642
10	41	644
72	81	645
80	86	649
27	30	656
2	22	657
53	72	657
62	80	658
59	73	660
35	65	666
36	89	666
34	37	671
10	30	681
42	72	683
30	72	687
43	57	689
57	74	690
72	80	692
72	75	692
63	72	697
5	72	698
30	76	704
12	72	710
72	80	712
14	72	715
10	53	724
53	72	728
35	36	729
56	72	729
67	72	729
72	78	730
5	35	739
10	72	739
28	72	741
64	72	741
29	85	743
62	72	746
42	72	752
42	43	753
70	72	756
72	80	759
72	93	760
12	92	769
2	72	775
18	30	775
53	72	776
32	72	781
43	53	782
51	72	783
35	72	789
53	80	790
53	72	795
12	56	796
72	83	796
29	80	797
1	80	799
43	72	800
30	80	801
72	80	810
12	30	812
30	89	816
53	56	820
10	58	822
61	90	828
12	89	829
65	72	830
56	80	832
63	72	839
72	73	839
12	83	844
72	90	845
27	72	849
30	43	850
7	72	851
43	72	851
44	72	854
62	72	854
28	56	863
43	61	864
30	72	867
1	78	869
46	56	870
53	80	873
40	72	875
43	57	877
9	53	879
72	80	885
9	30	887
65	72	887
29	65	889
61	72	892
72	87	893
65	97	897
28	80	898
72	74	902
43	74	905
4	72	907
12	72	910
28	56	912
28	72	922
74	89	926
17	53	930
10	39	932
72	90	935
36	90	936
12	61	939
30	43	947
19	72	952
60	73	954
57	65	957
34	80	967
43	84	970
9	80	972
55	72	978
72	90	978
72	89	978
30	43	982
66	80	985
72	80	986
66	92	996
72	77	998
57	72	1001
11	28	1003
35	51	1005
12	65	1011
19	53	1011
10	72	1012
30	74	1012
53	72	1012
72	80	1018
72	80	1029
38	74	1033
55	72	1034
87	91	1038
53	89	1044
37	52	1051
72	80	1063
12	72	1064
18	30	1064
29	50	1064
23	72	1066
35	76	1078
80	84	1078
11	72	1080
3	98	1083
72	92	1083
53	80	1085
61	74	1092
59	80	1093
57	96	1097
30	71	1099
47	72	1099
70	72	1099
10	72	1101
72	74	1109
10	72	1111
30	46	1114
30	75	1119
30	72	1125
10	30	1126
74	90	1130
13	82	1131
11	30	1133
12	63	1136
43	85	1137
53	72	1137
72	75	1137
28	72	1142
30	35	1146
53	55	1146
41	48	1149
10	64	1150
12	37	1153
28	89	1155
9	74	1156
30	49	1161
41	72	1166
53	68	1167
10	40	1168
67	72	1169
9	30	1171
44	77	1172
4	72	1174
68	72	1185
12	43	1186
13	27	1188
10	72	1193
61	72	1194
53	74	1196
12	72	1204
23	30	1205
22	72	1210
65	86	1212
1	56	1216
12	35	1218
32	72	1218
30	72	1219
41	78	1220
43	59	1223
48	64	1224
43	53	1225
80	94	1229
37	72	1230
64	78	1231
9	80	1232
8	53	1234
11	91	1234
76	80	1241
60	61	1243
53	72	1248
21	82	1257
11	98	1258
1	72	1262
43	72	1264
30	43	1278
30	72	1280
42	61	1283
11	72	1285
59	72	1289
25	75	1291
59	72	1298
43	52	1300
10	72	1303
43	80	1304
9	85	1306
24	80	1306
57	72	1307
22	72	1312
43	94	1312
53	72	1314
53	62	1316
72	83	1318
10	72	1319
30	80	1320
72	92	1321
12	72	1333
67	90	1333
89	95	1333
1	50	1336
72	80	1336
72	94	1336
72	74	1340
60	72	1343
20	80	1344
66	67	1344
72	74	1347
28	72	1350
16	72	1351
64	78	1352
20	80	1354
30	72	1354
45	55	1357
72	97	1364
22	36	1365
28	53	1366
72	80	1366
30	63	1374
36	72	1375
12	72	1378
29	80	1379
61	72	1380
33	88	1402
90	95	1418
72	80	1419
65	72	1420
0	99	1422
12	35	1422
9	72	1429
25	72	1433
10	27	1435
35	62	1441
19	72	1442
30	72	1450
26	72	1451
30	72	1451
53	80	1452
56	66	1455
12	72	1466
10	89	1467
72	75	1467
41	47	1468
65	77	1471
72	78	1476
10	23	1483
72	84	1483
43	72	1484
43	65	1487
59	72	1494
59	80	1494
30	43	1499
66	72	1499
72	73	1499
28	72	1501
4	24	1503
72	82	1503
63	90	1505
39	43	1508
43	75	1517
30	58	1521
72	74	1528
80	99	1530
10	72	1540
54	72	1540
12	86	1541
30	94	1541
1	72	1543
50	52	1543
66	80	1543
7	63	1550
32	72	1550
73	75	1551
7	10	1555
30	72	1558
23	53	1560
30	72	1561
4	8	1563
23	43	1563
20	96	1566
30	89	1567
6	72	1569
32	53	1571
1	8	1579
28	53	1589
35	53	1591
1	58	1593
28	44	1600
53	60	1600
60	72	1601
72	78	1605
87	89	1606
3	72	1607
64	72	1607
70	96	1610
20	28	1611
33	89	1613
39	88	1613
47	65	1613
72	98	1616
0	80	1626
53	80	1631
72	94	1631
88	95	1632
35	53	1634
22	46	1637
52	80	1640
81	99	1642
9	90	1646
30	81	1646
17	30	1651
55	61	1651
16	53	1652
32	80	1653
10	90	1654
10	72	1662
64	72	1665
53	94	1669
14	72	1675
72	97	1679
36	91	1681
53	72	1683
14	91	1684
53	87	1685
80	82	1697
92	96	1699
80	81	1702
59	72	1705
11	35	1708
51	83	1711
64	72	1711
78	85	1712
30	72	1714
7	34	1715
65	72	1718
72	94	1719
54	65	1720
10	17	1724
14	89	1725
8	12	1729
72	80	1731
31	72	1740
65	72	1740
30	76	1749
71	80	1757
72	74	1757
61	86	1758
53	90	1767
12	83	1774
80	98	1775
53	72	1778
50	53	1781
5	82	1782
77	79	1783
63	72	1784
45	66	1785
72	80	1791
46	80	1794
81	94	1796
45	76	1802
53	74	1803
16	72	1804
0	30	1805
9	71	1806
89	99	1809
28	72	1815
4	72	1821
30	80	1822
1	6	1825
20	72	1825
18	68	1827
11	72	1832
6	43	1833
43	56	1833
0	90	1837
57	65	1838
29	75	1839
30	80	1846
30	98	1856
72	99	1857
10	75	1858
28	80	1861
61	72	1864
19	28	1865
72	76	1884
35	80	1885
46	72	1892
46	47	1894
53	72	1898
36	72	1902
53	76	1906
39	72	1911
53	72	1917
43	67	1919
43	74	1923
29	64	1925
1	13	1926
30	85	1926
4	80	1927
30	53	1927
57	72	1930
26	72	1938
72	95	1939
9	53	1944
43	79	1944
57	80	1944
72	80	1944
74	84	1947
29	72	1949
57	91	1952
25	43	1954
65	72	1954
43	72	1959
78	95	1960
13	63	1965
72	80	1968
72	77	1969
30	92	1970
53	72	1970
43	56	1974
53	56	1974
10	94	1978
50	83	1978
30	66	1984
0	43	1985
37	53	1987
46	80	1989
25	30	1990
53	99	1990
61	87	1999
66	72	2002
67	72	2004
65	72	2005
56	89	2007
80	89	2007
12	76	2011
61	72	2016
42	72	2023
23	53	2034
31	72	2034
32	72	2041
72	80	2046
28	53	2054
53	61	2061
53	77	2067
72	95	2068
21	72	2074
53	57	2075
43	72	2076
30	72	2077
10	72	2078
12	30	2081
0	72	2093
83	96	2093
22	72	2096
47	72	2098
29	44	2106
66	80	2109
62	95	2114
51	72	2118
73	83	2121
10	57	2124
22	28	2132
63	72	2134
17	72	2135
12	57	2137
43	72	2137
11	86	2138
43	46	2139
61	72	2140
43	45	2141
16	53	2142
39	72	2144
79	80	2145
44	74	2147
43	72	2148
43	72	2150
35	73	2152
35	72	2163
46	81	2166
65	72	2167
72	87	2171
28	32	2173
72	83	2174
39	46	2175
5	6	2176
53	72	2179
39	64	2182
72	86	2191
72	90	2194
59	80	2196
28	66	2197
24	54	2200
10	89	2203
43	67	2204
72	99	2204
65	72	2206
56	79	2207
83	90	2209
1	72	2211
33	75	2220
20	68	2247
53	72	2248
19	72	2249
43	72	2249
53	72	2251
72	92	2251
10	72	2252
25	72	2254
46	72	2257
36	80	2262
80	81	2262
30	80	2271
16	88	2274
52	97	2279
23	31	2280
80	92	2282
72	80	2284
23	72	2287
30	72	2287
67	72	2288
72	99	2289
72	99	2293
53	66	2298
30	99	2309
41	49	2311
15	46	2315
19	36	2316
72	80	2321
65	95	2322
53	76	2323
59	72	2324
72	82	2325
61	89	2329
30	72	2331
39	77	2336
23	34	2337
67	80	2339
72	83	2341
65	72	2344
39	72	2348
41	72	2351
50	53	2352
10	66	2357
72	92	2357
23	71	2360
65	72	2360
67	72	2364
49	90	2365
43	60	2366
64	72	2369
26	50	2370
4	72	2376
61	99	2378
10	72	2390
1	81	2396
63	72	2397
32	84	2399
18	35	2402
30	80	2402
12	30	2404
30	72	2404
28	83	2405
7	72	2406
43	53	2408
17	72	2414
72	89	2415
72	92	2419
12	56	2420
65	72	2420
10	65	2427
30	72	2427
72	81	2429
47	72	2433
72	97	2433
28	57	2434
9	30	2437
46	53	2437
36	72	2440
43	72	2441
53	73	2443
43	46	2445
88	95	2458
72	80	2459
21	72	2464
10	48	2465
42	76	2469
72	90	2472
30	32	2474
36	41	2491
3	72	2492
30	72	2492
9	72	2494
28	72	2497
56	57	2499
56	75	2501
48	70	2504
10	72	2509
43	72	2511
28	30	2513
35	72	2514
10	64	2528
92	95	2528
81	94	2530
17	72	2531
80	90	2532
17	49	2534
43	80	2538
43	92	2539
30	72	2541
1	51	2543
68	72	2547
1	72	2548
46	65	2566
53	72	2567
12	99	2570
6	53	2571
60	80	2574
10	12	2585
61	90	2587
6	71	2589
0	72	2592
31	82	2596
43	56	2597
41	90	2599
4	72	2601
24	30	2603
72	89	2607
31	88	2612
10	43	2615
9	69	2617
46	81	2620
9	30	2622
53	72	2623
28	53	2631
53	81	2633
43	82	2634
50	72	2635
53	56	2635
53	63	2641
54	72	2642
70	72	2643
53	99	2649
57	81	2650
72	74	2656
53	72	2658
67	72	2660
67	74	2662
53	72	2664
30	47	2665
89	99	2669
30	56	2670
5	7	2673
27	91	2676
30	72	2676
10	83	2678
43	72	2686
59	72	2688
29	72	2691
2	72	2697
30	84	2699
42	43	2700
29	79	2702
59	65	2709
43	72	2712
53	72	2715
64	99	2726
10	50	2728
72	90	2730
3	65	2740
56	80	2743
66	85	2744
56	72	2747
32	72	2753
10	41	2755
61	72	2756
43	61	2757
8	58	2763
12	64	2764
38	72	2771
43	80	2771
9	29	2775
5	25	2783
14	91	2784
29	52	2786
72	80	2789
78	88	2794
53	98	2800
72	80	2800
1	72	2803
22	72	2803
19	43	2807
72	79	2812
12	72	2813
6	72	2814
7	35	2818
72	95	2822
29	90	2828
16	43	2829
40	61	2831
12	46	2832
72	80	2840
9	72	2842
12	57	2842
43	82	2846
43	49	2848
72	96	2854
2	12	2855
6	35	2861
41	72	2864
9	55	2867
96	97	2878
48	72	2882
72	80	2883
64	72	2890
41	72	2893
33	72	2895
27	74	2896
0	56	2898
12	89	2899
28	65	2901
53	97	2901
12	53	2902
43	61	2904
10	97	2905
65	90	2914
72	75	2914
30	72	2915
25	72	2916
40	82	2920
30	64	2922
68	88	2930
72	80	2933
53	92	2936
53	93	2936
15	65	2939
53	72	2939
60	72	2939
2	72	2940
72	96	2944
53	58	2945
9	10	2951
64	72	2953
41	99	2960
30	61	2965
18	37	2976
12	75	2981
12	72	2984
29	72	2984
42	98	2984
72	89	2984
29	72	2987
12	96	2988
11	53	2989
12	28	2993
30	72	2993
17	49	2994
35	84	2995
30	39	2996
43	72	3000
72	99	3001
65	72	3007
1	89	3010
4	72	3010
43	72	3010
64	72	3010
30	53	3015
28	53	3017
29	72	3019
72	80	3019
56	72	3024
46	53	3025
3	35	3029
77	96	3030
2	19	3034
20	97	3034
1	72	3039
18	72	3039
65	72	3040
72	78	3040
23	73	3048
23	89	3052
54	70	3053
10	68	3062
43	72	3063
44	72	3066
56	65	3067
9	72	3069
12	72	3069
40	80	3072
43	54	3073
34	72	3074
64	98	3078
70	75	3078
72	73	3078
76	89	3078
67	72	3085
60	72	3092
72	86	3094
40	78	3101
88	89	3101
43	72	3102
46	85	3106
1	30	3109
9	56	3114
1	25	3123
57	72	3123
5	72	3126
23	72	3127
11	63	3139
12	97	3139
28	72	3143
53	72	3149
30	72	3150
74	83	3155
10	20	3157
72	80	3157
7	92	3158
10	53	3158
2	37	3163
30	61	3163
16	30	3167
12	72	3169
12	24	3170
24	98	3170
72	89	3173
30	92	3177
53	76	3180
62	72	3185
53	72	3189
72	86	3189
28	72	3190
19	59	3191
57	80	3194
30	94	3214
23	65	3217
72	80	3219
11	72	3221
8	92	3229
30	72	3233
30	81	3236
8	12	3237
25	72	3239
53	80	3239
53	72	3241
72	74	3244
72	87	3246
21	72	3250
21	43	3251
19	72	3260
9	86	3261
28	30	3261
30	72	3261
38	80	3261
63	64	3261
91	97	3261
12	16	3263
0	72	3264
32	59	3273
53	72	3273
43	89	3283
1	72	3285
5	80	3287
10	72	3287
45	90	3292
50	72	3293
72	86	3294
30	74	3295
41	72	3296
37	72	3300
92	94	3302
12	80	3303
43	92	3305
10	23	3306
61	87	3321
72	88	3328
53	90	3333
30	72	3338
80	90	3339
28	53	3344
16	43	3347
11	72	3348
45	76	3353
12	30	3355
53	90	3359
53	99	3359
30	72	3360
80	88	3367
43	72	3372
53	72	3372
27	36	3378
1	12	3382
43	53	3387
72	80	3387
39	72	3388
43	72	3388
4	43	3391
44	80	3393
72	84	3393
9	74	3396
25	63	3397
53	94	3397
48	90	3399
61	94	3402
72	94	3402
12	60	3409
30	72	3414
48	99	3414
39	72	3416
72	80	3418
28	72	3419
83	86	3419
1	59	3423
41	72	3426
28	44	3427
65	71	3428
17	80	3434
73	78	3436
65	72	3439
53	72	3449
4	59	3452
29	72	3453
29	36	3455
29	43	3457
60	72	3458
72	75	3458
12	30	3463
44	94	3469
10	28	3472
23	74	3473
43	44	3473
53	92	3473
72	80	3473
76	79	3474
72	80	3475
72	90	3475
43	72	3477
13	59	3479
30	72	3479
4	44	3480
72	74	3482
71	72	3484
74	83	3484
74	91	3486
4	72	3487
59	84	3489
72	80	3493
18	72	3496
12	90	3499
72	74	3501
86	99	3502
10	64	3509
44	72	3512
44	94	3513
65	97	3513
17	32	3517
28	72	3521
57	72	3525
72	80	3527
1	90	3535
1	49	3536
55	99	3540
30	90	3542
72	80	3545
80	83	3547
30	91	3548
57	72	3548
43	86	3549
10	55	3554
28	43	3554
30	72	3555
30	72	3561
0	72	3573
25	72	3576
9	74	3578
72	90	3584
36	80	3588
76	92	3592
72	79	3594
69	80	3602
49	72	3607
72	77	3615
57	72	3618
12	80	3619
52	72	3619
29	72	3622
72	73	3624
24	38	3628
73	80	3628
79	98	3634
30	47	3635
56	62	3636
72	75	3638
57	80	3640
10	72	3642
30	42	3646
61	74	3646
22	72	3652
44	65	3657
56	58	3661
30	74	3666
43	72	3668
10	84	3669
12	72	3670
53	75	3674
72	80	3674
42	72	3676
46	72	3677
53	65	3679
11	55	3680
61	72	3680
2	72	3684
60	72	3689
64	72	3689
33	80	3690
53	72	3692
53	61	3693
75	83	3693
12	57	3694
57	60	3695
72	78	3702
61	72	3707
30	77	3708
51	65	3709
36	99	3711
18	72	3714
12	72	3720
41	43	3726
30	90	3734
53	72	3734
43	53	3735
3	36	3736
58	83	3736
72	76	3742
12	72	3744
72	80	3745
40	72	3748
48	72	3748
57	83	3749
65	72	3758
30	35	3765
35	51	3771
19	76	3774
65	82	3777
72	98	3777
53	72	3781
72	89	3784
53	72	3791
65	80	3794
43	98	3797
12	64	3799
53	72	3800
5	72	3805
46	80	3812
43	99	3818
12	72	3826
9	45	3831
30	53	3832
72	81	3836
72	90	3842
12	89	3846
43	67	3848
14	69	3849
30	72	3849
36	80	3849
72	80	3849
1	72	3853
72	97	3856
29	72	3861
43	88	3862
61	92	3866
72	82	3866
88	95	3868
80	81	3872
53	72	3875
30	59	3880
57	72	3880
13	56	3881
56	72	3881
13	65	3885
30	72	3889
53	80	3892
30	72	3900
30	56	3905
12	30	3906
28	80	3906
76	99	3911
23	72	3915
23	90	3916
7	72	3917
28	53	3918
10	53	3921
15	72	3923
28	72	3927
59	72	3928
30	33	3930
16	49	3933
28	90	3934
10	72	3936
16	40	3946
40	54	3950
66	97	3953
53	77	3954
43	54	3958
26	72	3962
61	65	3964
46	77	3967
21	60	3979
12	72	3981
6	30	3983
72	74	3985
75	89	3987
2	72	3995
43	72	3995
12	72	3996
26	50	3997
12	84	3998
36	72	4001
38	94	4001
10	77	4006
12	72	4006
4	23	4009
19	65	4009
17	72	4012
46	72	4012
40	69	4013
62	83	4019
65	72	4019
59	99	4021
72	97	4023
15	54	4025
30	53	4027
30	92	4034
98	99	4035
22	65	4039
28	72	4039
10	80	4042
18	89	4044
72	73	4046
53	93	4051
66	77	4053
17	61	4054
4	29	4057
28	53	4057
13	74	4058
6	80	4061
89	97	4061
32	80	4066
29	85	4070
30	73	4070
38	72	4074
13	66	4080
18	72	4081
38	43	4082
43	53	4083
12	72	4084
14	31	4089
30	72	4098
10	72	4100
72	83	4103
72	89	4104
29	83	4106
60	69	4112
1	53	4113
57	74	4124
73	76	4129
43	72	4130
3	94	4132
43	72	4132
10	72	4135
46	77	4135
12	72	4137
25	74	4140
64	92	4140
48	72	4141
2	56	4142
3	94	4143
80	94	4143
28	72	4144
2	27	4146
53	84	4150
72	80	4154
30	92	4158
30	56	4161
72	82	4162
69	80	4165
38	60	4167
31	53	4174
72	95	4176
60	65	4180
9	72	4187
10	72	4187
72	83	4190
5	30	4194
1	72	4195
6	80	4199
92	99	4200
97	99	4202
72	74	4205
11	72	4206
25	72	4206
53	65	4207
53	65	4208
30	82	4210
2	89	4212
10	30	4216
74	80	4222
61	73	4224
61	72	4225
38	72	4227
50	69	4227
10	72	4229
12	63	4231
9	83	4232
39	95	4236
13	37	4238
10	28	4239
43	48	4241
12	30	4248
28	98	4248
57	80	4251
72	80	4251
26	27	4255
10	53	4256
10	39	4258
78	95	4259
17	53	4261
60	72	4261
10	89	4265
45	72	4267
11	90	4270
65	72	4270
83	86	4271
10	72	4275
72	83	4276
23	77	4279
16	64	4281
30	72	4285
30	72	4287
30	74	4288
39	72	4293
8	72	4299
72	80	4299
11	88	4301
48	72	4301
80	89	4305
72	80	4306
18	74	4313
72	80	4313
19	43	4314
64	79	4314
12	30	4319
1	33	4323
53	88	4323
1	72	4324
12	30	4328
72	91	4334
72	99	4335
28	80	4338
58	72	4341
12	64	4346
30	53	4348
56	99	4348
72	89	4351
73	80	4352
54	99	4354
20	72	4362
57	61	4363
71	72	4364
6	48	4367
63	72	4368
20	28	4380
67	86	4386
80	84	4390
12	46	4391
30	72	4394
39	94	4396
27	69	4398
34	72	4398
21	99	4403
23	45	4404
70	77	4405
13	32	4406
72	90	4407
61	72	4408
72	80	4412
36	72	4415
53	72	4422
72	80	4422
27	53	4425
45	53	4430
72	98	4432
30	86	4435
53	72	4435
61	72	4448
1	56	4453
30	88	4459
43	72	4465
22	70	4471
37	43	4472
43	72	4472
72	94	4476
65	72	4477
1	46	4481
72	83	4481
53	90	4486
72	77	4490
32	72	4491
1	96	4494
24	72	4494
66	76	4502
19	30	4504
36	84	4506
1	32	4509
46	72	4514
72	99	4514
72	94	4514
90	96	4515
35	72	4528
43	72	4538
45	80	4544
28	53	4552
10	56	4553
46	89	4555
30	71	4556
72	90	4558
53	72	4561
57	72	4563
72	73	4566
12	52	4567
87	94	4568
72	80	4571
72	87	4571
4	53	4575
30	50	4576
59	68	4579
35	80	4581
10	80	4583
32	52	4583
43	80	4585
53	72	4586
29	75	4589
38	72	4593
53	99	4594
2	39	4595
19	30	4599
28	34	4599
80	85	4600
53	72	4601
30	53	4602
72	82	4606
10	28	4608
12	36	4612
7	61	4613
19	30	4613
5	65	4619
80	90	4619
43	92	4622
10	67	4627
32	72	4636
33	99	4640
20	57	4644
10	43	4646
21	50	4648
38	42	4648
80	84	4649
32	65	4650
9	99	4651
65	99	4651
73	78	4655
7	93	4657
25	72	4662
71	74	4668
24	57	4678
15	43	4681
61	68	4681
12	98	4682
19	28	4684
30	51	4695
80	99	4706
53	80	4710
59	62	4715
87	88	4715
9	73	4716
57	72	4717
12	72	4719
53	95	4720
12	72	4723
72	80	4732
40	72	4737
43	72	4747
30	54	4749
30	36	4761
72	87	4764
23	40	4765
53	76	4768
11	27	4777
30	86	4778
27	83	4784
12	45	4787
52	72	4789
12	29	4796
53	99	4801
29	72	4806
71	90	4806
12	38	4807
30	95	4808
1	72	4812
64	74	4812
12	72	4815
30	72	4815
3	43	4816
52	72	4818
72	90	4825
18	43	4828
28	86	4831
24	30	4833
42	72	4837
30	84	4839
57	76	4839
71	72	4839
11	58	4841
72	89	4842
44	61	4844
70	72	4845
19	88	4847
40	89	4852
64	72	4853
3	72	4858
53	92	4860
31	72	4862
72	81	4868
56	85	4869
21	72	4870
50	72	4880
30	44	4881
28	72	4883
53	57	4884
72	77	4884
1	9	4892
65	72	4892
12	72	4898
30	42	4904
41	57	4908
14	72	4911
72	90	4911
43	73	4914
30	90	4916
52	53	4917
10	72	4920
11	80	4922
1	53	4925
72	80	4925
56	58	4927
10	64	4929
35	93	4932
72	80	4933
12	53	4934
43	52	4936
24	72	4937
12	53	4945
18	85	4945
39	72	4950
72	89	4954
46	53	4955
53	72	4955
65	72	4962
11	72	4965
72	82	4965
3	15	4966
29	72	4968
22	72	4969
53	72	4979
7	41	4983
72	99	4992
20	65	4998
39	83	4998
39	83	5000
24	95	5001
57	80	5001
53	72	5005
59	72	5008
72	82	5009
10	73	5010
35	72	5015
71	84	5016
34	94	5019
28	72	5022
64	76	5027
72	94	5030
30	53	5032
39	89	5034
24	47	5035
25	72	5037
70	97	5038
81	97	5041
31	98	5042
32	57	5045
30	57	5046
72	83	5046
60	72	5049
28	99	5050
11	80	5052
39	72	5055
53	56	5057
72	86	5057
18	30	5058
30	44	5058
30	77	5061
12	86	5063
59	72	5064
28	57	5069
50	69	5071
78	80	5071
84	86	5072
23	27	5075
72	92	5080
45	72	5087
23	29	5089
30	72	5096
53	74	5096
80	89	5097
59	74	5102
22	34	5107
13	30	5109
17	74	5114
46	72	5115
72	89	5115
5	72	5118
10	85	5118
72	99	5119
7	80	5122
30	83	5123
69	72	5124
12	53	5127
41	72	5134
30	78	5137
23	72	5144
72	80	5146
57	72	5153
30	72	5157
64	72	5163
12	90	5166
32	72	5168
75	88	5169
55	72	5170
64	97	5172
72	83	5172
40	53	5173
30	72	5174
72	80	5174
30	72	5175
53	65	5178
23	28	5183
43	72	5183
15	80	5186
30	46	5190
86	94	5193
46	57	5199
28	53	5201
74	98	5209
75	80	5212
43	49	5219
36	90	5225
51	72	5226
56	79	5240
72	94	5245
26	49	5254
9	29	5256
40	60	5261
30	53	5264
72	89	5265
1	87	5266
30	72	5267
53	66	5274
12	72	5277
56	72	5281
58	84	5294
28	80	5295
29	81	5297
72	80	5298
45	69	5300
72	79	5300
53	72	5305
11	99	5308
72	92	5310
35	72	5311
40	72	5313
67	72	5315
43	80	5320
12	30	5322
30	87	5323
86	99	5326
12	30	5328
57	80	5330
53	80	5332
12	46	5342
57	92	5342
56	72	5344
43	72	5348
46	72	5348
23	72	5355
28	57	5359
72	74	5359
53	72	5361
72	99	5365
28	72	5366
28	80	5372
35	57	5375
64	94	5378
35	65	5380
1	72	5386
2	53	5386
10	72	5386
28	72	5390
66	72	5390
72	88	5392
37	94	5397
20	65	5398
51	72	5404
46	72	5405
72	87	5405
39	64	5406
22	28	5407
10	98	5417
12	72	5418
53	72	5422
0	72	5424
71	73	5426
65	90	5428
72	90	5428
55	72	5429
28	80	5433
12	53	5434
30	72	5434
80	83	5439
72	83	5444
72	86	5447
23	66	5448
1	82	5449
26	61	5451
54	72	5452
32	72	5455
4	99	5458
30	75	5465
26	52	5467
25	43	5468
12	72	5469
17	72	5469
4	95	5470
29	92	5471
52	72	5480
41	53	5482
62	80	5484
56	72	5486
72	93	5492
25	85	5493
12	53	5498
83	94	5500
5	73	5502
58	61	5504
53	72	5509
46	56	5510
8	92	5514
45	94	5514
80	95	5517
35	46	5518
30	81	5520
64	72	5520
53	72	5530
10	72	5532
10	53	5532
46	89	5536
57	72	5536
44	53	5537
30	72	5542
50	78	5544
22	65	5548
9	72	5549
12	92	5565
22	81	5573
30	72	5574
13	72	5576
72	80	5577
30	53	5579
12	53	5584
4	53	5586
67	81	5586
53	64	5591
72	89	5591
72	99	5593
1	57	5597
53	89	5604
12	72	5606
0	12	5614
30	72	5615
80	85	5616
65	71	5622
45	87	5624
11	30	5626
72	92	5627
32	86	5629
39	61	5629
59	72	5630
72	96	5630
43	80	5632
1	74	5633
9	72	5638
53	72	5641
0	86	5645
53	90	5646
53	75	5647
10	72	5648
72	95	5650
43	70	5658
30	72	5667
28	72	5672
48	72	5676
23	65	5678
85	97	5679
10	72	5684
80	90	5684
58	73	5685
60	72	5688
30	81	5693
43	72	5696
67	75	5696
53	72	5699
10	72	5700
72	81	5700
34	72	5703
30	99	5705
9	34	5718
30	43	5723
10	72	5728
50	57	5728
61	80	5729
30	80	5738
7	23	5744
28	83	5746
26	67	5752
12	92	5753
12	23	5753
16	92	5754
60	72	5754
36	88	5761
43	44	5767
72	84	5767
53	55	5770
72	80	5774
31	83	5779
49	72	5781
53	72	5781
21	53	5782
12	72	5787
44	72	5787
2	29	5791
37	92	5791
62	99	5791
28	58	5794
49	63	5797
65	92	5798
72	86	5803
72	83	5807
24	80	5812
53	90	5814
41	80	5817
10	12	5822
70	72	5823
54	62	5825
53	72	5833
43	53	5837
9	90	5838
82	85	5840
24	30	5842
22	30	5847
72	87	5849
34	80	5850
1	80	5854
74	75	5855
1	47	5859
53	72	5860
12	81	5865
57	72	5866
74	90	5870
43	48	5873
12	51	5876
17	72	5876
36	72	5876
1	93	5883
21	29	5883
53	72	5888
22	72	5892
56	99	5893
33	72	5896
17	72	5897
56	72	5897
72	89	5898
35	86	5905
42	72	5908
43	80	5909
12	76	5910
31	64	5910
10	72	5923
10	80	5925
56	72	5928
30	53	5930
53	72	5932
80	85	5935
68	80	5937
74	90	5937
60	65	5938
12	72	5939
72	75	5939
39	72	5942
11	99	5943
9	74	5952
72	74	5952
21	72	5957
30	56	5958
72	78	5959
65	72	5961
54	64	5966
10	57	5971
72	99	5989
1	65	5991
30	84	5991
72	80	5991
56	72	5993
23	75	5999
80	94	6000
1	64	6002
31	53	6002
47	74	6002
19	72	6003
30	53	6005
10	57	6009
4	72	6010
24	91	6011
6	12	6013
67	89	6014
21	89	6016
72	81	6020
25	72	6021
53	92	6021
36	94	6022
35	72	6023
43	72	6024
48	72	6024
2	99	6027
76	80	6028
30	43	6032
23	80	6034
10	72	6035
72	85	6038
30	80	6041
72	80	6043
33	97	6045
12	72	6046
53	88	6050
28	80	6053
52	77	6054
30	53	6062
72	80	6072
30	32	6073
6	16	6074
30	72	6079
1	10	6082
43	72	6084
9	80	6085
75	85	6085
35	72	6087
30	58	6089
28	72	6098
30	72	6101
30	45	6102
33	92	6105
72	97	6107
19	80	6111
55	72	6115
80	94	6117
54	72	6118
10	71	6123
4	72	6130
61	68	6133
61	85	6141
11	72	6147
69	72	6147
53	80	6151
40	57	6156
28	32	6159
28	72	6160
36	43	6165
24	53	6170
43	99	6172
61	72	6176
34	40	6178
72	81	6181
66	74	6183
43	95	6185
51	72	6186
26	72	6187
12	30	6188
55	72	6191
53	72	6198
21	72	6201
1	66	6211
30	43	6214
30	65	6214
61	76	6214
9	72	6216
89	92	6216
30	72	6219
53	72	6219
65	92	6219
0	95	6220
17	72	6221
37	87	6221
50	53	6227
84	91	6233
30	65	6235
30	58	6238
47	60	6243
30	34	6245
51	64	6248
27	72	6249
9	30	6252
23	74	6258
72	78	6258
7	65	6261
65	72	6263
27	74	6264
29	56	6270
12	72	6271
22	28	6273
29	79	6274
17	43	6276
24	83	6280
4	72	6283
10	97	6284
12	72	6292
66	72	6294
28	72	6295
71	83	6300
43	72	6310
23	62	6312
63	72	6312
35	67	6316
43	72	6319
72	92	6321
29	62	6322
24	30	6325
53	72	6326
72	75	6330
72	94	6330
30	72	6332
28	94	6333
23	72	6334
61	72	6334
26	28	6335
29	95	6338
40	54	6340
74	91	6343
30	80	6346
5	72	6347
55	72	6361
57	75	6364
72	99	6365
57	69	6373
53	72	6380
72	90	6381
10	72	6383
43	95	6389
0	72	6392
34	72	6395
9	72	6399
53	97	6407
36	62	6415
36	46	6419
10	97	6422
90	99	6422
28	60	6425
5	43	6428
12	30	6435
72	92	6436
4	72	6440
12	24	6442
8	72	6444
9	43	6444
80	96	6447
72	78	6449
30	43	6453
30	72	6455
46	72	6459
44	67	6461
9	72	6468
1	56	6471
0	83	6475
34	46	6475
12	19	6476
28	92	6480
72	73	6491
43	72	6492
72	80	6495
39	84	6496
11	12	6497
72	74	6497
43	72	6498
72	81	6498
53	72	6501
6	90	6508
18	30	6510
35	72	6511
56	72	6514
31	80	6516
10	80	6517
1	80	6519
18	72	6519
59	72	6526
80	83	6530
13	81	6533
17	56	6534
12	72	6536
49	94	6539
15	79	6544
10	65	6551
28	31	6553
39	59	6556
50	53	6557
72	81	6566
72	94	6567
30	72	6572
72	80	6574
41	53	6577
53	72	6578
43	72	6579
45	56	6583
60	75	6584
28	77	6586
53	80	6587
30	53	6589
2	80	6593
28	80	6594
50	76	6594
10	53	6596
2	72	6598
53	72	6601
37	72	6606
30	36	6613
12	57	6616
30	72	6616
38	41	6622
57	98	6625
39	72	6626
13	72	6629
21	30	6629
12	63	6638
30	53	6639
72	80	6639
65	72	6640
42	53	6643
72	92	6643
12	30	6650
10	20	6651
30	74	6652
48	80	6658
59	94	6659
65	72	6659
12	53	6662
30	57	6668
41	72	6670
9	72	6676
12	30	6677
56	72	6677
22	72	6682
7	72	6686
30	62	6694
30	57	6698
47	72	6700
11	72	6703
37	59	6707
47	68	6721
17	70	6726
43	72	6731
30	72	6732
43	53	6732
72	92	6735
30	53	6736
32	72	6741
16	99	6743
3	82	6746
15	32	6752
71	93	6756
39	80	6757
31	73	6758
28	39	6759
24	36	6762
41	72	6764
11	92	6765
45	96	6765
30	80	6766
63	64	6769
72	80	6769
1	67	6776
25	56	6776
18	61	6777
28	74	6778
21	30	6782
22	40	6783
61	77	6785
72	81	6786
45	56	6790
10	72	6791
30	75	6793
1	72	6797
36	72	6797
43	82	6800
44	81	6801
72	94	6802
72	80	6809
28	80	6812
69	92	6814
72	80	6816
41	43	6817
72	87	6821
49	72	6826
10	23	6828
35	72	6828
30	89	6831
53	72	6837
9	59	6838
28	30	6838
30	76	6843
41	72	6844
57	64	6847
27	72	6848
33	72	6848
65	72	6850
72	99	6853
14	96	6858
30	60	6858
60	80	6860
28	30	6863
43	80	6864
2	30	6865
66	98	6865
72	91	6868
12	72	6870
30	55	6872
9	72	6873
18	30	6874
25	72	6874
10	72	6877
54	72	6878
12	80	6879
50	65	6879
55	72	6880
72	92	6881
39	43	6883
37	62	6887
41	80	6887
25	87	6888
63	72	6888
10	72	6890
61	65	6894
77	97	6895
72	81	6896
65	72	6907
81	85	6908
1	53	6915
26	74	6915
15	40	6916
43	72	6920
72	75	6925
72	80	6927
62	72	6931
49	72	6933
12	90	6941
43	72	6944
23	72	6953
54	64	6957
12	32	6960
39	80	6960
21	72	6966
33	74	6966
18	52	6968
40	72	6984
53	81	6984
72	89	6984
43	53	6986
72	80	6987
10	57	6989
40	72	6990
62	90	6991
53	72	6992
10	46	7004
52	53	7004
34	72	7007
72	99	7007
39	80	7008
57	72	7016
72	80	7018
61	74	7021
53	78	7022
2	70	7023
30	72	7027
72	90	7028
7	72	7032
12	59	7034
10	49	7040
40	57	7040
10	72	7043
64	75	7044
72	80	7045
8	72	7046
40	88	7046
80	86	7047
4	34	7049
53	62	7050
10	72	7055
66	72	7055
8	72	7068
48	72	7069
43	72	7072
32	43	7075
34	72	7076
72	77	7077
11	72	7078
53	97	7092
27	41	7101
29	90	7103
16	72	7108
10	36	7110
30	96	7110
15	72	7111
72	99	7116
61	72	7119
19	53	7120
57	95	7121
53	72	7123
39	53	7127
4	60	7128
7	42	7128
30	83	7131
43	72	7132
17	54	7133
28	72	7136
43	82	7142
12	44	7143
72	94	7143
41	72	7145
72	88	7146
72	83	7147
59	72	7153
22	96	7157
6	53	7159
44	72	7164
53	72	7169
53	79	7170
21	92	7172
87	90	7176
23	72	7178
48	80	7181
10	96	7193
19	36	7195
18	30	7197
61	65	7199
30	63	7204
64	68	7205
25	74	7207
14	94	7210
12	52	7211
34	56	7213
47	72	7213
28	51	7214
62	72	7214
72	94	7214
43	72	7215
43	72	7216
30	72	7217
4	83	7218
49	99	7218
28	53	7220
72	80	7223
91	96	7223
72	98	7230
73	76	7230
8	72	7233
23	72	7239
72	94	7247
64	72	7250
17	72	7251
61	72	7253
6	10	7259
72	75	7259
64	66	7260
61	92	7262
19	46	7264
72	94	7264
30	72	7265
53	72	7266
5	96	7269
43	51	7271
65	72	7271
10	72	7278
10	12	7282
53	72	7290
59	69	7295
53	72	7299
26	72	7305
61	72	7305
72	92	7306
27	96	7314
80	98	7314
50	72	7315
72	94	7317
72	91	7321
21	72	7322
29	59	7322
22	54	7326
65	72	7330
53	72	7331
69	76	7336
72	82	7336
53	87	7337
72	83	7337
20	90	7343
18	72	7344
13	65	7346
72	79	7346
35	45	7352
55	80	7352
23	43	7354
28	72	7354
28	97	7356
72	81	7361
30	72	7363
18	24	7365
40	72	7365
28	49	7366
53	72	7371
80	94	7374
76	92	7375
72	74	7376
44	53	7378
72	86	7378
53	72	7379
72	80	7383
29	30	7393
56	72	7401
61	72	7403
39	43	7404
65	72	7408
43	87	7410
92	99	7413
18	39	7416
10	74	7424
72	89	7424
70	72	7425
7	72	7430
12	53	7435
54	72	7441
30	72	7442
43	85	7443
67	72	7445
46	72	7451
51	97	7452
72	94	7452
36	83	7454
53	80	7456
5	30	7458
29	72	7458
9	10	7459
24	43	7465
29	80	7466
57	72	7467
15	37	7468
83	99	7469
72	80	7473
28	72	7474
57	72	7479
43	72	7483
10	53	7486
46	72	7488
30	43	7493
53	72	7494
8	72	7495
46	53	7498
72	90	7499
21	72	7510
24	72	7510
10	59	7519
72	80	7530
10	46	7533
53	67	7533
12	25	7550
46	76	7553
70	72	7556
43	90	7557
72	81	7557
48	97	7560
64	92	7560
35	72	7561
12	92	7562
58	85	7565
67	72	7565
66	72	7566
16	18	7567
43	79	7571
53	94	7572
43	65	7575
65	72	7575
72	91	7579
61	72	7580
43	72	7582
19	28	7584
43	74	7584
30	72	7586
12	72	7587
80	96	7588
41	72	7591
28	46	7593
66	72	7593
74	90	7593
46	72	7594
9	58	7598
74	80	7599
43	72	7600
30	36	7604
36	72	7605
4	30	7609
43	57	7613
43	81	7617
44	89	7624
32	48	7625
10	13	7628
10	57	7630
11	56	7631
80	82	7635
25	72	7639
6	99	7641
20	84	7641
43	72	7644
37	47	7667
54	72	7667
46	66	7671
29	70	7672
30	94	7675
72	80	7676
28	64	7677
12	80	7684
9	29	7685
12	72	7685
30	53	7691
54	72	7705
12	73	7707
36	73	7712
72	87	7717
11	72	7718
10	72	7719
7	72	7721
12	72	7723
49	72	7725
72	86	7731
18	41	7734
35	45	7734
72	86	7734
13	72	7739
15	41	7739
30	84	7743
5	72	7748
72	80	7751
72	86	7751
18	73	7752
72	80	7757
84	85	7758
30	80	7759
22	84	7761
35	72	7762
72	80	7763
53	72	7764
1	65	7769
53	72	7771
53	72	7778
43	73	7779
72	90	7779
27	94	7785
30	72	7786
53	90	7786
1	80	7787
65	92	7792
94	99	7794
6	77	7802
53	72	7809
11	53	7816
30	46	7818
10	72	7820
40	89	7820
80	81	7827
12	32	7829
63	72	7836
42	72	7840
11	72	7842
30	49	7843
12	43	7845
82	90	7847
53	72	7860
10	72	7864
52	72	7865
46	90	7870
46	95	7872
43	87	7873
11	72	7876
72	79	7876
10	72	7877
6	76	7881
43	57	7887
30	72	7889
53	89	7892
29	72	7895
57	96	7898
62	69	7902
21	72	7913
18	72	7917
39	72	7921
28	72	7924
23	50	7927
2	99	7928
36	53	7928
56	79	7930
30	72	7934
12	57	7937
53	72	7939
12	67	7942
56	90	7944
53	72	7945
72	81	7951
30	72	7959
72	97	7959
43	80	7966
74	80	7969
72	84	7976
33	80	7978
1	30	7980
15	72	7980
18	56	7980
30	46	7980
30	50	7984
56	57	7986
10	46	7990
24	43	7995
36	54	8000
19	72	8001
10	74	8003
53	79	8006
10	16	8007
43	72	8010
30	72	8015
30	91	8018
0	10	8021
53	72	8028
1	53	8033
1	80	8037
4	89	8040
60	72	8042
17	47	8045
8	80	8053
57	72	8054
14	47	8056
72	84	8057
72	73	8058
25	72	8060
12	14	8064
66	72	8065
29	53	8069
30	60	8071
10	53	8075
61	98	8076
32	43	8081
10	72	8082
20	63	8083
50	53	8087
81	89	8090
61	83	8092
10	80	8094
2	97	8100
35	82	8103
24	43	8106
57	80	8107
72	80	8113
22	72	8114
41	44	8122
53	85	8122
10	65	8123
72	89	8123
80	87	8125
72	92	8133
80	86	8134
43	72	8139
32	81	8142
1	72	8143
72	90	8144
90	97	8144
72	91	8147
38	72	8153
53	72	8157
43	76	8166
75	79	8170
72	80	8171
61	80	8172
61	97	8178
9	72	8183
42	61	8187
23	90	8192
65	72	8196
61	90	8198
9	73	8199
49	72	8199
20	65	8201
53	72	8201
65	70	8209
67	74	8212
53	72	8215
16	72	8216
53	69	8216
10	72	8217
27	72	8220
53	92	8220
53	72	8221
72	80	8224
13	57	8225
9	53	8227
27	72	8233
63	72	8238
0	99	8245
52	72	8246
41	72	8248
53	62	8249
30	72	8252
58	72	8254
43	72	8255
10	59	8258
40	72	8262
18	46	8265
53	72	8265
22	97	8269
53	95	8269
35	72	8270
60	82	8272
12	66	8278
37	80	8281
72	99	8282
33	92	8287
72	80	8288
53	89	8292
43	80	8293
48	75	8295
66	81	8298
61	67	8302
72	74	8313
43	80	8320
46	72	8321
56	72	8322
72	74	8324
1	9	8325
12	98	8325
29	53	8327
12	72	8334
30	74	8336
61	72	8336
53	65	8340
53	89	8342
20	72	8345
10	72	8347
64	72	8348
11	72	8353
32	72	8357
28	90	8358
23	72	8364
12	85	8367
72	94	8372
10	75	8373
6	59	8376
65	72	8380
12	72	8382
80	97	8394
26	72	8398
67	72	8398
50	83	8401
1	72	8408
53	72	8413
23	72	8417
30	73	8417
62	75	8421
47	53	8425
43	80	8430
72	97	8430
66	72	8433
4	80	8437
4	64	8438
11	65	8439
28	75	8454
74	80	8456
40	93	8457
28	53	8461
72	98	8462
53	72	8477
43	72	8479
56	72	8480
80	90	8483
2	43	8485
57	72	8485
53	72	8486
45	72	8488
50	80	8488
53	99	8490
30	51	8495
30	72	8497
3	80	8498
28	72	8498
54	81	8499
72	99	8499
12	44	8500
8	72	8501
30	72	8502
46	72	8502
53	72	8505
46	72	8509
72	90	8511
5	72	8513
32	89	8513
53	75	8516
12	72	8518
30	43	8525
72	79	8527
5	80	8528
79	87	8529
80	97	8532
12	68	8534
72	89	8534
22	97	8539
72	80	8540
14	83	8542
28	90	8543
29	55	8544
28	70	8547
86	94	8548
12	53	8550
12	80	8551
29	72	8551
64	72	8552
71	72	8553
72	80	8556
70	80	8559
35	72	8563
72	74	8564
43	80	8565
72	80	8565
30	72	8567
17	48	8569
43	72	8570
43	79	8580
9	72	8584
94	99	8586
21	72	8593
30	34	8599
2	12	8600
38	72	8602
28	72	8605
12	74	8607
46	76	8610
8	72	8615
17	72	8616
28	43	8619
28	49	8619
65	72	8624
30	43	8627
32	66	8627
58	84	8632
60	72	8639
26	72	8642
72	78	8642
11	76	8643
53	94	8643
65	74	8646
28	53	8648
27	72	8669
72	80	8670
12	80	8671
72	80	8683
22	44	8686
72	84	8690
64	92	8693
28	83	8695
9	11	8702
72	88	8708
53	80	8710
30	72	8712
61	65	8716
59	80	8717
12	43	8720
21	61	8736
24	53	8743
72	82	8743
35	72	8748
30	43	8753
65	84	8759
34	45	8765
59	99	8765
63	72	8765
36	80	8778
30	72	8780
30	53	8788
30	91	8792
59	72	8794
30	74	8795
53	90	8796
0	64	8797
30	53	8798
72	80	8800
53	80	8804
64	74	8805
63	65	8809
18	27	8816
72	80	8816
53	72	8822
14	64	8824
72	94	8827
30	72	8828
12	72	8834
43	83	8836
36	99	8837
10	72	8839
23	72	8839
60	81	8841
85	92	8841
43	72	8850
12	19	8852
43	65	8857
41	75	8858
53	72	8858
43	82	8859
30	39	8862
27	47	8870
72	75	8871
16	27	8873
10	84	8880
34	65	8894
29	73	8895
64	65	8896
50	72	8897
53	80	8897
60	75	8900
6	66	8901
30	59	8907
82	97	8908
73	99	8909
23	72	8911
35	72	8912
52	80	8917
65	72	8924
67	72	8924
91	94	8930
6	20	8932
68	75	8932
37	72	8937
30	46	8943
50	72	8949
51	92	8957
72	80	8958
30	74	8959
28	53	8961
36	45	8965
53	80	8965
29	90	8966
72	89	8968
53	72	8974
28	30	8978
42	73	8981
5	10	8982
20	72	8988
43	92	8988
10	65	8989
30	33	8992
53	72	8993
64	95	9004
36	72	9017
56	99	9019
72	80	9020
57	72	9021
5	90	9022
72	89	9022
5	12	9023
33	80	9023
57	72	9025
30	61	9027
9	72	9028
53	57	9033
23	72	9039
9	72	9040
10	55	9043
57	72	9044
65	72	9053
12	89	9055
30	72	9055
12	72	9066
80	93	9068
21	72	9071
18	99	9072
72	74	9074
43	72	9079
92	98	9081
30	72	9085
53	74	9086
72	75	9087
89	97	9087
17	72	9089
72	80	9092
80	84	9093
30	39	9098
45	63	9098
52	72	9100
53	72	9100
72	89	9105
28	72	9107
30	95	9109
9	72	9111
36	46	9112
6	66	9124
56	99	9127
31	43	9132
44	72	9133
12	72	9135
9	57	9137
53	80	9137
43	88	9141
10	28	9143
39	53	9143
10	43	9145
30	49	9146
65	72	9147
87	90	9148
20	80	9150
12	46	9151
16	53	9153
6	10	9155
29	72	9155
16	45	9157
53	72	9157
10	72	9160
46	75	9160
9	72	9163
57	72	9164
5	60	9165
32	99	9169
82	90	9170
69	72	9171
83	88	9172
39	49	9174
8	72	9177
14	83	9177
29	35	9180
47	67	9180
53	91	9181
12	78	9182
35	74	9182
72	83	9182
40	73	9183
61	72	9183
72	93	9183
22	72	9184
20	72	9191
72	88	9195
36	80	9198
30	73	9201
72	75	9202
17	72	9205
16	81	9206
56	81	9207
9	65	9210
37	80	9211
72	89	9215
11	30	9219
43	55	9220
69	72	9221
23	72	9222
65	72	9223
53	72	9226
30	72	9227
1	10	9231
10	57	9231
6	72	9238
69	72	9240
72	76	9241
59	67	9242
72	80	9244
72	73	9251
9	47	9254
43	73	9254
60	72	9258
2	10	9264
30	72	9265
30	72	9272
43	65	9278
53	80	9278
72	80	9281
4	9	9284
67	72	9289
72	80	9289
50	65	9290
28	53	9293
57	72	9295
22	83	9301
66	82	9301
76	89	9307
56	72	9309
0	61	9314
10	53	9315
90	97	9315
28	74	9321
28	43	9322
61	80	9329
72	80	9329
53	72	9330
24	43	9332
10	72	9334
5	35	9340
3	47	9343
30	59	9351
46	72	9352
30	82	9355
56	72	9356
30	50	9372
0	70	9379
43	59	9382
72	83	9384
49	72	9388
52	72	9392
46	76	9393
52	72	9398
28	78	9400
53	72	9402
3	72	9409
72	74	9410
35	90	9411
53	64	9412
9	12	9413
11	20	9423
8	94	9424
61	72	9424
43	72	9425
43	78	9428
0	43	9431
10	30	9432
65	72	9443
14	72	9447
37	53	9447
1	99	9449
21	30	9453
32	90	9453
34	72	9453
30	72	9458
4	72	9460
30	72	9462
30	36	9462
19	72	9463
57	72	9463
57	72	9469
72	80	9470
10	72	9472
7	74	9473
72	81	9473
72	77	9478
17	72	9480
65	72	9482
9	91	9491
24	72	9491
23	72	9494
43	72	9494
10	12	9495
57	72	9495
12	92	9496
19	28	9497
72	79	9505
92	97	9505
12	19	9508
50	72	9509
72	90	9509
65	97	9511
73	99	9516
30	80	9520
1	8	9522
53	57	9522
53	78	9524
37	64	9526
53	72	9527
16	65	9528
72	85	9530
2	43	9535
72	86	9541
10	28	9548
30	72	9548
30	53	9551
53	62	9551
59	83	9552
43	46	9558
23	53	9559
23	30	9559
72	94	9561
72	89	9567
30	72	9572
43	53	9581
72	75	9584
45	99	9588
1	72	9592
7	28	9594
8	40	9594
6	12	9596
32	86	9600
72	99	9600
5	46	9603
30	78	9608
18	86	9610
79	80	9610
36	95	9611
43	48	9612
22	72	9628
53	76	9630
30	57	9631
2	44	9635
34	75	9635
18	46	9638
72	84	9639
65	96	9649
72	94	9651
92	99	9656
53	80	9658
22	34	9659
79	80	9662
85	87	9665
46	53	9671
72	92	9671
53	80	9673
8	28	9675
57	72	9677
50	92	9679
72	80	9680
53	97	9683
30	72	9686
34	82	9687
34	61	9692
40	80	9692
59	72	9701
72	89	9701
72	94	9704
43	77	9709
82	89	9709
12	80	9715
53	80	9716
12	94	9719
43	72	9721
68	86	9722
43	64	9724
72	82	9724
53	90	9729
10	80	9733
30	75	9736
78	80	9736
72	88	9749
6	12	9752
18	83	9752
46	72	9755
60	72	9756
62	87	9756
30	72	9761
26	72	9776
9	99	9777
35	72	9777
65	72	9780
5	57	9781
36	90	9786
30	48	9787
50	56	9791
11	21	9793
54	67	9793
82	99	9794
70	72	9800
1	21	9801
72	77	9803
80	89	9803
34	60	9806
30	72	9811
80	98	9812
72	85	9813
30	87	9815
72	87	9828
57	74	9832
10	72	9834
32	37	9841
77	83	9841
7	53	9842
43	72	9842
62	72	9844
10	72	9848
23	72	9849
10	70	9850
29	72	9856
33	53	9858
17	29	9859
35	90	9859
1	30	9862
12	41	9863
46	99	9868
66	72	9868
12	31	9875
23	28	9876
12	44	9877
13	72	9877
43	87	9877
72	80	9881
43	92	9885
51	72	9887
72	99	9900
53	84	9902
8	62	9905
1	63	9908
72	89	9910
43	72	9912
35	89	9920
12	80	9921
16	60	9922
18	72	9928
47	80	9930
57	83	9940
1	30	9941
12	17	9951
60	72	9951
53	99	9952
23	72	9956
30	87	9958
61	72	9963
64	66	9967
13	90	9976
45	82	9978
12	25	9979
3	80	9982
20	72	9987
30	97	9987
81	90	9987
72	90	9988
64	80	9993
53	72	9997
3	20	10002
30	72	10003
35	76	10004
80	90	10009
63	80	10013
30	72	10030
56	80	10030
29	86	10031
66	98	10035
53	65	10040
72	94	10043
64	72	10044
72	81	10047
10	58	10049
20	24	10049
35	70	10054
63	72	10055
3	72	10061
43	72	10061
59	90	10064
53	97	10066
10	72	10070
9	10	10076
64	73	10086
72	98	10088
53	83	10089
53	72	10095
43	72	10098
25	72	10099
43	72	10108
30	97	10110
10	69	10113
31	57	10119
10	33	10121
72	97	10123
32	88	10129
53	74	10131
32	91	10132
30	80	10135
46	50	10139
72	79	10147
26	73	10156
27	72	10160
61	72	10160
13	54	10161
72	85	10173
43	72	10175
87	92	10177
10	28	10178
29	35	10180
73	83	10181
53	61	10182
10	72	10187
25	72	10187
2	61	10188
13	72	10188
53	72	10192
50	72	10194
17	35	10196
30	74	10197
43	69	10199
29	53	10201
35	72	10201
80	83	10204
45	72	10207
56	71	10207
57	80	10207
65	84	10208
6	72	10214
13	53	10214
53	60	10214
47	77	10218
30	72	10224
61	72	10225
39	43	10231
3	29	10233
72	94	10233
44	77	10239
27	67	10242
28	72	10244
76	80	10246
72	89	10248
48	74	10250
80	93	10252
7	53	10253
27	43	10260
10	12	10262
72	80	10263
19	99	10266
10	72	10268
23	28	10270
12	35	10272
74	93	10274
72	80	10291
72	92	10295
12	88	10300
30	80	10309
6	29	10312
72	91	10312
30	66	10313
10	72	10314
17	58	10323
12	72	10324
80	86	10324
72	85	10331
43	72	10337
12	53	10349
43	52	10349
23	30	10350
80	90	10353
64	80	10359
27	44	10364
90	92	10366
72	97	10368
5	72	10371
54	80	10371
31	72	10380
53	72	10385
43	72	10386
43	80	10386
43	76	10392
72	82	10396
74	80	10400
17	72	10401
30	72	10406
10	33	10409
44	72	10413
9	72	10416
1	79	10419
38	72	10419
1	72	10423
1	67	10424
29	63	10426
24	72	10437
25	72	10440
14	21	10446
51	72	10446
72	91	10450
12	46	10451
10	72	10455
53	83	10455
58	72	10455
6	44	10459
30	72	10466
9	83	10469
72	80	10469
61	76	10475
50	72	10476
12	58	10478
9	92	10479
11	42	10479
9	72	10483
29	76	10484
74	80	10485
10	39	10487
1	85	10493
80	94	10493
65	86	10494
72	95	10496
55	80	10497
19	61	10499
72	99	10503
72	73	10503
62	72	10507
43	79	10510
27	72	10514
30	75	10514
10	53	10515
39	72	10515
1	67	10516
12	72	10517
46	76	10518
89	91	10522
63	77	10526
43	61	10527
48	99	10527
65	77	10537
42	72	10542
57	72	10542
9	57	10545
50	72	10546
51	64	10546
53	72	10555
29	56	10562
72	80	10573
65	72	10581
25	72	10583
20	72	10594
72	90	10595
57	72	10599
72	80	10600
72	99	10607
10	43	10609
30	72	10611
61	72	10616
72	87	10621
54	72	10624
30	99	10626
36	92	10629
47	52	10629
64	86	10631
8	43	10637
1	53	10638
20	80	10638
53	99	10640
72	80	10640
43	75	10642
71	96	10642
64	72	10652
64	72	10653
2	94	10659
20	80	10659
72	80	10661
10	24	10665
11	18	10666
28	37	10669
58	65	10680
30	93	10681
75	90	10683
12	72	10690
26	63	10698
41	72	10703
26	35	10706
72	76	10713
43	89	10717
53	72	10722
53	80	10724
13	30	10726
18	99	10726
6	72	10727
8	72	10728
43	53	10731
30	32	10733
72	97	10734
43	79	10735
10	72	10748
30	43	10750
28	34	10755
72	89	10755
69	72	10757
53	89	10758
36	72	10759
12	80	10762
12	34	10764
4	30	10768
21	80	10769
50	72	10778
72	83	10786
53	79	10792
50	72	10796
58	61	10796
32	49	10806
72	90	10806
4	72	10810
53	84	10813
10	65	10819
29	72	10819
43	45	10826
72	79	10827
72	82	10828
72	74	10830
18	83	10837
70	72	10837
10	57	10842
30	72	10842
38	72	10848
30	43	10849
81	89	10853
10	72	10858
41	73	10861
37	78	10862
72	92	10872
12	72	10873
18	46	10874
56	93	10878
73	83	10884
5	57	10885
30	86	10885
65	72	10886
38	67	10888
53	80	10888
84	92	10889
72	76	10890
17	98	10894
66	72	10900
10	72	10901
31	76	10905
12	80	10912
12	44	10914
1	19	10920
41	78	10921
73	78	10925
10	55	10931
53	82	10936
47	72	10938
11	72	10940
30	97	10941
72	75	10945
1	72	10947
13	29	10950
12	83	10953
28	34	10959
30	72	10961
30	72	10962
30	72	10965
35	78	10968
14	43	10969
72	79	10972
68	72	10977
9	96	10983
42	84	10987
29	72	10988
53	72	10988
46	84	10996
30	35	11003
72	86	11005
76	90	11005
6	80	11006
7	50	11006
72	77	11008
72	73	11009
54	73	11012
35	83	11016
8	97	11020
57	72	11022
82	95	11026
13	72	11029
30	70	11030
11	50	11036
72	80	11040
54	72	11045
72	80	11056
30	36	11059
25	53	11061
28	30	11069
28	97	11069
30	72	11071
50	72	11077
33	89	11083
24	28	11084
38	72	11085
10	80	11086
68	99	11090
72	92	11090
9	58	11093
12	53	11095
47	53	11096
44	53	11099
74	80	11102
77	94	11103
72	80	11105
64	90	11110
10	72	11111
72	80	11115
11	72	11118
43	73	11120
28	80	11122
72	83	11122
61	89	11130
45	72	11133
72	74	11134
50	72	11136
11	46	11137
43	53	11138
72	80	11139
45	72	11142
72	80	11150
53	83	11153
50	97	11155
65	72	11156
30	98	11158
65	89	11159
72	76	11160
53	92	11164
43	85	11165
72	83	11166
53	80	11168
72	84	11168
4	30	11169
9	43	11169
24	72	11175
57	65	11175
28	53	11179
53	57	11184
72	80	11184
40	57	11187
10	89	11191
32	72	11192
61	72	11195
38	43	11199
8	72	11212
72	80	11212
65	74	11218
29	64	11219
72	80	11223
72	85	11224
44	72	11225
23	27	11226
65	86	11230
58	72	11231
43	72	11235
53	99	11235
72	74	11242
64	80	11246
33	65	11248
13	30	11250
46	97	11253
10	57	11255
51	94	11256
72	75	11256
72	80	11257
11	65	11258
72	80	11265
61	72	11267
41	80	11270
53	72	11270
72	89	11271
77	79	11271
64	72	11275
65	72	11276
28	92	11278
53	89	11281
2	20	11283
34	75	11286
11	28	11291
72	90	11291
10	72	11293
42	43	11298
72	83	11299
25	95	11300
49	89	11303
54	55	11303
33	59	11305
3	72	11306
72	94	11307
72	99	11311
37	90	11312
12	72	11313
72	93	11316
14	61	11323
10	46	11325
17	72	11330
46	72	11331
57	72	11331
26	34	11333
50	97	11336
72	89	11336
43	74	11338
64	95	11341
32	72	11343
59	72	11346
30	74	11347
52	80	11347
72	74	11348
30	56	11350
30	41	11350
18	80	11351
10	50	11353
3	72	11354
12	43	11355
12	43	11358
72	80	11360
72	86	11360
57	81	11361
4	56	11365
72	97	11366
65	72	11369
31	65	11373
46	64	11373
10	12	11375
23	92	11381
53	56	11385
23	30	11388
4	89	11389
12	57	11390
53	79	11391
10	28	11395
62	72	11395
18	60	11398
32	72	11402
53	72	11404
28	78	11413
53	72	11415
28	72	11420
30	99	11420
3	10	11421
57	72	11423
28	72	11424
56	80	11424
31	53	11428
72	97	11433
30	33	11436
27	72	11437
0	10	11438
72	74	11438
28	42	11439
12	29	11446
30	53	11446
37	80	11446
83	99	11457
16	72	11458
28	29	11461
11	80	11467
12	30	11473
43	72	11479
72	74	11479
82	97	11488
27	72	11489
43	61	11489
72	80	11489
28	60	11492
30	98	11492
40	93	11514
72	73	11514
72	74	11515
23	53	11521
43	72	11522
21	83	11523
53	72	11527
23	79	11528
30	72	11531
53	78	11536
57	69	11544
12	65	11546
72	86	11549
36	69	11552
12	53	11558
88	94	11560
9	75	11561
26	71	11564
12	72	11571
25	72	11576
54	72	11576
31	72	11589
53	72	11593
10	85	11595
45	72	11595
21	97	11596
55	92	11600
57	72	11601
67	94	11601
53	72	11603
30	81	11605
36	72	11605
80	99	11605
30	46	11606
61	89	11606
72	98	11606
28	63	11608
35	39	11608
39	72	11608
72	83	11613
13	86	11614
75	76	11614
58	72	11619
72	74	11623
43	80	11624
13	70	11626
30	88	11626
5	88	11634
30	89	11636
14	64	11643
11	23	11651
23	92	11655
36	90	11656
35	89	11660
12	70	11663
12	53	11666
12	72	11676
72	75	11680
72	82	11680
10	18	11681
81	99	11686
17	72	11692
47	72	11706
83	98	11709
41	90	11710
53	72	11710
38	72	11713
44	72	11713
27	30	11714
14	95	11717
43	72	11717
30	83	11719
72	75	11719
72	89	11721
12	72	11728
1	72	11733
28	80	11740
1	65	11741
72	74	11748
67	72	11749
33	72	11753
30	88	11759
56	73	11766
30	65	11767
32	72	11767
12	55	11768
72	91	11772
63	72	11776
72	90	11777
57	72	11785
15	30	11786
53	72	11787
74	92	11789
46	91	11790
30	72	11795
56	84	11797
53	72	11800
7	72	11807
59	72	11815
6	12	11816
23	72	11820
34	72	11820
0	93	11822
56	65	11822
19	46	11827
7	77	11828
12	29	11829
6	53	11831
2	27	11832
9	86	11832
75	82	11836
55	72	11838
40	72	11839
66	72	11840
30	85	11842
21	72	11852
70	72	11853
8	12	11855
10	72	11855
31	38	11860
10	83	11861
29	72	11861
21	23	11862
11	90	11863
87	90	11863
30	72	11864
1	72	11867
53	65	11874
9	43	11876
45	81	11876
10	48	11880
53	99	11880
58	66	11890
30	64	11892
20	72	11900
9	34	11902
10	72	11905
46	80	11906
35	72	11908
72	80	11908
37	49	11909
72	89	11909
86	97	11925
28	94	11931
29	73	11934
53	72	11934
80	97	11934
59	66	11937
72	83	11938
72	95	11943
2	72	11944
33	53	11949
9	90	11954
33	72	11954
53	75	11954
12	27	11957
4	92	11958
72	75	11958
12	71	11961
53	72	11965
25	72	11966
64	72	11966
10	72	11970
12	96	11971
10	72	11974
72	83	11975
80	81	11977
65	72	11993
24	84	11994
60	71	11997
85	86	11997
16	46	11999
69	71	12005
72	74	12011
34	80	12017
12	80	12020
57	72	12023
17	72	12025
39	72	12027
72	88	12029
53	69	12035
85	90	12037
44	67	12045
65	82	12045
32	46	12046
53	72	12053
72	75	12058
11	96	12062
70	72	12062
12	30	12065
30	72	12071
41	83	12073
64	72	12073
72	83	12077
10	53	12081
27	39	12086
4	68	12092
10	43	12092
30	72	12095
4	72	12099
12	57	12099
36	72	12102
4	72	12103
81	83	12112
5	72	12113
18	72	12115
65	90	12119
44	72	12124
74	75	12132
30	72	12133
61	79	12134
72	84	12144
53	66	12146
53	97	12147
2	6	12150
53	72	12150
0	72	12153
12	72	12156
43	72	12157
12	83	12159
22	41	12161
7	72	12182
9	72	12190
85	89	12200
32	53	12201
30	72	12207
10	72	12208
19	72	12210
52	72	12217
43	72	12221
30	80	12227
74	80	12233
72	76	12239
72	80	12261
29	72	12265
67	72	12273
9	53	12279
18	83	12283
43	80	12283
9	87	12285
53	82	12285
10	59	12286
30	56	12286
41	61	12286
12	19	12290
57	72	12291
9	24	12293
64	72	12296
46	74	12298
65	72	12299
12	80	12303
19	29	12304
12	64	12309
56	92	12311
43	53	12313
53	72	12317
46	72	12324
7	92	12328
36	72	12332
72	99	12336
43	79	12337
16	96	12342
53	72	12349
72	90	12349
53	72	12350
72	89	12352
53	80	12354
72	80	12357
61	72	12358
76	89	12358
80	90	12362
30	62	12364
11	80	12368
90	92	12375
59	66	12378
46	74	12383
28	72	12385
12	34	12395
9	89	12396
30	61	12396
72	92	12398
26	35	12403
12	81	12404
53	82	12405
50	72	12406
62	72	12408
72	89	12413
10	72	12414
10	12	12415
32	72	12421
10	72	12429
53	65	12431
9	53	12438
30	72	12438
44	80	12443
72	80	12448
1	16	12449
42	72	12453
10	99	12454
72	98	12455
65	90	12460
20	35	12462
30	53	12462
45	87	12466
46	53	12470
72	99	12470
30	72	12471
30	45	12471
35	87	12479
72	80	12479
14	56	12482
72	80	12482
43	62	12484
12	66	12487
23	52	12488
56	74	12492
1	81	12493
48	56	12496
39	72	12497
72	83	12497
86	92	12499
62	72	12500
4	28	12501
43	47	12502
10	16	12506
30	75	12506
10	72	12507
23	72	12509
37	72	12512
12	80	12514
12	72	12520
65	84	12520
14	43	12532
10	12	12542
73	96	12543
41	80	12548
53	72	12550
54	64	12553
45	72	12555
50	72	12556
17	70	12563
34	53	12571
65	72	12571
12	57	12572
46	72	12576
10	72	12580
50	53	12584
31	72	12587
76	83	12588
3	72	12592
30	80	12593
70	72	12594
80	93	12605
28	72	12609
78	90	12609
12	72	12611
72	80	12613
9	92	12617
72	73	12618
41	98	12620
53	72	12622
0	46	12632
9	80	12639
10	85	12646
10	97	12647
80	89	12652
28	76	12662
12	72	12668
30	72	12674
72	81	12674
7	53	12675
29	80	12680
28	72	12683
46	98	12684
43	72	12685
72	98	12686
80	94	12686
12	72	12692
32	92	12697
72	80	12697
72	89	12697
30	32	12699
62	72	12701
72	99	12704
29	61	12714
28	72	12715
30	90	12715
38	72	12716
10	84	12717
9	15	12721
10	28	12722
72	98	12722
53	84	12723
28	87	12724
47	53	12724
9	72	12726
37	68	12726
12	53	12728
28	72	12732
53	72	12735
10	18	12736
65	72	12737
34	72	12739
10	72	12746
46	72	12754
14	72	12756
72	76	12759
53	81	12760
72	80	12762
28	72	12770
65	72	12773
31	72	12778
1	15	12780
30	57	12791
16	72	12797
12	28	12799
74	90	12799
24	72	12801
1	30	12802
28	90	12803
35	72	12808
10	72	12809
34	72	12810
62	80	12810
62	72	12811
46	88	12813
17	72	12814
72	84	12815
72	80	12821
11	98	12822
10	43	12826
1	89	12830
48	72	12831
12	63	12832
6	57	12836
9	80	12838
10	94	12838
72	82	12841
36	72	12849
83	92	12855
29	80	12864
37	61	12866
70	96	12866
32	83	12879
53	80	12884
62	72	12894
28	72	12898
48	81	12901
53	72	12903
72	80	12905
84	93	12911
35	72	12912
53	72	12914
72	93	12923
53	72	12924
80	90	12933
42	72	12937
2	72	12938
72	89	12938
30	46	12940
53	72	12946
49	72	12949
72	73	12951
0	12	12952
72	84	12954
12	15	12961
10	78	12965
72	92	12967
36	72	12968
2	72	12969
17	65	12978
80	87	12978
23	30	12980
80	94	12982
70	72	12983
10	70	12989
22	72	12989
69	72	12992
61	84	12993
97	99	12993
28	43	12995
44	72	12999
64	80	13000
24	43	13001
72	73	13002
72	73	13008
29	58	13014
30	86	13018
54	73	13019
72	76	13019
53	72	13025
29	81	13028
53	80	13029
1	39	13032
5	37	13032
30	72	13033
35	72	13034
28	46	13036
61	72	13037
29	30	13041
53	72	13043
3	86	13044
53	77	13046
8	72	13047
2	72	13048
40	72	13049
67	71	13053
43	72	13055
52	72	13056
53	72	13059
41	65	13065
65	83	13066
72	90	13066
72	75	13067
43	72	13070
72	82	13072
12	94	13074
43	72	13077
43	54	13078
72	99	13081
15	72	13084
44	99	13086
50	72	13088
37	89	13091
53	72	13091
50	81	13092
13	72	13097
80	92	13099
45	99	13100
61	72	13107
23	80	13110
80	99	13112
59	94	13113
72	75	13125
0	29	13131
10	89	13131
23	73	13133
86	99	13133
2	62	13135
72	97	13140
12	35	13141
30	83	13141
63	64	13141
12	53	13147
11	56	13149
78	92	13151
72	99	13152
5	40	13153
53	72	13155
12	29	13160
53	56	13160
65	72	13162
1	65	13165
72	88	13169
46	84	13173
33	75	13174
1	12	13175
10	30	13176
72	76	13177
4	93	13182
72	73	13184
61	80	13186
35	53	13188
28	80	13189
61	92	13189
10	87	13192
12	72	13194
30	64	13203
57	94	13213
12	72	13224
0	19	13225
80	98	13229
53	99	13240
53	77	13241
9	72	13244
57	94	13245
45	95	13246
57	72	13248
9	46	13250
52	80	13250
28	43	13251
72	92	13251
17	72	13254
35	72	13261
68	72	13261
43	62	13263
19	32	13264
72	98	13266
53	72	13272
35	72	13273
57	72	13275
28	72	13287
30	69	13287
35	43	13288
10	30	13292
10	72	13296
43	73	13303
53	76	13303
9	99	13305
17	65	13305
57	87	13311
43	57	13313
69	78	13314
41	51	13315
3	72	13317
30	62	13317
72	90	13320
18	63	13325
53	72	13325
86	97	13326
66	72	13327
28	72	13328
12	28	13331
18	93	13332
46	53	13332
53	70	13333
17	72	13335
13	59	13341
83	87	13341
3	72	13343
27	78	13345
43	72	13346
72	90	13349
27	72	13351
68	80	13353
65	87	13357
28	65	13369
53	92	13370
19	75	13374
53	76	13380
72	99	13380
46	72	13381
72	80	13384
25	99	13385
30	59	13386
72	80	13388
72	73	13388
12	38	13398
72	89	13398
42	74	13400
1	45	13407
60	72	13409
42	65	13410
43	72	13425
62	80	13427
72	81	13429
49	58	13434
71	72	13437
10	53	13438
10	12	13448
28	95	13448
7	89	13449
43	72	13454
43	67	13455
35	72	13459
27	72	13462
74	87	13463
28	76	13464
33	61	13465
57	72	13465
30	95	13466
72	82	13467
32	72	13468
36	72	13471
1	43	13475
17	72	13483
53	60	13484
0	42	13489
9	19	13490
72	75	13493
30	53	13497
16	65	13502
66	74	13502
18	39	13508
9	76	13510
72	87	13511
65	72	13512
11	27	13513
72	89	13519
46	53	13521
59	99	13521
5	83	13527
53	56	13532
30	56	13534
56	92	13535
28	72	13545
35	99	13545
2	66	13548
10	81	13553
12	83	13555
28	72	13557
30	81	13557
12	90	13561
53	72	13562
27	66	13564
53	83	13565
30	72	13572
10	53	13575
30	87	13579
66	85	13582
72	90	13582
8	13	13584
30	90	13586
3	33	13589
16	72	13594
0	10	13600
60	72	13605
72	99	13606
3	72	13611
80	83	13624
61	72	13628
43	72	13636
1	9	13643
17	72	13646
43	72	13655
4	72	13657
72	83	13660
24	80	13663
72	85	13663
35	90	13665
53	72	13667
39	97	13669
43	99	13670
10	72	13672
39	43	13679
39	72	13680
32	76	13681
36	72	13682
72	89	13682
10	81	13683
9	44	13690
30	57	13695
43	72	13695
35	72	13700
40	72	13701
30	72	13702
17	56	13703
12	26	13706
56	85	13711
72	80	13717
72	76	13720
53	77	13724
10	92	13726
74	80	13731
22	30	13734
29	53	13740
17	72	13746
54	90	13747
7	97	13748
72	83	13752
29	81	13758
48	64	13761
80	88	13763
48	64	13765
27	80	13766
73	95	13771
10	72	13772
56	72	13773
10	35	13777
1	23	13783
12	79	13785
65	80	13791
43	52	13794
49	72	13794
14	72	13796
24	65	13798
30	72	13798
60	72	13798
52	74	13805
12	72	13809
64	79	13818
43	80	13820
72	82	13822
28	97	13831
21	56	13832
51	72	13833
72	92	13842
35	80	13846
72	99	13847
68	72	13849
4	72	13851
29	88	13854
53	83	13857
56	57	13859
17	35	13860
10	90	13870
25	72	13880
19	30	13891
64	72	13892
12	57	13895
28	72	13908
84	90	13908
53	72	13909
43	72	13916
43	75	13918
43	56	13919
69	72	13923
20	99	13925
12	80	13928
69	72	13928
28	99	13929
64	85	13929
36	81	13932
57	99	13932
41	43	13933
22	28	13934
28	95	13936
12	75	13939
62	72	13944
43	80	13945
12	30	13948
72	97	13949
18	28	13956
56	89	13957
23	73	13965
65	72	13967
30	40	13971
21	72	13972
46	72	13975
72	80	13979
72	90	13984
13	38	13994
1	72	13995
43	72	13995
9	12	13998
63	72	13998
30	50	14000
60	79	14004
72	95	14004
15	72	14007
43	48	14007
39	53	14009
10	61	14011
43	72	14011
4	16	14020
12	28	14020
53	72	14028
28	90	14029
76	84	14030
28	46	14036
23	80	14038
9	32	14040
8	44	14041
72	97	14043
12	94	14046
50	72	14046
13	63	14047
43	72	14048
43	96	14055
65	91	14057
68	72	14061
63	72	14064
15	83	14069
28	72	14076
30	81	14077
17	72	14088
9	72	14089
53	64	14090
50	72	14092
15	87	14093
61	75	14094
12	72	14099
72	77	14101
53	64	14110
72	94	14110
28	76	14115
64	72	14115
33	94	14121
72	89	14124
11	98	14125
38	59	14125
3	30	14126
87	90	14126
20	37	14132
30	84	14133
7	72	14138
28	56	14138
72	86	14139
72	77	14139
75	90	14140
28	87	14141
0	76	14145
44	72	14148
32	82	14151
10	56	14152
29	72	14156
30	72	14156
50	64	14157
30	72	14162
28	55	14172
62	86	14173
28	39	14177
72	80	14179
46	94	14198
72	83	14205
10	72	14206
12	73	14209
21	72	14210
74	80	14214
57	80	14218
46	90	14219
72	80	14226
29	90	14231
12	44	14233
43	72	14233
59	97	14235
9	72	14239
54	56	14244
40	56	14247
56	86	14247
64	72	14250
53	91	14251
65	99	14252
6	88	14254
10	43	14261
72	78	14265
72	78	14271
30	72	14274
43	64	14276
72	87	14277
47	89	14280
56	95	14280
35	72	14282
53	99	14287
12	80	14298
72	80	14299
9	48	14300
15	58	14300
19	29	14302
65	86	14309
10	72	14310
53	80	14310
49	72	14312
53	78	14314
72	80	14318
72	89	14323
72	77	14326
12	29	14332
46	86	14337
57	72	14337
43	72	14338
10	75	14339
12	53	14340
17	80	14343
80	92	14351
12	78	14361
53	83	14363
30	43	14364
9	34	14369
12	80	14378
72	80	14380
12	72	14381
72	89	14382
72	76	14382
23	75	14383
29	43	14385
47	72	14390
29	65	14391
58	72	14392
65	76	14393
10	72	14399
18	85	14400
61	64	14401
7	66	14410
53	72	14412
72	80	14412
68	72	14416
16	43	14419
72	80	14421
1	57	14422
23	72	14422
72	80	14422
51	84	14424
75	83	14426
28	37	14427
10	15	14430
12	43	14431
10	97	14433
61	70	14436
26	30	14438
9	91	14440
43	46	14445
28	72	14446
48	72	14451
72	80	14453
57	72	14458
1	53	14460
74	92	14461
9	28	14462
47	97	14462
30	44	14463
72	89	14463
72	75	14471
9	65	14472
17	72	14472
28	54	14472
72	80	14472
30	77	14477
43	72	14481
56	72	14486
4	97	14491
11	72	14491
53	76	14500
10	72	14504
18	30	14509
42	56	14515
27	49	14516
64	72	14520
30	57	14523
8	30	14527
72	90	14534
3	12	14535
28	72	14541
30	52	14541
30	72	14546
33	43	14557
57	90	14560
48	56	14570
44	53	14576
12	72	14577
72	79	14577
26	80	14578
9	10	14584
25	72	14584
65	72	14584
10	36	14586
15	72	14587
31	43	14587
72	90	14587
72	92	14589
54	80	14595
72	77	14597
19	53	14598
23	72	14601
10	20	14605
11	68	14605
1	43	14607
12	72	14607
30	90	14607
72	80	14611
14	67	14614
30	43	14615
61	72	14621
74	80	14621
56	98	14622
64	94	14624
53	88	14627
10	56	14628
59	72	14628
12	43	14629
49	99	14630
15	94	14635
22	53	14637
12	53	14638
28	53	14648
65	70	14648
30	64	14649
12	39	14651
30	98	14651
65	72	14653
21	80	14658
44	98	14658
60	72	14662
64	72	14672
72	90	14672
0	52	14677
10	89	14682
65	89	14686
61	72	14688
61	80	14694
72	75	14700
23	28	14702
57	66	14708
53	54	14712
10	65	14713
4	80	14715
10	72	14719
28	72	14719
53	72	14726
11	72	14727
13	30	14727
3	64	14730
57	72	14732
53	72	14733
9	30	14734
30	75	14740
12	90	14741
23	72	14748
15	89	14754
12	72	14756
43	65	14756
64	80	14759
72	84	14761
27	72	14763
62	93	14768
68	72	14772
49	80	14774
65	72	14776
61	72	14779
40	57	14782
11	43	14791
26	72	14792
39	42	14795
45	85	14795
72	85	14795
43	90	14797
17	72	14799
29	72	14800
72	99	14801
53	72	14806
32	72	14807
12	72	14808
53	72	14815
12	53	14818
43	72	14818
10	72	14820
12	72	14825
44	72	14825
1	24	14826
68	72	14829
10	59	14833
29	83	14834
72	80	14836
17	53	14846
1	80	14853
53	72	14856
22	70	14858
30	37	14859
28	72	14862
43	54	14862
30	93	14871
1	72	14875
49	51	14875
72	80	14876
30	72	14882
43	72	14885
51	72	14886
75	76	14888
72	99	14892
4	53	14894
11	59	14894
34	72	14894
46	72	14895
12	57	14898
12	72	14900
43	53	14901
3	97	14907
28	78	14907
34	80	14911
39	72	14921
4	43	14923
36	72	14923
43	72	14933
36	64	14934
49	52	14938
65	66	14940
60	74	14944
72	80	14947
1	72	14950
72	88	14951
23	90	14961
75	81	14963
72	81	14967
39	72	14969
0	43	14976
2	72	14976
72	75	14978
30	61	14984
31	46	14985
65	72	14985
76	84	14993
29	63	14997
53	68	14999
70	85	14999
9	72	15003
11	72	15004
72	97	15009
17	72	15014
1	11	15019
57	74	15021
72	86	15026
52	90	15028
12	72	15030
58	95	15033
9	43	15037
12	63	15039
65	72	15043
58	72	15048
30	67	15055
25	72	15057
72	75	15059
29	81	15063
1	81	15065
43	85	15077
10	41	15081
42	72	15091
47	72	15091
30	52	15096
72	82	15097
53	93	15105
72	91	15106
2	36	15114
30	57	15117
48	72	15120
10	29	15121
30	72	15121
46	91	15121
43	72	15126
48	72	15126
43	72	15132
29	30	15133
43	80	15143
4	72	15144
43	72	15152
57	94	15152
28	35	15155
63	72	15158
1	25	15159
42	86	15167
29	71	15169
30	72	15170
30	73	15172
60	76	15173
9	12	15174
72	82	15183
32	33	15189
10	48	15191
35	45	15191
39	72	15192
52	92	15196
72	80	15198
72	77	15199
12	97	15202
13	28	15203
43	94	15210
57	95	15211
9	72	15213
72	80	15215
81	99	15218
30	80	15221
23	72	15224
27	72	15224
65	89	15232
57	72	15233
27	60	15234
17	30	15236
53	62	15236
6	72	15244
72	81	15244
50	80	15254
30	77	15255
9	30	15257
72	98	15257
44	88	15260
72	80	15260
72	86	15261
53	72	15263
53	65	15263
6	12	15264
81	83	15265
23	44	15267
66	72	15275
30	66	15280
53	72	15280
6	27	15281
24	72	15282
44	46	15291
31	90	15292
37	72	15298
53	54	15301
53	80	15305
53	68	15306
34	53	15308
49	92	15312
72	80	15316
17	29	15324
10	62	15327
72	80	15329
65	72	15332
45	72	15338
12	65	15341
76	99	15342
40	62	15343
39	43	15347
76	81	15349
10	57	15351
46	72	15356
31	50	15359
72	87	15370
35	38	15375
28	43	15383
4	53	15386
9	43	15387
63	72	15387
28	40	15393
72	80	15397
52	64	15400
72	90	15404
40	72	15411
12	95	15415
42	72	15415
65	80	15416
48	72	15417
72	90	15425
18	72	15428
10	50	15442
61	72	15443
13	72	15448
17	30	15457
10	72	15458
53	95	15458
30	72	15460
72	88	15468
92	95	15469
72	98	15471
43	72	15473
70	72	15479
7	30	15492
53	98	15493
12	80	15495
30	80	15501
9	72	15502
59	63	15502
12	28	15504
50	72	15508
72	74	15511
65	72	15512
41	72	15514
28	30	15516
39	53	15517
43	79	15517
43	72	15521
5	93	15523
10	80	15533
12	81	15533
54	58	15537
80	94	15538
10	65	15539
78	83	15541
72	83	15542
67	72	15545
72	80	15546
38	65	15550
30	80	15553
20	58	15559
43	84	15559
60	72	15559
28	44	15560
53	80	15560
21	99	15572
28	68	15573
46	83	15583
28	65	15584
72	75	15584
72	83	15596
43	72	15598
30	72	15599
1	72	15601
28	43	15605
12	56	15611
10	72	15612
13	72	15619
33	72	15623
72	99	15625
35	72	15626
12	80	15629
5	23	15633
72	99	15640
53	69	15643
1	80	15644
59	72	15647
12	56	15656
80	92	15657
44	80	15663
14	72	15665
66	72	15665
12	72	15667
72	74	15667
10	30	15669
12	72	15676
30	53	15676
53	80	15678
10	49	15682
11	53	15683
28	74	15684
5	13	15685
72	75	15695
4	95	15697
66	94	15698
72	80	15701
90	99	15705
30	90	15709
3	74	15710
72	80	15715
72	75	15716
30	35	15724
28	57	15728
12	43	15730
65	72	15731
12	43	15739
4	91	15742
51	82	15746
28	79	15749
34	43	15749
53	88	15751
19	75	15757
8	72	15761
21	72	15762
30	72	15762
58	78	15763
53	72	15764
69	81	15766
5	80	15771
32	72	15771
72	85	15774
33	72	15776
44	97	15785
12	72	15788
26	61	15793
53	72	15796
53	72	15797
10	72	15799
12	15	15800
53	72	15803
80	96	15804
10	27	15806
36	72	15808
10	72	15811
72	80	15811
23	34	15812
12	72	15813
13	72	15813
72	80	15814
12	35	15818
19	53	15826
9	72	15840
30	86	15841
72	89	15845
18	72	15847
75	94	15850
61	90	15854
12	72	15862
48	80	15865
71	72	15866
49	72	15868
12	72	15872
26	72	15872
12	73	15874
55	75	15886
20	72	15890
60	85	15890
43	85	15895
41	43	15896
10	16	15907
40	93	15911
1	20	15915
63	72	15919
27	68	15922
57	84	15930
72	75	15932
72	95	15933
8	10	15934
17	74	15939
30	55	15941
51	80	15946
72	80	15951
35	72	15952
53	72	15955
66	72	15959
37	72	15963
53	72	15963
75	80	15965
8	32	15969
53	72	15970
63	93	15972
49	70	15977
86	92	15978
2	72	15979
30	60	15984
10	56	15985
26	72	15986
72	96	15986
7	80	15990
56	72	15990
65	80	15991
72	89	15997
75	80	16000
72	73	16002
38	80	16003
62	97	16007
10	43	16008
70	81	16008
36	89	16009
20	72	16010
39	72	16017
77	99	16025
28	53	16029
60	89	16029
12	45	16032
33	64	16037
36	72	16037
12	43	16044
41	72	16045
10	72	16052
43	72	16054
72	74	16057
53	72	16064
72	92	16068
80	90	16075
12	46	16076
8	75	16078
43	80	16080
12	13	16082
25	89	16086
43	65	16088
77	95	16088
53	72	16089
51	56	16095
64	82	16095
78	81	16098
72	79	16099
23	53	16105
60	72	16105
72	90	16114
46	57	16116
72	96	16119
12	71	16122
72	80	16123
40	80	16129
10	25	16139
18	90	16139
72	87	16139
25	72	16144
28	72	16144
72	74	16144
12	53	16146
28	65	16148
53	80	16148
53	65	16148
72	94	16148
10	72	16152
55	80	16153
26	95	16154
43	72	16155
72	84	16159
9	39	16160
65	72	16168
29	72	16172
61	74	16176
53	55	16177
12	53	16181
24	72	16183
57	84	16186
9	45	16188
22	80	16196
23	75	16198
16	30	16202
72	82	16202
49	79	16204
72	83	16206
53	72	16211
36	43	16214
58	72	16215
12	78	16216
28	90	16220
66	72	16224
1	65	16242
9	91	16245
30	64	16245
72	85	16246
23	72	16249
27	72	16253
12	80	16254
64	66	16254
9	18	16258
53	73	16258
28	65	16259
10	80	16261
36	72	16261
30	62	16269
72	73	16277
65	72	16282
60	62	16283
40	72	16285
1	72	16288
23	72	16288
47	86	16290
28	72	16291
72	90	16292
72	84	16300
30	80	16302
7	80	16305
28	78	16305
30	96	16309
34	72	16316
61	79	16324
60	72	16326
30	72	16328
43	65	16330
12	89	16332
65	80	16334
80	92	16335
0	72	16338
72	98	16340
37	72	16344
8	30	16345
43	72	16348
43	72	16353
30	53	16359
31	56	16360
53	64	16367
12	72	16374
30	35	16378
72	90	16382
72	94	16382
72	86	16383
92	93	16386
53	60	16389
17	53	16395
10	72	16396
1	72	16404
61	80	16404
58	65	16405
30	72	16414
57	72	16416
65	68	16419
56	72	16420
35	43	16422
72	88	16424
30	72	16425
30	94	16426
57	94	16426
11	90	16433
43	72	16434
39	46	16436
30	72	16438
10	53	16444
36	65	16447
1	19	16449
28	35	16452
46	90	16452
30	80	16453
7	23	16454
53	89	16455
57	63	16461
72	94	16474
57	59	16479
57	80	16483
12	72	16489
54	80	16490
53	96	16491
15	43	16493
12	46	16495
48	87	16499
72	74	16499
9	80	16501
10	58	16503
22	43	16511
35	38	16513
88	89	16516
6	30	16540
53	86	16540
11	20	16541
57	74	16544
30	77	16548
87	97	16549
30	31	16554
2	5	16555
9	82	16556
71	72	16558
10	53	16562
66	72	16562
72	89	16563
3	93	16564
53	72	16570
17	29	16571
56	89	16571
12	30	16574
33	72	16579
10	53	16580
28	64	16580
28	72	16581
72	94	16583
36	54	16588
53	56	16589
43	72	16598
13	49	16600
6	72	16602
30	90	16603
31	50	16606
55	72	16606
30	80	16608
10	81	16609
53	72	16609
68	72	16622
30	51	16624
35	75	16626
53	72	16630
72	84	16634
53	89	16635
43	72	16638
30	43	16643
19	72	16644
72	77	16651
72	77	16653
6	51	16659
43	74	16659
67	92	16660
72	80	16662
12	87	16664
41	72	16668
27	75	16675
28	91	16675
80	84	16689
26	53	16695
35	72	16697
43	80	16697
11	46	16698
1	91	16704
30	94	16704
72	89	16706
21	72	16707
80	82	16719
10	56	16720
12	60	16723
72	97	16724
56	80	16726
43	53	16732
53	72	16735
8	75	16738
30	72	16740
17	56	16748
12	74	16749
4	72	16751
80	88	16753
12	73	16758
43	72	16764
12	28	16767
53	59	16772
16	72	16773
9	61	16775
47	80	16778
35	80	16780
43	72	16782
7	72	16792
72	97	16793
30	80	16799
72	80	16801
72	99	16810
72	76	16810
43	74	16814
37	68	16817
23	61	16819
12	89	16823
57	97	16825
4	86	16826
72	74	16829
23	80	16830
53	72	16836
1	72	16842
52	53	16844
30	72	16848
57	83	16848
67	72	16849
18	30	16851
28	61	16855
17	62	16856
23	68	16858
59	85	16858
23	64	16865
61	72	16867
6	54	16868
72	94	16881
0	12	16886
52	80	16890
12	30	16899
10	72	16903
36	66	16904
28	70	16907
72	76	16907
30	53	16908
35	80	16911
55	80	16911
12	97	16914
66	72	16915
12	72	16917
34	85	16921
9	72	16923
35	53	16923
53	72	16924
10	57	16927
72	81	16929
29	80	16934
72	85	16936
36	74	16938
10	72	16948
46	97	16949
11	72	16957
10	72	16960
83	94	16960
46	69	16961
12	72	16964
28	97	16967
30	43	16970
30	53	16973
30	36	16977
10	90	16980
72	92	16984
52	86	16987
22	53	16992
72	86	16995
76	92	17000
56	93	17002
79	95	17003
1	72	17004
9	34	17005
42	83	17005
12	94	17006
40	84	17007
80	87	17008
13	81	17014
47	53	17018
50	72	17020
46	96	17026
10	40	17029
40	99	17033
13	69	17034
43	72	17036
1	46	17037
75	90	17043
44	72	17045
32	37	17047
30	80	17051
28	43	17059
41	46	17061
46	57	17066
23	98	17072
72	90	17074
43	53	17076
10	65	17081
72	82	17081
28	83	17082
67	72	17082
72	76	17082
70	95	17083
28	50	17085
49	72	17085
31	72	17088
30	46	17090
10	92	17093
12	72	17099
15	72	17102
10	72	17108
37	72	17108
43	99	17108
71	72	17109
41	92	17110
60	72	17111
53	80	17121
90	92	17121
12	54	17136
30	80	17139
41	83	17140
30	72	17141
72	80	17147
36	73	17149
55	85	17150
44	80	17151
43	53	17152
9	62	17153
62	91	17155
64	72	17157
30	84	17161
28	72	17168
47	60	17170
12	44	17173
64	68	17174
57	72	17187
65	72	17190
56	84	17197
42	43	17201
43	99	17208
65	72	17209
34	72	17211
35	90	17221
10	30	17222
72	80	17222
28	72	17224
33	49	17225
72	97	17227
72	81	17230
46	72	17237
30	65	17239
60	72	17243
72	74	17248
26	80	17250
72	94	17256
74	82	17256
0	10	17264
14	62	17267
52	80	17271
72	90	17275
80	82	17275
65	80	17276
30	72	17277
4	61	17284
12	72	17286
37	53	17291
4	72	17296
38	72	17297
9	53	17301
35	94	17301
44	72	17304
59	65	17305
18	72	17306
12	72	17308
50	72	17315
59	72	17316
23	53	17326
72	90	17330
72	83	17339
9	90	17340
28	74	17348
72	89	17349
12	69	17352
72	87	17357
53	72	17360
72	99	17360
12	76	17366
61	73	17371
10	64	17373
9	80	17374
95	97	17374
72	86	17376
49	53	17379
53	77	17387
72	80	17389
72	96	17393
30	53	17394
42	72	17399
29	57	17402
15	61	17405
10	75	17414
12	23	17418
9	41	17421
63	83	17428
56	72	17443
43	90	17449
30	72	17452
72	80	17454
72	74	17454
43	72	17456
9	72	17458
35	74	17461
72	78	17473
0	43	17476
0	56	17479
10	72	17479
30	72	17482
42	72	17484
22	30	17490
1	95	17491
10	72	17502
53	80	17506
30	94	17509
9	30	17511
72	90	17511
72	73	17513
9	30	17517
12	68	17520
86	89	17522
51	80	17523
40	72	17530
11	61	17537
47	65	17538
12	23	17539
30	72	17543
37	89	17546
72	83	17546
65	89	17548
23	72	17549
36	89	17549
28	80	17551
9	98	17553
21	43	17554
89	92	17556
1	2	17563
7	47	17565
5	53	17571
10	89	17571
10	97	17571
4	16	17575
11	90	17576
12	44	17576
43	72	17576
65	72	17582
1	18	17584
72	80	17585
71	74	17590
72	90	17594
65	92	17597
39	72	17598
12	28	17601
28	72	17602
41	80	17610
40	43	17612
9	24	17620
72	99	17631
30	72	17632
65	90	17634
74	97	17635
32	72	17637
22	72	17641
56	64	17646
27	44	17648
53	58	17649
11	80	17650
49	83	17653
58	72	17653
36	41	17657
66	80	17658
30	74	17659
66	75	17659
53	72	17667
26	90	17669
50	70	17669
10	75	17670
74	86	17672
50	98	17674
87	94	17681
12	59	17683
38	72	17685
66	95	17689
23	61	17696
51	80	17701
26	99	17702
10	72	17705
43	72	17707
30	87	17711
28	85	17713
22	52	17715
23	72	17720
9	27	17721
8	87	17722
8	14	17732
53	83	17738
68	72	17741
14	72	17746
65	80	17750
12	72	17754
53	64	17755
36	55	17756
72	80	17758
16	72	17760
35	90	17760
49	72	17763
53	72	17763
48	88	17764
4	6	17766
57	72	17770
43	74	17771
43	48	17772
35	53	17778
23	28	17781
18	72	17782
26	28	17782
61	62	17782
30	65	17783
64	72	17786
58	68	17788
10	53	17790
36	72	17794
36	72	17795
72	91	17806
11	82	17808
9	80	17812
11	72	17812
17	80	17817
12	97	17818
28	72	17818
72	80	17826
30	72	17830
59	72	17830
9	66	17833
21	68	17834
12	72	17838
30	57	17841
74	81	17843
28	96	17847
32	61	17848
10	28	17851
33	46	17852
10	89	17858
23	88	17866
12	65	17868
72	77	17868
18	41	17875
29	61	17877
30	72	17877
30	57	17878
67	72	17880
18	50	17881
30	72	17888
30	72	17891
12	30	17894
61	80	17894
13	30	17899
30	57	17905
41	72	17905
30	43	17909
59	65	17909
64	80	17911
19	46	17916
57	72	17916
12	72	17922
17	72	17925
49	72	17927
12	74	17928
70	75	17928
33	81	17933
72	74	17934
29	72	17935
72	74	17940
28	72	17944
46	82	17947
6	72	17948
84	90	17949
58	80	17951
12	17	17953
1	13	17956
28	72	17959
30	78	17960
72	75	17961
45	53	17965
57	66	17968
75	89	17969
19	53	17972
10	41	17973
30	80	17975
47	89	17975
10	43	17976
46	72	17976
72	80	17981
75	92	17992
19	81	17995
36	72	18000
30	43	18002
30	56	18007
53	80	18012
85	98	18019
52	74	18022
31	89	18023
65	72	18024
43	99	18027
9	36	18036
18	27	18037
18	80	18040
53	72	18041
28	72	18044
56	72	18049
10	72	18050
43	53	18052
13	43	18053
10	53	18054
12	84	18061
64	72	18067
74	80	18068
12	53	18070
26	72	18071
10	30	18074
73	81	18076
10	56	18079
30	72	18080
72	92	18082
72	80	18089
30	61	18090
1	72	18101
66	99	18105
53	66	18109
24	72	18111
30	81	18112
66	72	18116
71	72	18116
30	72	18120
2	47	18122
29	43	18123
29	56	18123
40	47	18126
49	53	18126
72	76	18126
57	72	18138
23	72	18140
43	44	18143
58	80	18143
72	73	18147
53	60	18152
43	72	18160
2	72	18161
70	92	18161
6	72	18164
43	72	18165
53	72	18170
10	50	18171
19	30	18173
17	72	18174
37	61	18175
72	94	18175
43	72	18178
2	72	18184
80	91	18186
57	72	18188
10	92	18192
30	72	18194
30	65	18197
68	90	18197
10	72	18198
5	9	18204
42	84	18204
30	53	18208
30	98	18209
35	80	18215
68	72	18217
10	80	18219
35	72	18219
36	72	18227
61	86	18228
72	99	18228
53	80	18231
43	72	18232
10	72	18240
72	92	18242
3	72	18251
10	72	18251
72	95	18254
1	76	18264
27	90	18265
69	89	18267
30	45	18268
1	61	18273
10	72	18274
24	72	18276
56	72	18277
12	92	18280
57	80	18281
53	72	18282
72	80	18283
57	72	18297
72	90	18297
57	72	18301
35	62	18303
30	51	18305
11	30	18309
10	84	18310
43	72	18318
72	99	18319
12	72	18320
12	50	18321
61	72	18324
18	98	18344
21	22	18344
48	72	18344
53	59	18346
9	57	18349
10	72	18349
45	83	18350
16	72	18352
20	72	18354
35	42	18361
30	68	18367
35	72	18368
45	80	18374
12	47	18379
53	72	18379
54	80	18385
72	91	18386
11	72	18388
72	90	18391
59	92	18392
72	94	18394
9	72	18399
72	73	18400
29	72	18401
72	98	18406
30	64	18408
36	43	18408
72	98	18410
1	80	18416
4	30	18419
53	74	18420
72	80	18420
86	92	18423
1	72	18425
67	73	18427
11	26	18428
4	72	18429
22	77	18430
65	72	18434
12	72	18437
72	86	18437
50	58	18438
35	80	18439
9	35	18442
28	72	18447
28	66	18447
27	72	18454
28	72	18454
33	72	18462
74	87	18462
64	80	18463
72	79	18465
35	46	18466
53	64	18469
18	30	18474
30	82	18474
39	72	18478
77	98	18478
57	72	18479
30	53	18480
43	64	18481
36	72	18482
57	74	18482
35	72	18484
13	72	18485
9	12	18490
53	94	18498
12	28	18506
53	86	18506
72	92	18510
36	72	18516
59	72	18516
20	53	18519
36	87	18523
12	69	18524
72	83	18524
18	70	18527
46	86	18528
53	66	18529
72	94	18534
50	53	18536
10	72	18539
72	97	18543
21	72	18545
72	99	18545
9	72	18548
1	9	18550
1	18	18557
30	75	18558
16	72	18559
81	92	18559
48	80	18562
30	53	18567
72	80	18567
43	57	18569
30	72	18570
43	72	18570
30	72	18573
55	80	18574
10	72	18575
53	64	18575
72	95	18577
12	72	18580
72	86	18581
30	72	18582
72	82	18582
72	87	18583
30	72	18590
11	30	18598
57	72	18599
3	72	18601
9	29	18605
15	72	18606
80	90	18607
16	72	18608
72	99	18608
50	83	18611
18	23	18615
10	80	18617
49	72	18621
75	83	18628
72	95	18630
30	95	18645
64	75	18647
64	72	18651
43	72	18655
43	81	18655
12	78	18657
16	27	18662
3	80	18666
80	93	18670
72	83	18672
72	83	18678
57	58	18680
29	60	18682
30	53	18684
30	72	18685
1	40	18688
30	57	18688
13	72	18690
42	72	18690
10	13	18692
43	72	18695
82	98	18697
80	85	18708
18	31	18713
72	83	18714
10	53	18716
30	94	18725
72	79	18727
35	72	18728
43	99	18728
11	43	18732
43	72	18732
28	53	18742
72	92	18743
60	72	18751
61	72	18767
53	80	18768
53	72	18778
35	72	18783
30	50	18784
11	61	18785
45	72	18786
12	72	18795
65	94	18800
43	56	18803
23	84	18808
24	63	18808
1	26	18813
56	72	18818
56	74	18818
23	66	18819
56	72	18819
0	10	18823
36	72	18825
72	80	18829
72	93	18829
53	72	18830
53	79	18831
57	86	18831
72	94	18832
72	84	18832
4	29	18837
12	72	18837
12	41	18838
50	53	18840
1	10	18843
43	87	18844
23	58	18849
57	99	18852
72	73	18852
57	72	18853
10	72	18858
9	53	18861
3	12	18876
11	72	18880
53	89	18880
72	94	18880
10	28	18883
1	43	18888
86	89	18888
9	60	18889
24	72	18895
68	72	18895
36	80	18896
37	72	18905
1	94	18907
12	16	18908
23	80	18915
26	46	18916
40	72	18917
69	72	18919
17	28	18921
38	63	18921
72	93	18921
64	72	18924
36	72	18926
60	79	18927
72	80	18927
43	83	18929
35	54	18932
53	72	18937
64	72	18938
29	65	18940
43	99	18942
45	72	18944
30	80	18946
53	82	18946
26	80	18947
37	43	18952
59	65	18958
17	56	18959
65	72	18959
12	15	18962
56	72	18962
10	72	18965
72	80	18965
12	76	18966
48	53	18974
7	72	18977
72	74	18977
42	80	18982
30	72	18983
6	80	18984
57	68	18987
72	99	18988
72	80	19004
37	74	19005
29	72	19007
50	72	19010
28	39	19017
52	72	19019
43	72	19022
40	72	19023
11	53	19029
53	71	19034
4	72	19038
16	31	19044
37	72	19044
50	80	19044
30	33	19048
30	60	19051
63	80	19060
72	80	19062
50	72	19064
31	72	19065
24	72	19068
10	80	19069
75	80	19070
13	90	19083
4	72	19086
72	80	19090
30	53	19093
28	72	19099
46	89	19100
72	99	19109
12	83	19116
23	29	19117
64	70	19117
46	72	19122
65	72	19127
53	72	19135
60	79	19136
43	77	19137
10	50	19144
12	72	19144
44	83	19150
80	86	19150
30	92	19151
19	30	19152
72	99	19153
56	72	19154
65	72	19154
9	42	19155
4	72	19156
12	53	19161
27	80	19161
37	57	19161
30	87	19162
72	80	19166
9	72	19169
33	72	19172
46	72	19173
19	36	19174
60	85	19179
1	5	19185
36	72	19185
72	93	19188
12	72	19193
53	72	19194
72	87	19195
22	72	19198
72	90	19203
67	72	19211
30	72	19214
32	53	19215
30	99	19218
43	86	19219
63	66	19219
81	88	19220
72	99	19222
18	27	19228
58	72	19229
57	77	19232
15	43	19234
12	53	19244
31	94	19245
13	72	19251
43	77	19253
29	65	19256
43	46	19259
59	72	19260
12	74	19263
2	10	19267
27	99	19271
72	74	19275
35	53	19277
53	72	19281
69	88	19283
57	72	19285
23	72	19291
24	30	19292
10	80	19295
31	72	19295
1	72	19300
80	89	19301
41	80	19302
57	72	19302
65	72	19302
20	57	19314
10	44	19318
72	98	19320
65	88	19325
20	69	19327
43	54	19335
72	98	19338
72	80	19339
39	46	19340
43	72	19341
21	80	19342
41	80	19342
36	57	19345
72	77	19349
72	96	19349
1	99	19353
72	92	19353
53	72	19354
12	72	19361
72	94	19364
6	53	19375
30	72	19375
65	72	19378
52	80	19380
55	72	19381
66	72	19385
97	99	19394
25	53	19396
29	72	19401
9	50	19407
12	44	19409
80	94	19409
72	83	19412
87	89	19413
50	72	19414
50	60	19414
23	65	19418
19	56	19422
72	97	19426
12	72	19427
72	74	19429
53	72	19431
26	30	19433
9	72	19434
31	53	19435
43	72	19435
53	98	19440
72	83	19440
72	78	19443
53	72	19445
28	66	19447
12	26	19448
53	62	19448
34	45	19451
72	76	19459
27	41	19463
21	72	19467
12	67	19475
72	94	19476
72	79	19478
65	80	19480
29	72	19486
9	53	19487
30	72	19487
22	53	19488
46	72	19488
57	72	19488
72	90	19491
44	72	19492
12	95	19493
62	63	19494
17	71	19495
72	89	19496
43	72	19505
64	95	19506
61	72	19510
72	86	19511
53	56	19512
72	89	19514
72	85	19516
24	72	19520
61	72	19522
20	72	19528
72	73	19529
2	88	19550
36	58	19551
10	43	19554
72	80	19555
36	72	19556
33	74	19580
46	72	19584
74	75	19584
28	72	19588
7	67	19597
28	72	19603
43	72	19608
53	72	19608
53	57	19609
11	96	19616
29	72	19616
45	72	19623
43	48	19626
61	99	19631
65	72	19636
30	85	19643
65	72	19643
43	72	19654
53	82	19656
30	97	19657
72	91	19657
30	72	19658
32	44	19660
53	90	19660
30	43	19667
6	35	19668
72	82	19674
32	57	19678
65	72	19679
72	73	19681
57	72	19682
64	72	19685
73	80	19689
41	61	19695
12	45	19701
9	18	19708
40	50	19710
0	72	19716
39	72	19719
65	72	19722
4	57	19724
59	72	19724
72	87	19727
30	74	19728
53	80	19729
72	75	19729
63	90	19731
72	91	19735
23	72	19736
29	75	19745
72	83	19748
22	48	19750
28	53	19753
30	87	19755
23	72	19759
72	96	19760
7	74	19768
3	72	19770
29	75	19775
48	70	19784
43	72	19801
19	72	19806
43	76	19807
3	67	19808
30	80	19812
66	72	19813
35	39	19815
49	53	19816
72	89	19820
26	72	19828
30	48	19831
72	90	19831
53	80	19832
72	80	19834
10	47	19837
22	72	19837
63	94	19837
55	72	19840
30	43	19842
43	72	19844
10	72	19847
28	43	19847
69	72	19849
63	72	19852
30	89	19853
30	80	19854
72	80	19856
23	82	19858
29	72	19865
31	72	19866
72	80	19868
28	72	19869
50	72	19871
79	80	19875
10	72	19876
12	69	19880
5	72	19882
72	80	19894
65	72	19896
53	86	19897
67	90	19898
1	86	19899
4	9	19902
59	62	19907
61	72	19914
72	90	19918
19	72	19920
11	20	19922
30	61	19922
53	80	19922
60	72	19927
28	65	19933
29	30	19933
15	83	19934
55	72	19934
23	42	19936
39	98	19936
60	96	19937
57	72	19940
80	94	19940
60	72	19941
72	80	19946
73	74	19950
80	94	19950
72	92	19951
30	72	19956
10	47	19957
10	90	19958
10	37	19958
28	72	19958
86	90	19958
64	72	19966
14	43	19971
53	72	19975
43	61	19976
59	80	19977
9	59	19978
26	73	19981
53	84	19982
28	59	19987
43	57	19987
72	90	19988
34	90	19990
12	80	19992
35	80	19995
4	35	19998
30	98	20000
