19	83	1
28	59	2
21	32	13
9	22	14
0	95	18
21	67	20
53	72	22
17	92	52
20	82	58
7	70	59
14	36	69
20	23	69
36	85	76
54	59	93
22	98	106
9	57	110
24	31	115
66	91	118
20	85	129
2	78	131
54	94	134
63	87	135
30	35	139
22	32	147
20	90	148
20	63	152
31	92	153
29	61	158
35	40	166
12	88	173
0	88	181
13	39	185
51	56	186
20	70	191
19	56	196
0	52	199
60	82	204
32	87	207
9	98	220
0	40	224
20	53	229
67	87	237
13	33	241
20	74	241
20	66	252
71	98	257
29	55	260
20	75	263
64	91	264
35	49	269
3	43	270
29	36	273
5	22	276
36	40	284
3	36	287
14	92	308
8	22	321
20	36	321
23	41	333
35	78	335
21	78	341
2	74	344
20	69	345
4	7	346
2	20	349
70	76	359
61	75	361
20	32	367
7	52	373
65	75	376
20	40	380
9	82	387
22	32	387
34	52	393
3	50	395
20	98	402
22	50	405
8	20	430
29	84	430
57	74	435
21	22	439
81	85	445
20	69	447
62	65	448
62	83	449
19	73	453
10	98	463
20	86	465
21	59	465
92	93	474
0	99	475
74	92	478
20	22	479
41	73	487
32	50	490
20	52	497
21	48	502
36	74	514
71	89	517
32	99	523
38	92	523
22	36	524
65	74	524
2	83	531
15	92	536
15	50	543
22	57	544
20	88	553
27	55	554
40	86	557
70	79	560
74	92	562
38	84	570
20	71	572
53	70	574
25	65	576
20	62	581
90	98	583
32	86	597
20	22	600
34	63	601
20	88	604
0	98	608
11	87	608
6	72	610
63	98	622
20	94	631
75	95	634
20	90	635
97	99	635
9	55	636
21	37	636
18	87	639
20	81	641
20	70	645
20	29	650
70	74	655
32	95	662
32	65	664
45	97	664
29	77	667
74	85	669
81	84	669
9	84	673
20	56	683
29	99	700
36	57	703
15	69	715
32	95	717
67	91	723
14	67	727
45	69	732
20	88	734
16	27	738
20	58	761
16	50	762
20	63	764
15	51	775
26	92	777
38	71	777
12	87	783
8	62	792
20	83	793
41	57	802
59	88	803
65	78	813
7	20	818
8	34	818
83	92	825
14	31	827
19	95	832
49	98	845
35	71	862
9	38	875
6	29	876
55	82	879
21	22	881
44	92	883
19	91	886
20	61	889
5	22	890
20	79	894
72	90	895
16	23	903
0	16	904
16	75	905
38	69	920
38	57	930
9	88	933
75	94	940
20	65	946
21	82	954
54	75	972
36	53	974
11	15	980
55	65	981
20	40	992
0	25	993
21	69	993
68	92	998
6	8	1003
98	99	1006
20	38	1010
31	99	1013
34	82	1015
64	96	1023
41	95	1025
43	92	1026
20	52	1038
59	94	1044
31	32	1048
29	51	1051
20	92	1058
20	45	1058
35	52	1067
0	96	1073
6	71	1081
20	92	1083
3	98	1085
20	29	1099
8	20	1101
20	85	1102
53	71	1102
16	74	1103
74	77	1103
20	30	1108
20	69	1120
48	54	1121
85	87	1128
29	94	1131
5	20	1143
41	48	1150
12	74	1152
11	22	1158
2	20	1174
81	95	1175
24	87	1178
7	54	1183
11	43	1184
15	57	1198
38	59	1200
22	56	1202
14	29	1206
0	3	1228
60	63	1229
61	93	1237
32	89	1238
20	32	1252
7	69	1260
20	84	1260
18	20	1266
20	71	1273
33	66	1275
29	94	1283
20	71	1288
32	85	1288
0	77	1290
45	56	1293
67	82	1293
3	35	1297
18	36	1302
11	13	1307
32	99	1310
6	87	1316
57	75	1325
73	86	1328
2	99	1341
36	81	1348
7	99	1364
3	20	1372
65	74	1379
34	99	1381
61	95	1382
32	92	1384
34	85	1393
30	61	1396
35	36	1399
20	84	1401
8	65	1402
22	37	1403
0	20	1404
29	41	1405
5	37	1407
32	84	1407
28	78	1408
6	36	1413
61	79	1415
20	32	1416
9	33	1417
21	43	1418
20	47	1424
23	74	1429
20	90	1433
35	98	1433
20	70	1439
34	62	1448
47	70	1452
35	85	1453
20	95	1454
14	84	1460
88	91	1463
53	59	1465
46	87	1468
11	44	1479
6	59	1487
12	20	1489
1	29	1493
4	67	1494
55	99	1497
59	75	1499
35	70	1501
43	64	1501
10	29	1506
20	83	1508
20	83	1515
20	61	1524
22	44	1540
20	91	1544
32	40	1553
21	29	1557
45	82	1568
74	87	1569
42	70	1570
20	98	1577
41	55	1577
55	75	1580
20	83	1582
19	50	1587
20	82	1590
32	88	1595
66	85	1602
57	83	1605
20	92	1610
11	92	1613
20	98	1616
50	61	1617
12	45	1618
15	85	1624
24	33	1631
2	93	1644
7	60	1644
2	51	1645
13	83	1651
36	38	1651
21	99	1655
9	88	1656
17	47	1662
6	71	1663
4	69	1664
10	67	1666
20	72	1669
52	70	1684
2	32	1686
0	98	1689
20	34	1690
20	65	1700
29	30	1700
12	39	1711
20	90	1711
45	75	1711
36	48	1713
3	52	1719
88	96	1720
84	86	1721
20	75	1733
14	40	1748
20	74	1748
77	87	1748
12	89	1757
43	99	1758
18	21	1760
84	89	1761
29	59	1763
49	96	1767
14	77	1768
20	74	1770
20	99	1781
20	97	1781
7	69	1787
22	74	1808
17	20	1809
0	80	1811
74	76	1813
59	68	1820
50	71	1826
9	11	1827
0	1	1830
18	24	1835
39	94	1846
4	98	1848
5	15	1854
36	82	1854
20	34	1861
73	94	1871
65	94	1878
20	32	1881
29	67	1886
5	38	1892
13	20	1899
51	60	1899
30	70	1905
1	94	1908
52	61	1911
47	99	1912
37	74	1916
40	62	1922
4	71	1923
29	30	1924
24	92	1930
50	88	1930
23	25	1933
77	91	1944
91	95	1949
57	63	1956
34	61	1975
49	74	1975
65	87	1975
75	94	1976
20	22	1977
20	65	1978
5	23	1982
42	88	1983
78	89	1995
29	53	2002
10	50	2011
22	55	2011
53	74	2015
0	22	2024
20	52	2026
11	92	2029
13	91	2033
6	51	2034
22	99	2034
29	75	2034
20	92	2037
21	53	2040
0	40	2041
6	75	2044
20	61	2050
9	50	2057
0	29	2066
10	94	2068
20	55	2068
22	93	2068
0	29	2074
20	95	2074
8	14	2076
51	78	2085
29	74	2086
17	38	2090
7	75	2103
0	56	2107
2	29	2113
20	45	2114
51	91	2114
11	39	2117
29	45	2127
0	88	2130
16	94	2132
81	87	2132
58	78	2133
9	20	2142
20	74	2144
42	66	2153
13	23	2158
14	61	2183
39	52	2183
4	83	2185
17	20	2190
20	83	2197
22	29	2210
60	63	2214
26	32	2215
61	95	2225
59	68	2231
21	50	2237
82	92	2252
47	89	2257
61	89	2264
82	94	2280
20	65	2282
4	99	2284
91	92	2284
2	73	2286
34	92	2286
68	70	2286
5	21	2287
0	28	2288
2	86	2289
14	87	2290
20	61	2292
24	43	2292
55	97	2301
38	42	2307
87	95	2320
8	99	2323
0	40	2328
27	84	2335
20	52	2338
29	92	2343
20	21	2356
14	34	2358
20	55	2362
74	93	2364
1	87	2366
24	61	2367
20	99	2376
71	98	2384
65	79	2386
3	41	2387
50	99	2388
84	92	2394
21	69	2407
34	38	2408
34	86	2408
36	84	2414
9	94	2419
2	31	2430
20	78	2430
17	59	2435
20	48	2444
84	99	2470
32	98	2471
30	54	2475
68	85	2478
78	85	2478
68	70	2479
3	93	2483
0	77	2496
59	99	2498
20	78	2499
13	94	2506
32	98	2507
41	98	2509
3	45	2511
11	33	2511
5	90	2514
20	71	2518
80	84	2524
25	55	2525
3	55	2529
65	88	2531
18	74	2532
53	82	2536
15	35	2537
20	98	2541
7	20	2547
3	47	2551
74	86	2558
21	34	2561
70	74	2572
43	82	2578
92	93	2578
1	9	2581
5	59	2582
38	79	2582
30	38	2583
43	74	2588
3	12	2590
20	75	2592
30	88	2600
0	84	2603
14	55	2603
22	65	2611
37	63	2619
32	91	2623
9	20	2625
19	32	2635
63	88	2645
7	56	2648
63	94	2666
1	41	2669
13	75	2673
21	93	2677
19	69	2685
32	92	2694
12	86	2709
75	98	2716
20	96	2722
90	92	2730
10	83	2741
29	95	2752
38	74	2754
41	74	2766
19	58	2769
20	61	2774
22	42	2777
23	32	2778
20	98	2786
3	33	2796
44	90	2805
20	69	2815
18	99	2823
35	39	2833
33	87	2837
51	82	2846
9	58	2848
7	21	2849
20	93	2864
8	61	2868
1	65	2869
0	88	2871
29	31	2871
78	95	2873
42	82	2877
32	51	2886
74	92	2910
20	52	2913
8	92	2917
20	97	2917
74	76	2924
1	79	2925
59	89	2926
14	36	2931
21	74	2931
12	83	2936
14	47	2936
82	85	2936
3	59	2945
19	36	2946
3	97	2951
46	67	2955
36	49	2957
32	53	2970
90	91	2971
7	63	2973
41	61	2989
40	91	2992
13	56	3002
20	99	3024
83	99	3026
55	81	3028
22	73	3036
21	43	3043
6	61	3059
20	43	3073
90	94	3079
78	82	3097
3	92	3102
3	6	3117
66	98	3122
32	41	3128
21	91	3129
34	40	3129
6	22	3133
45	50	3137
29	32	3139
20	36	3150
5	34	3152
12	40	3174
11	80	3180
3	32	3195
65	93	3198
16	82	3208
89	94	3217
20	99	3222
2	11	3224
52	81	3226
20	73	3228
65	69	3234
20	73	3239
21	53	3241
20	88	3243
20	74	3247
32	44	3248
7	49	3251
85	98	3268
65	66	3273
87	99	3274
20	53	3275
20	98	3281
20	98	3287
65	99	3296
65	93	3296
0	20	3303
1	88	3321
32	36	3323
20	51	3328
21	82	3328
11	32	3329
20	59	3334
56	92	3335
10	99	3344
84	99	3345
41	92	3358
9	37	3371
32	59	3374
29	69	3377
20	59	3384
35	52	3385
44	52	3388
70	95	3394
11	13	3395
16	43	3397
74	90	3402
21	93	3408
15	20	3409
14	93	3410
78	81	3412
47	55	3417
20	52	3420
57	70	3423
32	33	3432
14	36	3433
21	24	3450
21	24	3456
65	87	3456
20	99	3466
41	74	3466
7	92	3470
21	97	3470
65	88	3482
10	74	3486
9	96	3494
14	65	3498
69	92	3502
42	50	3508
26	90	3512
6	36	3514
64	75	3516
22	61	3517
0	9	3532
51	90	3535
62	98	3538
22	57	3541
20	64	3550
84	99	3552
20	46	3555
6	94	3562
21	52	3566
43	58	3566
6	73	3567
12	92	3578
12	27	3593
0	4	3594
6	76	3594
14	29	3596
75	99	3596
20	89	3597
0	4	3598
75	99	3613
0	15	3621
17	98	3625
12	85	3630
14	58	3630
20	38	3630
39	65	3634
51	77	3639
20	62	3642
32	51	3642
4	24	3649
36	70	3650
25	48	3653
16	61	3673
51	68	3677
20	55	3678
65	74	3680
37	98	3682
34	89	3701
49	53	3702
29	43	3703
20	50	3710
90	97	3710
91	97	3729
20	68	3733
63	71	3741
16	90	3745
71	90	3746
7	65	3752
41	94	3753
20	75	3755
37	55	3758
20	81	3765
38	94	3766
20	37	3768
29	85	3769
13	32	3770
62	75	3770
15	55	3772
76	86	3788
4	81	3791
18	20	3792
18	65	3792
6	76	3795
11	22	3796
19	88	3800
41	56	3801
13	38	3803
0	21	3806
59	62	3810
27	31	3828
5	88	3833
18	40	3834
71	92	3834
51	95	3835
11	70	3839
21	57	3839
52	91	3842
70	87	3843
5	59	3845
17	69	3846
24	87	3847
29	94	3849
85	99	3849
29	35	3853
20	23	3860
7	34	3863
24	41	3875
16	20	3876
74	84	3880
20	75	3883
78	99	3886
20	65	3888
32	33	3889
65	84	3890
20	36	3891
29	37	3899
34	82	3903
39	59	3905
21	29	3909
9	18	3915
20	42	3917
54	66	3922
13	21	3933
7	32	3934
71	73	3942
26	45	3944
76	98	3952
31	89	3953
21	99	3955
32	50	3973
93	95	3976
20	84	3983
12	29	3991
32	49	3998
47	82	4006
32	67	4010
28	74	4020
15	49	4021
13	43	4023
28	99	4023
20	39	4029
1	14	4030
26	68	4030
49	65	4032
50	91	4032
14	19	4046
48	88	4048
9	34	4056
68	85	4058
8	20	4059
22	52	4064
21	44	4069
20	61	4072
86	96	4077
4	9	4093
19	61	4112
20	92	4117
12	20	4118
84	86	4126
7	12	4127
18	70	4135
52	65	4137
19	55	4141
59	80	4148
49	52	4150
6	65	4151
4	98	4153
6	12	4168
58	92	4177
67	88	4181
75	87	4181
9	85	4189
38	94	4192
57	65	4193
19	67	4196
13	30	4202
29	93	4209
69	76	4211
26	52	4219
14	57	4222
20	32	4235
11	86	4237
6	53	4238
20	93	4238
98	99	4254
20	57	4258
86	88	4260
12	20	4265
20	99	4266
21	73	4267
1	94	4270
16	20	4271
34	86	4292
20	95	4294
22	29	4313
34	41	4326
74	80	4334
14	51	4335
34	91	4340
20	99	4342
45	88	4352
25	38	4354
53	68	4356
29	31	4361
46	99	4362
3	30	4364
22	45	4364
22	47	4376
20	65	4381
54	74	4391
0	36	4393
50	59	4393
66	71	4396
12	88	4399
54	79	4399
22	24	4404
20	29	4406
15	60	4411
22	29	4419
30	83	4419
29	38	4424
11	20	4426
76	98	4434
29	59	4443
20	75	4448
80	92	4451
28	74	4460
20	93	4471
10	78	4473
20	26	4474
39	76	4475
14	97	4484
28	65	4493
11	30	4498
32	84	4499
32	33	4505
20	25	4507
11	78	4509
20	65	4523
59	82	4527
4	92	4528
81	85	4531
7	30	4545
36	98	4546
13	29	4549
23	99	4549
72	90	4554
5	79	4557
9	84	4557
0	61	4558
4	65	4567
20	99	4581
24	57	4589
4	32	4594
14	32	4594
29	90	4608
0	14	4612
15	39	4616
65	85	4619
9	99	4629
12	21	4648
69	78	4655
0	20	4657
50	61	4662
72	91	4667
24	96	4673
78	99	4676
32	36	4680
20	41	4683
0	14	4690
12	20	4698
66	88	4698
14	20	4701
29	43	4702
65	69	4704
43	73	4713
21	99	4722
31	94	4722
10	21	4725
63	88	4725
20	96	4731
32	36	4731
78	98	4733
29	43	4740
55	82	4756
15	42	4795
45	65	4795
17	88	4823
4	21	4825
25	90	4826
29	55	4832
26	32	4841
15	74	4845
45	88	4846
80	92	4849
20	74	4852
20	99	4859
22	75	4869
9	56	4872
69	76	4872
20	22	4875
7	75	4900
66	82	4900
21	70	4903
20	61	4910
39	92	4915
26	50	4926
2	57	4928
59	72	4929
20	50	4931
48	56	4932
65	76	4935
32	98	4945
29	37	4952
14	38	4953
22	52	4954
15	90	4961
30	69	4964
20	32	4980
20	58	4985
20	87	4997
34	65	4997
11	20	5001
87	94	5005
51	71	5023
8	83	5032
4	21	5041
45	92	5041
55	79	5045
28	90	5048
20	81	5054
10	94	5055
57	74	5055
7	16	5058
3	46	5060
20	32	5066
70	82	5068
11	76	5069
7	14	5070
8	34	5070
0	97	5077
29	99	5092
9	82	5093
20	32	5093
0	82	5097
0	41	5098
51	54	5100
0	36	5109
70	85	5110
65	83	5112
21	65	5119
17	90	5122
92	99	5131
20	65	5135
20	33	5142
2	98	5147
41	90	5157
48	61	5158
17	85	5164
66	82	5166
94	98	5168
20	73	5172
3	71	5176
20	36	5180
21	45	5181
27	65	5185
45	74	5193
29	59	5194
28	69	5198
69	74	5204
39	60	5212
32	94	5219
55	62	5224
16	47	5231
29	32	5232
53	74	5232
39	49	5236
32	77	5239
40	82	5244
59	71	5259
31	66	5260
76	89	5272
54	74	5277
42	54	5290
14	48	5291
22	89	5295
18	23	5298
9	36	5300
59	80	5302
20	45	5305
72	74	5308
20	96	5310
4	90	5315
3	65	5319
6	20	5322
7	29	5330
20	70	5332
11	14	5334
32	40	5338
24	75	5339
64	84	5346
7	83	5349
18	76	5349
10	49	5352
0	41	5359
60	94	5371
11	57	5372
85	90	5373
51	92	5375
36	44	5389
52	82	5396
17	32	5399
69	87	5405
16	76	5410
19	75	5414
55	84	5415
26	92	5421
36	98	5423
32	70	5430
29	99	5437
59	74	5439
46	53	5447
20	47	5448
20	96	5463
20	56	5466
8	42	5473
78	84	5481
20	40	5487
12	21	5493
65	74	5504
41	65	5508
20	62	5511
29	84	5523
68	92	5533
92	94	5533
0	20	5534
47	85	5535
11	38	5537
12	86	5543
27	57	5547
32	40	5551
36	71	5552
61	74	5554
55	88	5560
80	98	5563
40	95	5566
66	67	5569
36	73	5573
32	44	5574
35	41	5584
36	92	5585
74	98	5595
20	92	5596
62	92	5597
56	66	5598
37	82	5602
6	36	5612
20	99	5614
91	93	5619
46	98	5620
20	32	5625
1	69	5635
56	73	5637
49	85	5638
29	32	5642
4	11	5646
20	43	5649
0	62	5656
36	98	5656
59	68	5664
9	20	5667
4	26	5671
69	92	5673
72	87	5676
78	88	5676
11	20	5678
46	88	5686
4	8	5690
14	36	5692
29	49	5696
41	76	5701
4	70	5707
56	68	5707
82	93	5709
74	89	5719
69	98	5726
74	97	5726
30	63	5730
12	56	5732
74	92	5741
57	74	5754
3	19	5756
59	71	5761
68	80	5761
48	87	5762
32	80	5764
59	72	5771
80	89	5771
20	80	5779
23	75	5779
2	95	5784
20	24	5785
20	55	5795
71	75	5799
33	50	5803
15	96	5804
16	67	5808
8	92	5809
24	99	5822
15	74	5825
33	74	5826
20	26	5839
20	26	5844
14	15	5846
47	66	5849
30	80	5853
0	87	5856
20	43	5862
20	92	5866
15	50	5879
14	20	5889
7	8	5909
43	93	5913
20	74	5915
51	95	5922
16	99	5925
5	11	5930
23	32	5938
52	75	5939
29	86	5943
29	57	5945
20	74	5946
38	92	5964
29	60	5965
51	81	5966
20	86	5976
29	74	5977
14	38	5978
42	87	5980
45	69	5986
29	87	5991
30	61	5992
23	75	5997
34	65	5999
20	62	6005
20	38	6011
21	30	6016
55	62	6017
7	93	6019
20	74	6024
69	93	6035
29	88	6036
13	74	6038
48	55	6039
6	83	6049
20	51	6071
12	23	6084
20	34	6087
21	71	6097
52	59	6098
20	29	6116
20	94	6122
36	47	6122
12	69	6133
8	20	6138
20	74	6140
22	92	6141
20	57	6144
52	61	6146
8	93	6164
46	98	6164
4	8	6168
9	76	6174
6	84	6181
1	94	6182
9	73	6211
17	34	6218
55	62	6218
29	53	6219
24	38	6229
20	65	6233
20	98	6237
4	90	6245
57	78	6254
0	68	6270
7	44	6278
59	86	6281
74	99	6281
0	94	6291
69	71	6293
20	29	6298
9	46	6301
20	96	6303
1	21	6308
20	85	6311
4	34	6313
48	88	6314
29	92	6320
2	18	6326
0	82	6333
59	64	6334
9	20	6340
52	98	6353
32	52	6361
9	12	6367
14	48	6367
36	86	6387
62	78	6388
93	99	6397
6	21	6399
0	7	6404
40	68	6404
40	94	6409
23	78	6411
45	59	6414
22	51	6415
15	82	6419
59	66	6427
59	92	6436
6	76	6437
6	65	6448
43	45	6452
78	98	6452
20	91	6453
5	25	6456
44	65	6457
20	25	6459
20	58	6462
74	98	6471
40	50	6477
20	62	6485
94	98	6492
92	93	6493
12	59	6494
32	89	6500
18	74	6507
20	95	6509
62	78	6517
35	84	6518
19	98	6524
14	51	6529
77	92	6543
50	53	6547
18	32	6552
21	24	6558
3	21	6565
41	98	6569
23	46	6576
29	78	6576
17	97	6582
32	88	6594
81	94	6598
11	20	6600
20	51	6612
1	77	6618
65	86	6618
91	92	6618
31	49	6625
43	98	6627
20	85	6628
43	74	6632
69	99	6637
72	82	6643
20	61	6646
43	68	6649
74	92	6654
43	65	6655
20	92	6657
29	88	6658
1	15	6663
14	99	6671
63	91	6678
70	83	6682
9	15	6686
63	76	6688
27	37	6691
40	94	6693
61	76	6693
74	92	6693
37	49	6695
7	36	6700
67	87	6710
8	17	6714
21	71	6718
41	65	6718
65	94	6720
15	20	6728
29	75	6731
7	62	6733
32	74	6735
29	55	6737
29	34	6738
82	86	6761
0	76	6764
20	76	6765
42	87	6765
0	56	6766
23	99	6768
20	68	6775
74	91	6784
74	98	6785
21	93	6789
17	34	6790
3	21	6794
20	92	6799
59	92	6804
71	90	6804
55	71	6811
21	32	6812
20	53	6813
49	88	6822
11	89	6827
68	99	6832
24	97	6833
0	66	6836
61	98	6836
26	62	6840
20	59	6847
3	65	6851
10	98	6851
21	86	6852
63	74	6854
0	71	6860
20	22	6866
25	79	6871
26	59	6874
16	34	6876
20	86	6889
7	98	6892
57	99	6893
8	84	6905
20	51	6913
11	26	6915
29	36	6923
40	70	6932
48	88	6934
7	37	6937
12	20	6939
43	97	6941
0	84	6942
4	59	6948
20	29	6956
61	95	6957
32	39	6959
79	94	6962
34	70	6970
74	97	6973
51	98	6975
20	61	6979
46	91	6982
65	68	6982
20	52	6986
20	43	6986
0	90	6987
0	69	6987
5	29	6992
20	93	6995
36	98	6997
20	89	7011
32	98	7014
20	25	7017
20	62	7018
32	62	7019
16	96	7022
54	89	7028
22	74	7036
0	20	7042
2	61	7052
34	68	7052
0	4	7076
45	57	7077
7	19	7084
29	57	7093
20	34	7105
18	22	7106
38	79	7106
20	65	7114
20	38	7117
20	52	7121
41	84	7149
37	74	7150
14	20	7156
20	29	7162
64	82	7166
9	97	7172
20	58	7177
20	29	7188
36	92	7196
16	31	7207
79	82	7208
71	99	7226
12	65	7227
59	74	7229
4	18	7237
46	82	7245
78	92	7246
16	20	7252
13	51	7262
29	94	7266
21	22	7267
56	65	7273
0	35	7279
17	50	7287
2	50	7295
71	74	7298
11	36	7302
88	89	7302
65	97	7305
0	83	7307
13	70	7312
22	88	7316
16	41	7317
20	97	7319
0	57	7321
20	74	7325
30	32	7331
5	70	7333
29	73	7333
21	29	7335
32	51	7335
20	37	7339
16	20	7342
20	61	7346
3	20	7349
83	96	7350
8	69	7356
28	92	7359
15	93	7360
20	28	7360
10	22	7362
20	98	7363
20	81	7365
20	35	7379
19	29	7382
21	55	7384
8	34	7386
14	52	7397
20	74	7403
41	82	7408
12	20	7412
47	99	7424
90	96	7429
34	84	7445
1	20	7450
6	75	7463
13	60	7464
32	86	7465
61	94	7470
21	92	7472
15	99	7477
24	78	7487
58	86	7489
36	98	7492
17	35	7495
42	52	7497
25	52	7498
20	21	7501
55	86	7502
20	98	7510
71	82	7510
58	96	7517
20	59	7526
2	95	7554
10	73	7566
40	43	7571
20	55	7579
22	99	7583
3	66	7593
41	42	7594
89	99	7596
30	90	7598
23	30	7613
27	70	7628
33	69	7629
73	88	7629
17	78	7651
21	63	7652
21	42	7652
33	65	7659
72	94	7660
13	34	7662
20	64	7679
66	73	7681
20	74	7683
75	88	7686
58	73	7689
75	92	7689
22	92	7695
1	71	7697
63	65	7697
10	94	7699
20	94	7707
32	34	7707
38	84	7708
21	49	7711
2	61	7712
20	92	7722
30	59	7729
27	96	7735
22	49	7738
52	74	7740
50	52	7742
19	65	7744
27	32	7744
8	32	7745
25	46	7745
53	64	7745
27	60	7756
44	93	7764
3	48	7772
22	80	7774
20	62	7783
12	37	7786
8	53	7787
21	56	7787
51	84	7790
1	63	7792
20	21	7797
20	65	7803
44	78	7803
53	79	7806
3	74	7812
51	62	7814
29	67	7824
1	98	7837
20	65	7837
88	94	7844
14	28	7845
38	43	7845
8	19	7846
20	38	7846
70	71	7859
85	96	7860
0	34	7864
22	25	7869
8	20	7881
0	74	7885
65	99	7892
32	90	7903
30	92	7906
20	56	7911
54	82	7913
1	68	7916
32	52	7917
65	79	7919
53	87	7922
20	32	7927
20	92	7934
5	80	7936
47	99	7960
4	38	7961
22	68	7967
35	89	7969
33	69	7970
5	34	7976
29	85	7978
37	99	7983
1	38	7984
29	65	8005
14	93	8010
2	70	8011
20	60	8018
20	58	8031
32	93	8031
16	87	8033
20	28	8041
29	56	8053
49	82	8053
32	92	8070
0	28	8075
20	76	8076
8	54	8077
9	90	8080
24	41	8080
16	74	8082
0	43	8084
0	67	8088
14	29	8088
5	62	8092
7	98	8096
20	99	8098
20	22	8098
21	49	8099
1	94	8100
20	86	8101
24	74	8112
6	71	8115
30	42	8116
9	61	8124
36	61	8126
56	57	8128
32	48	8136
73	87	8141
20	96	8144
20	86	8149
8	13	8150
81	82	8151
84	94	8153
20	32	8160
19	41	8162
32	99	8176
16	91	8187
57	81	8190
1	82	8191
90	92	8193
32	82	8200
19	75	8201
53	77	8206
69	86	8208
68	99	8216
33	38	8219
21	93	8220
26	60	8228
7	89	8237
35	52	8238
28	99	8247
1	99	8257
5	72	8258
36	69	8258
5	21	8260
56	90	8266
32	33	8270
9	53	8272
19	92	8276
12	45	8280
9	76	8283
24	32	8286
10	36	8293
45	84	8296
50	85	8308
34	78	8312
53	97	8314
32	78	8323
60	61	8325
10	37	8339
14	23	8339
20	59	8342
2	11	8350
9	20	8350
34	36	8350
9	74	8353
0	72	8355
1	24	8356
33	35	8358
46	74	8365
19	47	8373
43	94	8376
17	20	8379
20	98	8383
7	90	8385
7	64	8386
34	78	8392
20	43	8396
20	62	8399
49	51	8411
12	81	8417
36	76	8417
14	36	8422
65	99	8426
26	36	8433
34	69	8441
21	98	8448
20	61	8455
3	82	8457
12	98	8460
75	79	8468
52	60	8476
36	72	8479
11	90	8480
0	47	8482
22	78	8483
21	84	8487
61	90	8495
3	49	8503
32	57	8508
54	75	8509
21	66	8511
9	20	8513
43	87	8522
6	85	8528
61	70	8532
78	98	8536
3	40	8539
8	21	8545
27	74	8545
59	90	8546
68	75	8547
22	50	8550
25	91	8560
20	36	8561
54	69	8568
0	4	8580
5	76	8580
20	85	8580
20	59	8585
38	74	8586
75	90	8589
12	59	8593
21	85	8593
65	76	8598
71	94	8601
51	80	8606
25	55	8622
29	32	8627
24	99	8631
84	88	8632
44	80	8633
20	82	8644
12	65	8673
12	69	8678
20	22	8680
36	61	8682
74	92	8682
3	87	8683
37	85	8683
16	22	8684
6	24	8687
81	99	8692
76	87	8693
74	86	8694
9	92	8699
11	20	8700
15	95	8712
28	76	8713
20	92	8725
82	88	8729
61	83	8730
69	98	8730
20	76	8736
50	61	8739
9	20	8742
20	92	8745
20	95	8752
8	32	8757
21	38	8773
20	60	8776
45	92	8789
49	63	8789
2	32	8797
41	72	8801
20	65	8803
36	92	8805
56	90	8805
74	84	8810
0	74	8812
41	55	8823
1	93	8826
65	92	8829
38	80	8832
16	64	8834
15	29	8835
13	91	8836
9	22	8843
4	91	8845
57	77	8847
32	99	8849
29	30	8855
7	54	8873
20	55	8883
42	53	8896
20	40	8897
22	53	8899
49	93	8899
5	47	8903
20	67	8905
32	61	8907
70	93	8915
27	37	8935
20	21	8937
32	74	8957
66	95	8959
14	40	8960
29	34	8964
27	38	8965
4	91	8969
57	74	8970
1	55	8973
20	61	8974
33	87	8986
19	50	8987
74	87	8987
0	29	8988
8	38	8990
74	85	8997
33	54	9003
68	86	9004
21	98	9005
5	65	9007
31	92	9014
29	99	9015
0	12	9016
9	46	9020
14	74	9020
25	98	9022
71	98	9022
2	99	9027
14	59	9027
9	20	9028
29	92	9031
12	90	9035
38	98	9056
90	92	9078
37	89	9106
22	70	9114
0	44	9116
20	30	9116
20	64	9124
20	90	9125
0	61	9127
96	99	9134
21	44	9138
20	85	9144
31	34	9144
20	45	9145
51	74	9145
30	80	9147
40	77	9156
50	63	9161
19	74	9162
16	71	9171
23	51	9177
29	38	9180
0	9	9193
32	57	9195
21	51	9200
20	67	9207
29	59	9215
32	75	9216
42	60	9216
20	31	9219
61	78	9221
17	19	9222
7	54	9225
11	84	9235
59	90	9240
20	92	9244
20	57	9251
29	36	9254
9	71	9258
26	59	9260
9	21	9262
25	74	9262
9	65	9264
14	36	9264
0	19	9266
61	74	9267
29	36	9270
32	62	9276
29	82	9277
83	98	9277
9	32	9282
93	99	9284
9	54	9286
9	85	9294
20	22	9296
3	10	9299
13	24	9301
9	43	9304
87	91	9306
43	62	9316
67	72	9322
36	88	9324
20	31	9325
14	72	9327
6	52	9332
66	91	9335
20	68	9341
36	61	9341
38	74	9349
12	32	9350
32	56	9351
20	83	9362
26	37	9365
12	41	9368
4	9	9389
35	56	9389
42	88	9395
8	86	9402
20	71	9402
0	3	9408
35	83	9411
20	88	9418
2	50	9436
20	61	9441
59	69	9441
65	99	9447
31	87	9450
12	53	9458
8	99	9461
20	51	9473
8	91	9476
89	92	9487
10	20	9491
69	84	9495
14	54	9501
12	66	9509
20	25	9513
67	74	9522
20	70	9531
6	14	9532
19	29	9534
20	35	9536
27	99	9545
36	75	9545
61	83	9550
90	92	9550
39	89	9562
9	34	9565
2	20	9577
9	76	9577
29	83	9581
37	72	9584
74	82	9586
5	33	9587
37	74	9594
29	72	9602
50	74	9604
63	70	9604
15	29	9606
26	99	9610
36	52	9610
65	97	9612
41	90	9616
16	41	9617
32	45	9622
20	66	9623
20	64	9626
21	70	9644
20	38	9647
84	87	9648
18	88	9649
20	67	9656
52	91	9673
73	91	9673
74	85	9674
20	50	9675
26	42	9687
11	32	9693
7	14	9702
36	48	9705
5	83	9707
20	34	9708
37	92	9712
20	89	9715
3	38	9727
4	9	9727
39	60	9753
68	83	9756
17	96	9757
10	32	9777
75	94	9779
14	30	9780
88	90	9784
92	97	9788
35	97	9789
74	97	9790
4	20	9800
21	72	9807
6	20	9820
20	26	9820
29	50	9823
88	92	9827
65	68	9834
0	59	9844
22	45	9849
20	69	9852
17	36	9856
0	83	9858
14	20	9859
25	74	9863
47	73	9871
84	96	9876
20	35	9877
55	98	9878
20	88	9891
12	70	9900
21	92	9900
3	52	9908
24	74	9914
64	74	9919
5	80	9921
78	80	9921
52	53	9926
9	75	9935
27	90	9938
14	20	9952
20	90	9953
76	95	9955
24	65	9958
74	96	9963
40	49	9970
8	98	9972
20	71	9983
65	99	9989
17	82	9990
66	92	9992
45	90	9994
20	64	9997
8	46	9998
13	94	9999
0	87	10004
24	94	10004
20	67	10006
5	91	10011
86	95	10016
39	89	10020
28	88	10025
23	88	10027
5	20	10032
7	20	10034
32	49	10034
20	33	10035
49	99	10039
4	90	10046
33	99	10050
14	62	10054
21	83	10063
22	74	10063
29	72	10064
88	97	10065
28	80	10072
20	37	10073
57	61	10077
71	96	10080
61	76	10094
8	74	10102
59	75	10102
26	72	10108
36	60	10110
80	98	10116
49	88	10124
30	58	10128
91	94	10129
14	15	10130
22	47	10132
59	74	10137
59	92	10147
10	53	10148
45	98	10158
35	84	10159
30	68	10163
21	63	10165
43	52	10167
12	21	10171
71	84	10173
2	73	10175
29	36	10188
29	91	10200
20	70	10203
29	93	10204
9	43	10212
33	84	10241
83	98	10241
39	68	10242
0	76	10256
24	39	10256
65	98	10270
32	68	10277
29	52	10280
4	32	10281
74	88	10281
76	99	10288
32	83	10296
22	71	10302
21	69	10303
81	98	10322
5	32	10327
67	97	10334
41	81	10335
0	51	10340
20	76	10340
65	87	10341
44	74	10347
20	29	10349
49	89	10371
20	80	10373
23	69	10374
11	85	10377
20	85	10382
19	46	10383
76	98	10391
10	54	10399
65	90	10410
31	82	10421
29	93	10424
79	99	10424
14	17	10426
0	59	10427
61	74	10436
33	95	10440
41	72	10440
60	83	10440
12	83	10450
21	52	10453
37	91	10453
0	6	10457
32	88	10459
61	94	10462
46	69	10494
20	74	10502
15	20	10503
48	71	10505
20	21	10510
10	92	10520
20	96	10520
20	94	10524
45	98	10524
20	71	10532
83	87	10533
38	49	10534
21	39	10540
0	18	10543
20	53	10546
40	83	10546
53	74	10555
8	74	10562
20	56	10565
62	76	10567
20	85	10571
0	22	10572
19	36	10579
20	74	10580
46	59	10580
0	21	10586
35	76	10591
63	82	10601
80	87	10601
51	74	10606
67	84	10610
66	74	10619
36	92	10629
50	65	10634
20	54	10637
4	41	10643
32	79	10645
36	67	10646
46	70	10648
15	78	10652
69	84	10654
65	87	10656
57	97	10668
6	93	10680
14	66	10681
38	43	10684
55	92	10685
54	60	10693
9	41	10700
41	74	10706
0	16	10721
19	82	10730
82	89	10738
20	30	10740
70	96	10740
20	67	10742
44	81	10744
0	87	10747
10	68	10749
7	14	10759
20	61	10759
59	65	10761
25	88	10764
19	20	10770
11	29	10779
1	32	10780
15	37	10782
20	21	10787
21	56	10787
32	69	10792
20	99	10795
7	36	10797
21	40	10800
94	99	10808
2	94	10817
20	94	10820
70	72	10822
9	72	10827
0	57	10828
11	22	10832
19	66	10832
47	92	10832
61	99	10844
20	43	10849
20	59	10851
27	76	10862
16	61	10863
59	90	10869
29	53	10872
48	74	10889
74	90	10891
11	66	10893
3	52	10902
90	95	10904
38	92	10914
98	99	10919
0	92	10924
0	3	10924
29	36	10930
21	47	10936
33	99	10936
2	45	10949
30	67	10952
83	98	10954
20	98	10973
34	65	10974
87	98	10974
8	22	10976
49	76	10979
55	84	10987
22	88	10991
21	70	10992
14	20	10998
74	84	10999
20	83	11000
32	92	11002
56	71	11002
20	35	11005
29	36	11008
2	85	11012
24	70	11016
0	20	11017
34	52	11019
63	67	11020
15	20	11023
3	11	11031
17	27	11032
14	82	11045
52	92	11045
20	27	11054
3	13	11062
51	70	11067
78	96	11074
50	88	11080
21	59	11084
32	97	11085
35	38	11086
0	74	11088
20	75	11095
66	99	11102
14	69	11106
32	76	11108
52	65	11116
52	98	11122
71	78	11123
62	99	11127
20	59	11139
62	95	11139
56	75	11141
65	92	11148
20	62	11157
28	83	11169
65	74	11169
4	79	11181
10	20	11185
21	61	11186
32	57	11186
56	96	11192
13	83	11194
44	74	11195
55	69	11208
44	53	11212
5	81	11213
20	91	11215
26	28	11216
5	75	11221
9	47	11223
18	31	11225
20	45	11233
46	61	11237
55	90	11240
61	86	11248
16	65	11250
20	34	11255
20	67	11256
23	76	11256
73	83	11258
40	59	11260
12	64	11266
59	79	11268
7	59	11275
61	65	11275
20	52	11280
0	76	11283
86	99	11285
20	92	11294
52	92	11295
4	37	11297
32	54	11298
34	96	11307
20	34	11309
28	41	11311
51	92	11316
20	65	11317
29	55	11321
14	41	11325
9	42	11330
30	95	11331
14	24	11333
6	65	11334
20	90	11337
29	88	11339
0	28	11340
10	43	11345
0	7	11346
0	38	11348
30	55	11348
82	91	11359
70	82	11362
45	76	11372
20	61	11388
48	91	11390
24	89	11395
0	69	11398
55	84	11402
45	83	11405
92	99	11407
39	90	11416
20	32	11420
29	68	11420
0	19	11422
52	73	11424
49	92	11426
32	45	11433
11	75	11436
6	89	11439
34	98	11450
15	94	11452
14	20	11462
34	99	11474
56	59	11475
26	40	11477
22	99	11486
2	20	11495
57	83	11496
39	67	11500
3	36	11505
20	45	11514
22	94	11522
20	90	11523
29	88	11528
69	75	11535
12	34	11540
20	97	11541
62	74	11543
69	99	11545
32	93	11548
20	34	11555
44	71	11560
1	9	11565
25	60	11565
46	83	11573
20	27	11575
50	98	11575
21	64	11585
36	38	11596
22	78	11602
9	51	11611
15	58	11612
41	88	11614
20	38	11628
54	60	11628
75	98	11652
48	92	11655
36	49	11656
64	65	11672
0	30	11681
48	82	11686
24	32	11687
8	21	11689
0	20	11691
9	20	11694
81	84	11698
8	35	11705
50	62	11706
78	98	11707
9	87	11712
75	95	11718
22	51	11722
22	45	11732
20	42	11733
20	59	11757
74	91	11762
29	62	11766
9	40	11773
12	20	11778
20	32	11778
12	20	11784
38	98	11784
11	92	11786
17	67	11795
43	74	11795
12	95	11805
38	90	11821
17	49	11822
29	49	11824
74	93	11825
84	90	11834
15	20	11840
5	36	11846
67	68	11860
52	57	11872
57	92	11873
20	41	11886
0	92	11892
20	21	11892
4	47	11894
27	38	11896
34	46	11896
52	61	11896
44	92	11901
15	94	11903
32	42	11904
20	56	11910
16	99	11924
0	20	11926
5	96	11941
22	71	11945
66	90	11946
20	32	11949
36	39	11951
14	76	11952
11	73	11953
27	99	11955
48	91	11961
8	97	11966
20	84	11968
15	20	11972
32	74	11978
58	66	11978
28	38	11982
28	99	11987
20	80	11995
7	68	12003
37	85	12008
64	84	12008
45	73	12010
14	83	12021
71	99	12021
40	45	12025
20	46	12029
32	91	12029
21	38	12035
86	87	12035
12	74	12037
41	52	12037
47	63	12046
0	59	12047
65	85	12047
32	76	12050
6	87	12055
11	22	12057
0	2	12066
11	64	12082
16	34	12082
8	22	12085
20	71	12088
69	99	12089
21	33	12095
9	59	12100
15	77	12104
29	87	12115
14	19	12128
20	70	12132
8	15	12135
7	32	12136
14	20	12145
29	72	12145
22	93	12147
45	65	12148
24	44	12151
20	93	12153
20	70	12155
25	65	12157
29	63	12160
12	14	12164
5	27	12168
21	27	12169
3	29	12173
46	81	12176
20	29	12181
52	96	12182
74	90	12183
20	74	12184
40	74	12192
4	84	12205
14	92	12206
38	65	12207
7	50	12208
63	92	12210
4	49	12213
18	20	12214
67	70	12225
25	91	12226
32	50	12236
1	33	12238
16	17	12239
12	14	12245
24	86	12257
53	78	12259
21	77	12262
6	20	12268
0	78	12276
20	99	12282
43	95	12283
20	32	12284
87	99	12284
56	90	12286
31	52	12291
6	99	12292
20	65	12303
0	98	12306
31	32	12308
52	74	12315
32	70	12316
30	96	12335
46	77	12348
21	29	12350
54	63	12352
20	93	12355
41	59	12355
18	79	12356
12	92	12361
0	99	12368
28	86	12379
48	55	12384
30	47	12399
69	87	12399
48	67	12401
37	74	12403
42	90	12404
29	81	12405
51	90	12406
52	91	12406
40	97	12415
11	32	12417
39	43	12427
32	98	12428
29	33	12431
36	40	12442
22	84	12451
59	82	12453
9	30	12462
19	32	12472
20	29	12473
26	36	12477
5	64	12480
20	87	12487
2	32	12496
38	49	12497
34	54	12500
23	58	12502
36	82	12513
20	75	12515
46	78	12534
21	71	12536
18	60	12538
34	66	12544
48	51	12553
52	85	12555
45	99	12563
20	74	12568
57	89	12574
11	96	12586
45	98	12586
4	61	12591
20	57	12600
61	96	12606
16	41	12612
37	74	12618
74	93	12621
5	69	12624
1	59	12626
3	43	12634
0	83	12639
75	87	12641
85	94	12641
29	57	12657
44	52	12665
52	91	12670
20	30	12678
29	98	12679
4	36	12685
74	92	12689
20	94	12694
86	90	12697
90	93	12719
33	78	12724
21	70	12726
20	21	12731
33	51	12731
3	98	12734
43	71	12734
20	86	12738
8	87	12746
21	69	12752
3	51	12757
66	81	12757
0	19	12759
8	35	12763
45	94	12769
41	95	12805
41	91	12812
9	99	12818
11	61	12819
36	73	12822
7	26	12833
42	57	12834
50	75	12835
59	95	12838
24	94	12842
36	42	12846
28	75	12862
24	35	12866
20	78	12870
22	79	12876
21	62	12880
40	77	12882
49	83	12887
65	89	12889
20	52	12891
0	22	12892
4	74	12893
25	55	12893
54	73	12893
41	99	12899
13	16	12901
13	17	12902
52	92	12904
20	94	12905
22	46	12913
20	29	12926
92	93	12950
20	30	12955
36	75	12959
14	75	12964
32	85	12971
52	92	12971
20	92	12972
40	86	12976
6	39	12978
15	42	12982
61	63	12983
41	86	12986
57	61	12986
20	98	12993
51	63	12995
20	22	13001
54	98	13001
20	50	13002
22	80	13009
32	48	13019
20	52	13020
62	81	13028
85	99	13030
81	99	13032
59	88	13036
22	74	13039
33	82	13039
19	46	13054
21	87	13056
30	59	13059
84	98	13060
20	31	13061
13	44	13065
71	88	13066
20	63	13070
44	69	13079
20	82	13080
12	61	13093
32	49	13096
20	31	13098
71	91	13106
20	74	13111
46	60	13115
15	92	13121
7	85	13126
20	64	13127
8	73	13139
39	96	13144
9	23	13145
9	82	13147
29	33	13154
57	98	13155
1	61	13156
92	97	13166
20	29	13171
94	99	13175
65	73	13178
74	78	13194
20	29	13200
29	84	13202
5	20	13203
20	99	13205
29	78	13210
32	88	13216
3	28	13217
14	85	13225
38	86	13226
13	98	13229
46	65	13234
57	84	13239
65	81	13239
12	27	13246
40	69	13247
14	90	13252
4	20	13266
29	65	13273
33	59	13273
2	61	13274
85	93	13280
20	36	13287
15	44	13295
35	98	13296
70	98	13304
83	89	13309
20	60	13310
44	46	13310
57	64	13319
10	49	13324
36	74	13327
37	90	13329
10	80	13331
41	66	13344
71	81	13347
61	98	13349
20	92	13352
20	78	13358
29	82	13359
24	99	13371
19	20	13373
22	29	13373
16	74	13382
66	87	13384
4	90	13387
16	20	13391
4	70	13392
7	12	13403
69	86	13407
29	53	13408
14	44	13411
20	41	13412
56	57	13412
45	65	13414
65	98	13421
65	89	13432
22	83	13438
16	98	13450
43	96	13451
79	90	13462
12	20	13469
41	51	13478
48	74	13492
22	32	13499
21	55	13501
50	79	13509
20	64	13512
12	94	13519
20	97	13526
9	92	13538
11	27	13539
32	99	13547
41	84	13547
20	33	13550
0	21	13553
19	92	13558
5	20	13579
21	74	13585
23	92	13587
6	45	13593
24	45	13605
14	74	13617
78	82	13618
1	4	13621
20	61	13623
61	93	13628
0	90	13630
29	34	13630
22	65	13632
8	32	13633
14	98	13642
45	51	13650
29	57	13652
50	74	13652
1	61	13657
32	68	13666
45	58	13666
20	53	13672
80	84	13673
20	99	13674
84	87	13675
12	20	13685
50	84	13690
14	74	13692
43	83	13697
35	98	13698
22	92	13702
60	85	13707
15	30	13711
1	57	13718
41	75	13724
22	30	13738
32	87	13744
32	61	13745
8	45	13750
33	75	13754
4	36	13756
29	98	13756
24	78	13761
34	43	13768
0	44	13776
52	71	13785
0	32	13796
49	74	13796
29	69	13806
52	75	13806
20	69	13818
13	69	13819
0	86	13820
41	75	13820
27	66	13827
11	17	13840
9	67	13842
22	81	13842
23	75	13851
71	98	13861
38	45	13865
35	98	13867
20	45	13868
21	67	13873
20	71	13874
33	77	13883
20	67	13890
30	99	13898
66	68	13899
26	99	13900
20	82	13905
32	96	13907
34	99	13909
13	22	13927
41	84	13929
41	78	13936
57	74	13938
91	99	13941
7	97	13944
87	99	13947
20	65	13950
45	65	13952
32	48	13953
4	74	13965
42	61	13967
20	88	13969
46	92	13971
29	75	13990
21	74	13995
20	32	13998
0	27	14006
24	33	14009
13	65	14014
13	92	14017
5	98	14025
50	67	14027
49	50	14031
12	47	14036
0	94	14058
22	83	14064
32	51	14064
15	20	14065
61	98	14065
9	74	14067
20	87	14076
41	81	14086
63	65	14087
13	29	14089
26	98	14093
5	11	14095
6	23	14097
2	20	14100
10	32	14102
70	88	14106
22	65	14112
10	35	14122
20	82	14125
20	91	14135
32	42	14136
43	84	14144
9	99	14148
21	92	14164
21	70	14184
51	99	14184
40	52	14185
64	74	14187
37	90	14197
22	98	14198
59	92	14202
55	88	14207
20	22	14208
2	29	14209
7	34	14210
2	43	14218
10	36	14223
3	85	14231
20	95	14239
14	87	14258
19	92	14260
66	75	14263
56	74	14267
34	59	14271
11	49	14285
19	20	14303
3	33	14305
47	72	14306
29	58	14308
16	21	14318
15	90	14319
77	92	14321
19	20	14325
30	65	14330
20	23	14332
74	75	14356
5	20	14374
4	85	14379
20	99	14383
40	99	14384
32	50	14386
40	55	14387
20	41	14388
34	65	14393
14	60	14394
19	70	14397
17	85	14404
9	61	14406
60	88	14407
4	9	14414
38	74	14415
24	85	14421
20	91	14431
20	61	14433
40	64	14442
8	16	14443
12	78	14445
20	76	14447
63	80	14450
36	98	14469
12	75	14474
41	77	14474
1	6	14475
6	86	14477
20	74	14485
29	35	14485
20	98	14488
34	88	14495
20	54	14496
20	32	14498
88	92	14501
24	50	14502
85	98	14507
3	58	14518
32	98	14518
20	31	14521
29	92	14521
97	99	14521
14	82	14527
34	46	14529
29	78	14533
37	71	14538
20	39	14539
54	70	14540
0	84	14541
42	70	14542
0	63	14544
39	90	14550
22	82	14554
32	86	14558
14	74	14571
20	63	14581
65	90	14582
20	21	14586
21	90	14592
54	99	14592
47	73	14595
7	43	14596
85	98	14611
4	37	14617
28	52	14620
22	53	14621
0	4	14623
2	74	14663
7	89	14665
37	43	14666
5	75	14672
12	41	14673
47	90	14679
39	68	14687
20	94	14693
0	50	14704
2	20	14706
34	88	14708
14	26	14713
20	64	14723
53	99	14725
20	72	14737
34	52	14741
20	98	14749
54	82	14759
3	84	14771
7	55	14771
65	90	14773
21	90	14785
56	87	14788
46	55	14791
43	68	14792
82	89	14798
17	32	14807
1	57	14818
8	84	14818
36	92	14818
37	75	14826
46	90	14829
11	95	14831
76	81	14831
34	76	14834
11	16	14835
44	52	14837
84	90	14843
16	48	14844
43	84	14848
12	32	14858
11	17	14859
45	84	14864
0	36	14865
52	75	14873
32	47	14874
37	98	14882
16	99	14887
21	64	14890
74	99	14895
20	50	14899
14	36	14906
19	82	14909
34	39	14910
5	94	14914
32	72	14920
47	55	14923
17	18	14928
29	74	14947
57	68	14953
5	55	14954
20	65	14957
25	95	14960
14	64	14975
46	52	14979
32	36	14999
96	99	14999
0	20	15005
20	52	15011
5	82	15012
29	65	15016
24	92	15021
69	78	15028
90	92	15032
26	62	15041
20	29	15042
8	86	15044
19	20	15045
22	38	15045
32	90	15046
9	92	15051
7	48	15074
47	93	15074
4	14	15080
65	74	15080
20	65	15082
14	93	15092
33	84	15093
31	52	15096
20	79	15098
1	59	15102
17	93	15103
66	74	15107
0	40	15122
0	61	15126
22	99	15130
9	27	15132
2	22	15140
14	33	15141
80	94	15147
6	92	15155
59	91	15156
85	94	15158
26	76	15165
20	98	15171
71	72	15178
35	80	15179
32	54	15180
20	44	15182
7	36	15188
13	32	15193
39	56	15196
73	93	15198
84	87	15203
20	23	15208
19	74	15209
36	91	15220
8	17	15221
15	61	15224
9	91	15226
29	32	15233
75	99	15233
20	84	15236
67	99	15252
20	52	15267
96	99	15267
7	90	15271
47	88	15272
0	32	15278
5	20	15278
0	69	15279
72	89	15281
14	82	15282
20	98	15287
21	29	15289
69	84	15291
3	20	15292
62	91	15293
7	75	15295
29	65	15296
9	20	15309
54	81	15310
20	74	15311
20	78	15312
1	87	15313
21	65	15319
29	38	15335
51	61	15336
85	94	15348
32	70	15356
25	70	15358
48	94	15366
16	83	15369
20	32	15372
23	55	15373
38	76	15383
86	87	15397
21	88	15399
5	93	15413
49	84	15426
14	28	15427
20	98	15427
22	32	15427
25	32	15435
36	94	15437
20	29	15452
54	79	15465
30	92	15468
0	96	15472
20	71	15477
75	88	15477
8	98	15487
20	88	15490
14	46	15493
32	83	15494
41	81	15505
32	88	15507
35	82	15513
1	20	15521
51	62	15521
29	99	15523
43	65	15523
49	71	15528
3	49	15533
0	34	15536
29	69	15546
8	41	15550
34	89	15554
16	65	15555
37	74	15555
1	60	15558
49	61	15588
1	74	15589
68	85	15593
74	87	15597
9	29	15608
22	90	15610
2	40	15612
46	84	15623
27	74	15629
53	54	15639
20	21	15644
4	24	15654
27	44	15655
29	33	15655
29	44	15661
21	68	15665
8	61	15677
39	92	15677
35	84	15679
23	83	15681
20	84	15684
63	92	15685
40	62	15686
49	54	15690
20	41	15691
30	65	15694
7	88	15700
9	20	15702
40	94	15704
20	46	15716
12	29	15722
13	83	15724
52	80	15726
0	58	15743
41	45	15743
28	48	15745
20	60	15759
29	86	15765
21	40	15773
20	78	15783
32	46	15783
79	85	15785
3	81	15810
74	86	15811
21	63	15812
21	95	15817
56	62	15820
59	78	15821
34	74	15827
21	74	15838
26	29	15845
21	36	15851
20	93	15852
51	93	15866
36	55	15868
20	99	15877
32	36	15887
54	94	15888
6	20	15890
59	92	15890
20	27	15891
21	74	15897
29	32	15897
29	78	15898
12	38	15899
35	90	15899
7	87	15900
20	63	15909
68	76	15927
0	20	15929
74	75	15931
0	31	15937
40	50	15938
2	20	15939
22	27	15939
75	94	15944
18	33	15946
24	49	15953
27	41	15954
23	80	15964
29	88	16007
20	52	16026
65	78	16052
14	88	16057
1	20	16073
41	90	16080
55	94	16085
2	20	16086
4	14	16088
12	20	16093
18	20	16094
20	84	16099
59	95	16099
14	88	16101
49	52	16101
21	32	16102
20	79	16105
37	74	16108
5	63	16111
9	20	16112
8	38	16122
52	70	16124
9	21	16129
21	85	16132
51	98	16137
87	90	16142
20	89	16153
3	21	16158
23	32	16171
5	80	16175
24	46	16178
19	90	16185
21	68	16191
65	95	16194
20	65	16201
18	74	16202
22	55	16211
41	97	16213
20	31	16219
50	54	16221
14	94	16226
3	69	16240
5	18	16241
18	69	16241
69	92	16242
55	93	16248
8	98	16249
8	87	16251
0	21	16252
63	75	16261
24	48	16265
41	94	16268
16	20	16270
27	43	16280
58	90	16294
20	92	16298
14	75	16302
51	65	16307
0	97	16312
53	87	16313
20	41	16314
70	83	16317
52	96	16321
0	44	16322
20	47	16323
65	97	16325
29	65	16327
4	85	16329
8	70	16329
6	52	16342
53	92	16352
36	82	16357
27	83	16365
76	92	16366
37	96	16367
19	73	16382
19	57	16403
79	92	16405
5	83	16413
4	65	16422
43	53	16430
32	40	16431
21	47	16440
9	11	16444
27	77	16447
34	93	16447
14	43	16450
74	75	16454
61	71	16456
20	92	16474
0	70	16475
19	74	16476
4	32	16484
20	29	16493
45	75	16494
49	75	16499
32	61	16503
29	99	16504
70	79	16507
18	20	16509
55	70	16514
13	90	16523
1	44	16526
76	94	16532
36	75	16538
0	5	16539
59	89	16541
29	55	16545
24	59	16559
0	74	16562
39	78	16564
29	32	16578
74	96	16581
15	50	16604
9	35	16606
39	65	16614
45	75	16617
55	85	16618
29	93	16622
1	49	16629
9	97	16639
16	23	16647
23	78	16655
20	33	16659
54	95	16673
30	99	16676
65	74	16676
62	80	16683
36	53	16687
5	16	16693
29	65	16702
63	87	16719
34	95	16722
48	98	16725
20	99	16728
21	53	16734
37	74	16734
21	81	16736
54	97	16739
41	74	16741
20	87	16746
29	46	16746
9	20	16754
19	76	16755
36	98	16758
6	20	16759
32	44	16782
36	69	16787
4	77	16791
20	98	16800
30	39	16802
0	64	16808
73	74	16813
20	77	16815
26	37	16829
20	94	16831
20	42	16837
8	93	16839
37	73	16840
0	74	16847
29	71	16852
24	74	16854
45	64	16872
6	46	16874
41	45	16875
32	98	16876
0	16	16897
7	72	16900
20	32	16901
87	90	16903
30	81	16916
11	88	16918
2	70	16919
40	75	16919
21	39	16921
20	92	16931
37	59	16932
1	40	16935
26	97	16935
17	90	16945
20	36	16945
14	40	16947
73	89	16948
14	51	16954
20	67	16959
3	6	16966
90	95	16967
0	94	16977
8	65	16977
38	52	16978
11	30	16980
63	91	16986
22	37	16987
5	32	16988
81	94	16990
69	75	17017
32	74	17022
47	86	17031
63	82	17062
24	98	17067
78	86	17068
84	89	17082
0	84	17085
28	92	17085
49	90	17087
29	68	17091
45	61	17101
12	69	17102
29	74	17103
21	31	17121
30	92	17122
83	98	17123
9	58	17128
21	88	17128
29	69	17131
43	88	17134
27	81	17137
8	20	17138
20	94	17142
27	28	17152
20	30	17164
36	44	17169
61	90	17173
11	34	17177
4	32	17178
24	98	17181
22	45	17184
35	45	17184
28	51	17187
21	37	17192
4	29	17196
27	82	17196
20	48	17198
20	81	17198
59	98	17205
35	97	17210
36	65	17216
41	54	17221
13	62	17226
60	91	17230
19	83	17232
4	72	17234
29	41	17244
20	61	17252
34	44	17260
20	51	17262
34	94	17266
9	20	17273
23	95	17274
25	34	17279
16	59	17287
50	83	17292
74	79	17296
17	72	17299
74	97	17309
0	13	17313
5	38	17314
29	36	17314
74	76	17327
73	94	17335
32	54	17347
15	21	17357
47	74	17373
69	76	17374
44	46	17386
80	98	17393
4	58	17396
29	74	17412
0	21	17419
49	52	17419
8	23	17436
13	32	17437
0	73	17440
25	56	17452
20	90	17453
4	52	17456
47	48	17458
9	29	17460
14	99	17461
69	99	17461
46	73	17466
68	85	17473
22	79	17475
20	32	17482
57	74	17494
45	61	17499
43	98	17503
4	14	17505
56	98	17506
36	74	17509
5	14	17520
58	74	17521
21	34	17530
59	68	17531
20	32	17532
20	32	17535
37	67	17549
52	99	17558
20	27	17567
6	37	17573
47	76	17573
29	75	17576
50	65	17579
38	50	17588
8	60	17589
7	38	17598
32	92	17602
59	95	17608
85	93	17608
7	39	17609
34	41	17610
84	94	17621
20	92	17631
6	44	17632
75	88	17638
4	95	17640
71	78	17647
8	98	17650
20	32	17651
20	74	17654
20	98	17654
23	61	17668
20	32	17683
20	69	17683
14	83	17684
51	83	17692
43	92	17696
74	82	17698
42	73	17699
21	49	17707
0	57	17709
20	62	17709
4	20	17710
24	72	17714
20	22	17722
1	45	17728
46	75	17729
50	74	17729
7	20	17736
19	29	17738
38	99	17738
10	41	17744
66	78	17748
49	65	17754
77	93	17754
87	90	17764
40	84	17784
8	39	17794
19	92	17796
26	38	17803
36	94	17809
20	47	17821
32	41	17824
16	44	17827
85	92	17847
21	48	17851
57	75	17851
41	72	17856
18	82	17860
40	90	17861
61	70	17887
21	69	17890
92	99	17892
36	75	17901
26	82	17904
25	99	17908
37	86	17910
32	74	17915
5	90	17925
78	99	17925
74	92	17929
44	57	17930
2	69	17931
55	83	17932
20	84	17935
72	74	17939
5	42	17943
5	20	17944
32	71	17944
28	72	17955
33	67	17955
4	8	17956
44	87	17961
85	87	17963
25	99	17967
14	15	17969
2	90	17976
94	99	17980
7	8	17998
73	75	18004
56	90	18011
40	74	18034
9	29	18041
0	90	18045
17	79	18049
23	66	18051
20	53	18053
20	51	18060
9	29	18063
0	96	18066
48	70	18069
52	99	18070
4	79	18071
20	43	18081
20	74	18085
15	20	18096
55	71	18096
24	58	18098
32	60	18107
20	21	18111
29	97	18127
22	85	18130
12	55	18133
61	88	18137
47	85	18147
23	59	18148
21	40	18156
9	93	18160
64	88	18161
31	34	18163
40	41	18163
54	73	18163
0	82	18164
20	26	18172
20	98	18183
20	41	18205
11	56	18207
10	58	18208
37	88	18212
34	99	18213
67	73	18216
3	9	18217
16	92	18232
2	20	18237
4	20	18240
13	20	18241
45	95	18242
29	34	18249
69	90	18250
15	83	18252
4	20	18263
6	9	18265
17	20	18270
12	38	18272
84	90	18290
20	35	18291
34	53	18299
19	36	18304
47	74	18306
17	22	18312
14	34	18325
3	20	18326
29	88	18329
19	51	18338
20	84	18341
15	20	18346
20	23	18347
5	81	18352
4	70	18358
29	84	18360
41	59	18366
1	2	18376
12	87	18377
41	45	18378
89	96	18378
8	74	18382
56	99	18383
21	46	18387
34	68	18391
49	80	18397
33	94	18398
20	65	18402
2	88	18408
32	58	18415
1	28	18416
24	76	18418
17	99	18421
13	82	18424
3	20	18439
57	81	18439
52	66	18445
51	82	18448
32	38	18452
14	98	18455
15	29	18461
37	94	18461
63	69	18465
38	43	18476
60	65	18483
46	48	18488
42	64	18489
77	83	18491
89	92	18495
12	60	18513
24	40	18514
41	82	18515
10	76	18518
22	63	18528
83	93	18530
20	99	18533
14	70	18534
61	90	18534
34	36	18536
27	62	18546
57	91	18546
20	75	18548
63	83	18548
0	7	18551
26	66	18562
26	29	18572
70	87	18573
57	93	18577
60	78	18579
19	81	18580
34	60	18580
65	85	18581
20	83	18601
10	32	18602
13	63	18603
6	62	18613
21	82	18615
40	75	18616
8	92	18618
6	14	18620
0	66	18626
20	38	18631
20	90	18632
61	83	18635
20	85	18639
14	20	18647
39	92	18649
14	35	18653
24	45	18653
44	59	18657
3	12	18665
19	78	18666
32	49	18668
26	85	18685
11	74	18686
0	57	18696
20	84	18697
21	98	18697
20	22	18701
20	92	18704
2	35	18705
17	50	18705
0	30	18707
54	96	18712
0	6	18730
59	75	18731
21	50	18734
93	99	18742
8	20	18753
10	67	18754
30	99	18768
49	98	18768
31	48	18770
20	92	18776
62	69	18781
5	55	18794
59	64	18795
82	87	18798
29	83	18801
31	86	18817
32	39	18824
58	91	18838
3	82	18851
52	89	18873
29	87	18887
0	21	18888
20	41	18889
74	83	18891
5	42	18905
11	67	18908
29	32	18911
3	12	18912
69	87	18913
56	60	18915
1	74	18919
61	90	18941
66	70	18945
69	98	18946
50	89	18950
20	27	18957
5	30	18959
20	29	18961
3	8	18964
29	32	18966
37	75	18998
34	84	19000
48	69	19014
20	52	19015
58	61	19018
20	85	19020
28	74	19021
5	98	19031
69	99	19031
20	51	19034
20	76	19042
20	75	19051
1	37	19052
28	74	19055
14	32	19058
3	63	19059
20	82	19060
54	87	19068
32	75	19071
21	88	19076
32	73	19079
72	81	19083
20	84	19084
18	90	19085
9	12	19092
10	62	19104
71	83	19104
16	21	19109
20	94	19111
68	98	19128
20	88	19131
17	45	19136
33	72	19151
20	61	19160
34	71	19164
3	19	19167
38	85	19175
20	73	19180
34	78	19188
13	44	19190
27	92	19195
66	89	19201
2	65	19210
21	29	19210
32	43	19210
34	38	19214
20	32	19215
84	99	19216
61	98	19232
32	56	19248
71	92	19249
4	95	19255
4	22	19268
4	23	19269
20	22	19269
36	42	19271
29	70	19274
41	92	19274
32	84	19285
17	76	19289
65	92	19293
10	32	19304
22	86	19306
20	42	19312
59	87	19348
26	44	19350
11	37	19370
20	71	19374
17	37	19377
3	9	19380
46	77	19389
61	65	19395
65	92	19395
0	86	19405
2	73	19411
10	20	19413
0	95	19426
5	60	19428
12	74	19432
36	98	19434
43	51	19435
15	52	19452
64	94	19464
65	94	19466
16	29	19467
35	59	19468
8	99	19472
65	88	19475
20	99	19480
32	94	19491
3	20	19492
31	61	19495
0	21	19498
20	65	19510
29	60	19515
2	68	19517
8	39	19522
31	37	19525
23	34	19537
12	99	19540
72	92	19541
28	63	19550
6	21	19552
20	92	19552
4	14	19556
6	65	19561
20	50	19563
22	23	19570
20	98	19574
49	74	19586
57	76	19589
0	23	19598
30	82	19598
65	87	19598
81	92	19602
34	70	19606
0	35	19608
8	94	19611
8	64	19617
14	52	19620
9	69	19621
60	84	19621
22	90	19625
20	99	19632
12	50	19634
22	91	19646
17	90	19655
4	48	19660
68	92	19666
81	98	19689
16	31	19690
13	44	19691
6	29	19701
25	63	19705
48	74	19706
20	21	19707
50	61	19707
37	41	19726
18	64	19733
3	52	19742
51	59	19743
20	25	19744
22	87	19752
14	58	19753
74	92	19753
0	6	19762
31	87	19763
55	85	19764
74	88	19772
20	70	19777
54	88	19777
59	77	19779
20	52	19787
20	72	19801
42	82	19813
9	20	19817
6	62	19821
26	30	19831
12	33	19836
10	57	19852
22	99	19857
12	94	19859
61	67	19860
29	65	19863
20	65	19874
65	84	19876
41	53	19879
4	5	19885
0	41	19888
15	92	19888
20	78	19890
20	95	19890
0	55	19892
51	69	19894
0	91	19906
11	98	19908
29	46	19908
51	85	19909
82	96	19912
13	94	19920
59	68	19920
65	92	19929
4	23	19930
32	91	19931
20	39	19936
50	77	19943
27	65	19949
32	74	19953
50	57	19955
26	35	19956
9	86	19964
9	23	19967
20	69	19969
51	75	19974
29	36	19976
69	99	19978
4	7	19989
12	61	19992
29	69	20000
