24	93	1
49	56	9
50	54	10
68	76	21
21	23	22
14	37	37
13	85	41
3	37	44
37	43	44
18	80	64
52	68	66
4	9	67
3	63	73
37	64	78
43	53	82
92	98	82
19	73	111
41	95	114
8	55	117
9	37	119
37	43	120
3	97	125
34	63	125
25	48	126
19	77	130
83	89	132
18	92	134
76	95	138
37	88	140
37	81	153
49	64	169
63	98	176
12	75	178
29	37	184
0	37	193
19	42	194
29	77	196
26	35	201
37	64	203
11	70	219
55	93	229
37	65	243
37	43	245
37	79	252
37	95	254
30	76	257
82	85	259
59	82	274
34	44	283
1	89	289
37	41	296
43	49	301
14	37	306
25	29	315
21	50	320
37	39	324
3	39	325
26	37	330
21	27	342
37	71	347
46	89	363
7	46	367
64	87	378
37	53	379
29	57	380
75	76	384
37	77	390
27	37	396
69	81	396
3	21	404
34	37	404
17	28	407
8	87	409
3	89	410
49	61	411
13	54	412
12	37	415
63	80	416
69	70	418
78	96	422
37	73	424
37	89	426
25	63	430
3	37	433
18	37	436
77	83	438
5	84	439
74	94	445
4	35	446
21	70	450
74	83	454
37	42	464
26	86	472
40	46	476
16	87	487
14	86	493
37	56	493
76	88	508
37	48	514
23	41	525
21	93	526
18	83	527
46	93	530
3	55	539
28	82	563
13	37	588
33	62	594
7	37	595
37	97	597
66	70	611
9	86	618
37	61	623
49	99	626
25	37	627
6	43	628
8	37	632
11	52	650
31	98	656
20	66	658
20	37	667
0	15	686
43	92	689
32	63	691
0	37	700
19	68	706
32	47	709
29	92	711
20	63	724
37	52	730
23	50	732
50	79	744
37	99	745
80	89	746
37	43	751
37	50	751
1	37	755
0	95	757
2	20	760
44	75	764
49	71	765
37	41	772
37	47	779
41	53	785
2	37	787
48	74	788
36	88	792
12	37	800
14	77	800
37	56	803
67	76	817
5	19	819
24	44	822
2	53	824
16	73	827
37	49	835
34	37	836
37	94	840
27	96	841
16	37	842
19	85	843
37	76	851
66	90	855
37	80	856
28	86	858
37	93	858
43	90	858
4	91	859
37	48	860
31	37	863
37	73	874
17	37	889
21	94	895
37	85	906
37	64	918
20	69	919
36	48	921
37	46	931
32	37	944
38	48	944
43	56	945
17	77	946
86	94	960
45	86	962
37	39	965
18	37	967
8	37	976
3	16	978
36	69	978
15	39	982
37	74	985
43	96	990
44	90	992
11	37	997
74	89	1001
3	28	1006
19	93	1006
37	73	1016
26	86	1020
0	34	1029
40	68	1031
37	43	1032
19	37	1034
35	63	1036
50	63	1036
37	75	1043
37	80	1044
49	98	1047
0	49	1050
37	63	1050
55	76	1050
49	50	1051
15	35	1078
7	37	1085
13	66	1086
55	83	1090
48	73	1091
37	63	1100
50	51	1100
37	69	1104
24	94	1105
36	72	1110
37	55	1116
29	37	1121
37	63	1127
37	40	1127
29	49	1130
26	71	1132
64	72	1136
37	44	1145
9	80	1146
66	78	1149
40	43	1157
3	72	1167
3	37	1174
73	98	1174
20	27	1175
37	92	1175
43	81	1179
72	85	1179
3	95	1182
63	97	1185
71	93	1187
49	55	1191
63	89	1193
54	80	1196
37	93	1197
25	50	1198
25	37	1210
35	65	1213
40	41	1213
30	69	1219
4	40	1220
28	37	1222
20	37	1234
37	47	1240
43	49	1242
2	62	1253
41	71	1258
23	80	1271
32	94	1276
63	86	1279
50	92	1280
37	66	1288
14	88	1292
49	68	1297
20	96	1299
42	83	1301
80	99	1302
2	63	1308
0	45	1316
10	12	1328
8	55	1330
44	73	1336
3	17	1339
22	35	1340
0	93	1347
50	73	1348
66	80	1353
56	94	1358
19	48	1359
37	48	1359
5	37	1361
38	99	1364
44	49	1364
37	73	1365
43	78	1381
37	91	1396
8	64	1399
30	33	1403
48	60	1403
7	50	1406
48	86	1413
37	43	1418
14	19	1424
37	90	1424
25	49	1440
17	41	1454
19	20	1454
21	33	1460
33	63	1466
3	37	1470
43	59	1471
37	68	1473
80	86	1475
51	82	1477
37	76	1486
0	23	1487
37	76	1488
37	69	1488
49	72	1488
49	68	1489
34	49	1495
61	68	1503
2	53	1506
21	37	1508
22	37	1512
37	61	1532
37	59	1536
37	73	1543
19	84	1545
37	67	1550
70	79	1551
37	80	1554
20	27	1558
39	89	1560
39	85	1564
43	89	1572
37	61	1595
9	48	1598
43	85	1607
20	41	1609
9	64	1621
28	85	1622
1	86	1627
0	16	1629
11	33	1629
37	52	1629
37	86	1644
19	39	1671
3	80	1674
41	63	1674
42	44	1678
37	99	1680
37	83	1686
37	62	1690
17	84	1696
45	63	1698
42	51	1701
55	70	1706
37	74	1710
49	54	1713
4	86	1719
37	58	1737
35	79	1739
0	78	1747
19	92	1748
7	52	1749
60	64	1752
33	54	1757
14	71	1759
0	71	1772
67	93	1774
37	59	1786
3	83	1793
37	86	1799
58	89	1803
29	63	1808
37	63	1816
37	75	1816
37	63	1819
37	98	1823
50	74	1824
39	42	1825
31	53	1831
3	45	1849
24	62	1853
21	37	1856
37	44	1858
6	9	1859
37	41	1862
3	4	1874
31	80	1878
27	86	1879
3	80	1890
14	37	1895
65	67	1905
37	77	1908
67	77	1910
49	81	1912
47	55	1913
21	55	1914
5	37	1918
37	95	1925
42	65	1926
37	99	1933
43	95	1935
13	37	1936
52	80	1936
17	71	1938
37	55	1941
37	97	1942
8	18	1946
37	48	1948
9	37	1953
7	64	1956
44	49	1959
51	69	1962
37	44	1964
3	35	1970
20	57	1970
6	43	1982
29	96	1982
16	26	1993
19	44	1999
34	73	1999
40	55	1999
37	40	2001
12	82	2005
17	60	2016
37	89	2018
18	37	2023
61	66	2023
8	92	2027
3	63	2029
51	72	2035
5	16	2040
68	70	2042
76	94	2055
37	89	2061
20	37	2063
67	85	2063
69	75	2068
43	96	2081
37	42	2082
37	74	2083
19	69	2102
37	57	2106
3	21	2119
37	93	2124
4	37	2126
21	35	2129
37	73	2130
49	86	2133
14	86	2136
37	76	2140
30	37	2146
44	73	2146
37	60	2147
23	43	2152
58	94	2157
37	63	2163
5	57	2169
0	44	2172
28	29	2184
37	57	2185
3	5	2189
19	37	2190
70	96	2194
37	50	2198
30	92	2203
9	37	2207
8	55	2211
78	97	2227
11	78	2228
3	18	2230
3	43	2232
55	67	2238
37	64	2239
9	21	2243
17	63	2245
14	37	2247
53	55	2249
23	29	2261
15	37	2262
20	76	2263
55	79	2263
69	72	2264
23	49	2265
37	51	2265
12	81	2266
3	64	2274
25	37	2288
37	69	2307
37	60	2310
18	37	2311
0	60	2321
31	94	2326
43	64	2331
7	81	2336
18	86	2336
55	63	2338
14	37	2339
65	94	2339
37	50	2341
3	23	2347
27	63	2349
3	69	2355
6	37	2372
37	61	2378
37	52	2382
80	88	2384
33	64	2391
53	87	2394
96	98	2395
28	37	2403
64	89	2407
7	66	2412
25	95	2414
3	37	2419
28	97	2420
21	37	2423
58	77	2424
37	80	2430
23	76	2435
47	84	2442
34	37	2445
21	97	2446
37	43	2454
62	86	2455
53	63	2457
9	49	2463
37	85	2463
36	89	2469
2	37	2473
8	63	2478
37	59	2482
35	76	2485
2	37	2488
4	47	2494
39	90	2497
37	62	2509
6	49	2514
11	76	2519
24	42	2520
29	53	2522
21	76	2530
37	79	2536
43	55	2537
50	86	2538
25	71	2542
12	33	2544
3	51	2549
39	51	2553
62	73	2554
28	39	2560
77	89	2565
37	85	2567
3	38	2579
10	37	2579
49	74	2584
8	77	2586
35	69	2586
27	76	2589
37	49	2595
3	86	2615
37	60	2618
9	39	2620
0	64	2622
36	66	2625
15	60	2626
11	37	2627
13	64	2627
37	47	2647
43	76	2647
37	64	2654
14	60	2655
30	34	2659
17	82	2661
29	85	2666
37	49	2674
32	73	2675
28	93	2676
9	10	2678
14	48	2681
60	63	2684
7	89	2685
31	63	2686
71	85	2686
19	78	2692
32	97	2707
10	51	2708
3	36	2711
0	36	2718
20	74	2723
2	73	2734
37	95	2747
62	90	2747
35	37	2764
64	86	2764
11	37	2769
37	41	2773
1	3	2779
37	57	2779
37	88	2784
3	89	2788
20	43	2792
50	79	2795
22	55	2796
3	37	2805
28	52	2805
66	81	2805
58	80	2832
37	49	2834
3	73	2839
17	55	2845
49	89	2849
37	74	2850
64	74	2850
37	94	2854
57	87	2855
14	37	2872
46	82	2873
69	87	2881
15	19	2883
5	88	2891
55	88	2893
0	14	2895
3	20	2897
25	69	2897
33	55	2898
3	25	2913
19	95	2919
21	64	2923
35	37	2926
0	32	2943
63	71	2943
14	82	2957
34	37	2959
21	37	2961
37	74	2962
36	85	2975
21	35	2979
36	61	2982
37	62	2983
37	84	2985
37	74	2992
37	84	2994
21	37	2997
37	65	3010
20	34	3022
3	43	3025
47	63	3033
37	74	3034
57	98	3038
35	55	3056
63	88	3056
35	64	3066
37	55	3076
37	74	3081
0	53	3086
37	85	3086
2	6	3090
18	49	3099
37	47	3100
0	6	3115
15	37	3120
15	82	3123
46	71	3134
37	63	3145
21	80	3149
14	71	3150
20	98	3155
21	41	3169
37	74	3170
19	83	3174
71	80	3174
7	85	3175
10	86	3189
55	64	3190
84	87	3196
37	77	3199
2	15	3211
63	65	3214
7	37	3216
3	49	3226
9	33	3227
73	85	3230
60	80	3231
25	46	3239
3	39	3243
49	64	3248
3	37	3256
66	96	3259
29	37	3261
37	67	3264
14	67	3291
32	34	3304
44	49	3305
2	27	3310
5	37	3320
72	94	3320
2	55	3322
57	70	3326
40	51	3334
80	89	3334
17	37	3336
9	74	3337
24	43	3337
63	68	3348
10	49	3357
30	37	3358
67	92	3359
59	72	3365
18	86	3368
69	81	3374
34	74	3377
64	71	3381
0	89	3389
31	51	3389
37	49	3401
8	50	3402
85	92	3405
21	37	3409
37	45	3412
55	93	3413
2	30	3415
3	30	3419
4	35	3420
37	71	3426
63	85	3430
17	37	3445
14	37	3456
8	10	3464
48	53	3465
82	84	3465
24	66	3467
51	94	3473
32	35	3483
76	84	3483
29	89	3484
41	89	3503
3	17	3504
50	56	3517
37	71	3531
19	37	3538
54	98	3542
58	73	3543
76	82	3545
37	97	3549
37	74	3557
89	91	3559
19	86	3564
17	66	3574
32	37	3575
40	67	3581
37	48	3591
17	37	3594
37	91	3595
37	76	3597
37	94	3598
26	76	3600
83	85	3605
38	99	3608
37	80	3614
30	37	3626
23	61	3643
47	85	3644
37	81	3645
0	43	3646
24	37	3651
7	26	3653
53	96	3659
4	37	3666
35	57	3679
37	69	3690
51	87	3691
63	75	3692
19	26	3706
77	80	3708
10	66	3714
3	21	3715
11	64	3719
20	35	3723
43	77	3736
50	74	3739
10	97	3756
0	64	3757
74	90	3762
8	40	3778
63	93	3781
37	40	3782
20	37	3787
37	53	3787
77	91	3792
44	97	3804
37	93	3805
15	58	3806
14	83	3812
23	55	3820
35	75	3822
30	40	3824
47	63	3829
37	98	3832
37	84	3833
1	90	3844
37	99	3853
46	74	3855
41	59	3856
28	48	3857
37	74	3858
41	80	3858
71	73	3871
37	55	3872
24	37	3877
71	97	3886
41	56	3919
22	91	3926
35	38	3928
8	37	3936
49	80	3941
3	76	3942
13	64	3965
51	97	3974
19	37	3977
37	94	3979
0	67	3981
41	76	3989
37	41	3991
20	76	3997
37	76	3997
4	37	4004
32	74	4004
37	60	4006
37	70	4007
37	90	4008
4	90	4017
0	17	4020
3	88	4022
37	43	4022
37	91	4024
64	80	4025
7	68	4028
8	52	4030
21	63	4030
64	76	4032
45	55	4033
12	92	4034
47	75	4037
1	37	4042
4	74	4043
50	55	4044
51	73	4044
35	37	4053
11	37	4062
4	17	4070
0	64	4071
8	37	4071
3	26	4074
33	44	4074
37	68	4074
31	37	4079
42	54	4082
6	54	4085
50	76	4086
12	98	4087
12	37	4094
55	92	4098
90	94	4107
37	74	4111
65	81	4120
74	77	4121
3	37	4131
35	66	4139
0	29	4154
16	55	4156
44	91	4157
3	39	4166
28	45	4166
19	37	4169
37	67	4173
74	89	4176
37	56	4189
20	42	4193
26	37	4198
70	89	4214
63	94	4216
65	97	4220
20	53	4224
37	40	4232
21	52	4241
37	74	4272
37	55	4295
55	63	4301
17	79	4304
63	69	4304
20	69	4306
19	57	4307
43	54	4311
37	41	4312
37	84	4321
36	63	4327
24	27	4331
18	63	4332
37	76	4337
28	76	4342
50	70	4350
21	63	4351
3	29	4352
22	40	4356
9	28	4373
6	53	4383
66	85	4388
63	90	4395
44	59	4413
14	19	4420
32	58	4424
37	89	4432
80	93	4433
25	93	4436
11	55	4441
63	76	4455
14	61	4457
16	80	4459
35	86	4461
3	20	4465
3	39	4475
8	19	4477
32	37	4479
2	21	4481
37	76	4486
37	98	4487
34	64	4490
30	34	4497
37	79	4498
0	42	4501
12	44	4501
37	70	4505
3	37	4507
44	67	4508
8	88	4509
10	80	4515
42	49	4525
43	58	4527
70	74	4533
77	80	4539
15	55	4541
8	37	4548
8	86	4550
26	75	4554
3	37	4558
44	85	4558
37	66	4560
33	99	4571
63	74	4575
3	14	4576
58	64	4576
8	22	4583
51	89	4584
1	14	4586
37	52	4586
67	99	4588
8	62	4590
11	61	4591
16	87	4599
85	95	4600
55	83	4603
37	67	4607
20	82	4609
37	55	4610
40	41	4622
11	49	4629
37	84	4635
37	68	4638
76	87	4638
37	51	4652
37	86	4670
57	73	4671
3	66	4674
55	69	4691
37	86	4696
8	37	4705
25	77	4716
37	58	4716
3	32	4718
3	23	4723
11	94	4723
37	98	4726
53	95	4731
37	95	4745
1	26	4751
63	72	4783
90	93	4784
59	86	4787
37	65	4789
16	63	4792
6	43	4797
37	58	4807
37	74	4808
6	64	4814
37	92	4818
19	62	4830
20	22	4839
36	96	4847
37	49	4868
27	29	4869
37	86	4869
21	56	4875
50	78	4887
41	77	4893
76	85	4893
37	94	4897
37	54	4900
28	55	4918
37	74	4923
87	97	4955
77	87	4956
18	37	4966
74	80	4967
37	50	4979
10	82	4983
11	61	4986
44	66	4989
3	32	4992
11	28	4992
37	94	4994
31	77	4998
45	70	5001
10	37	5010
16	18	5010
29	64	5022
30	53	5026
37	52	5029
19	94	5030
37	41	5040
45	76	5041
29	57	5044
57	65	5066
49	77	5069
37	84	5075
1	80	5079
64	69	5103
73	86	5105
7	14	5115
14	69	5125
56	73	5131
84	89	5142
50	86	5144
7	59	5145
3	8	5148
37	50	5153
37	59	5155
0	37	5165
26	48	5169
30	74	5174
38	63	5174
73	99	5177
8	63	5178
29	74	5180
44	95	5184
35	74	5190
37	64	5204
37	49	5218
37	59	5227
3	98	5231
30	87	5244
13	37	5255
37	45	5261
55	95	5262
37	80	5266
37	67	5288
0	8	5289
0	66	5290
5	32	5292
80	90	5292
37	44	5298
3	76	5311
0	43	5312
9	58	5312
14	37	5314
4	31	5329
37	66	5330
37	71	5340
3	37	5342
18	98	5349
19	37	5357
14	20	5362
23	63	5371
28	96	5371
85	93	5371
0	37	5375
37	85	5376
41	57	5378
30	37	5379
17	63	5382
33	73	5391
10	63	5438
37	81	5439
5	51	5440
34	37	5442
23	37	5450
63	71	5458
10	95	5461
28	80	5461
39	69	5462
13	43	5468
42	53	5470
64	89	5470
56	94	5472
16	37	5477
34	37	5497
21	55	5510
37	59	5514
14	49	5516
27	69	5516
16	78	5517
0	2	5521
3	51	5526
27	38	5531
37	61	5534
88	97	5547
3	92	5550
20	63	5550
41	79	5551
27	80	5552
32	73	5571
2	45	5579
3	68	5586
48	98	5591
51	64	5596
37	52	5598
42	97	5599
10	17	5603
0	88	5616
49	83	5617
6	37	5626
10	14	5626
37	50	5633
37	99	5643
25	65	5652
51	60	5653
58	80	5654
71	73	5654
25	71	5656
80	86	5660
21	86	5663
14	37	5664
32	49	5664
52	69	5687
32	34	5689
4	60	5703
12	18	5706
37	48	5706
37	87	5708
37	48	5732
37	66	5738
92	93	5742
37	45	5755
10	89	5765
37	42	5766
50	86	5768
32	46	5771
37	90	5771
42	80	5771
1	81	5773
37	51	5779
9	88	5786
8	43	5788
37	64	5789
40	49	5791
0	37	5798
65	85	5798
74	82	5798
3	37	5806
8	49	5814
42	59	5818
7	37	5826
40	86	5830
39	75	5844
17	73	5850
64	76	5853
37	43	5859
11	22	5867
37	98	5872
15	59	5873
7	37	5875
81	83	5878
73	97	5881
37	53	5886
22	89	5894
37	94	5897
3	34	5914
26	53	5917
55	70	5936
0	30	5945
23	73	5952
7	88	5960
48	85	5961
3	91	5963
47	65	5973
10	96	5974
6	43	5984
49	73	5989
35	86	5990
29	37	6010
7	50	6012
20	37	6013
27	35	6017
56	63	6030
23	43	6036
29	37	6036
37	74	6039
86	93	6048
37	58	6065
12	37	6071
69	89	6076
10	54	6077
37	55	6084
41	74	6088
37	93	6093
24	37	6094
37	80	6098
77	78	6103
7	9	6105
24	37	6119
3	20	6120
6	14	6127
37	50	6130
48	74	6134
57	86	6135
63	78	6135
30	47	6138
37	60	6142
35	83	6156
6	11	6160
20	82	6160
36	83	6164
0	71	6167
19	30	6172
7	8	6178
49	96	6182
1	55	6184
43	85	6191
37	99	6197
22	91	6207
43	89	6210
24	26	6213
34	64	6215
7	37	6217
14	37	6220
32	95	6227
63	95	6227
28	29	6231
46	54	6234
37	58	6240
9	75	6244
20	30	6256
37	89	6256
5	37	6260
24	55	6266
63	94	6267
37	42	6268
76	94	6269
11	80	6278
37	80	6280
63	69	6280
17	24	6289
12	35	6290
15	58	6290
20	30	6296
21	50	6296
25	37	6308
37	71	6310
10	15	6325
17	66	6328
17	58	6347
15	37	6350
21	37	6352
71	86	6374
37	74	6375
20	94	6376
33	37	6386
41	87	6389
0	65	6391
37	44	6403
37	92	6403
54	73	6411
13	37	6412
54	96	6412
34	68	6413
37	52	6430
47	73	6432
15	70	6433
20	37	6445
37	56	6446
7	37	6447
64	71	6448
18	54	6456
64	92	6457
8	37	6461
3	29	6464
76	80	6471
7	69	6484
37	86	6491
44	68	6492
33	35	6495
37	74	6497
6	23	6501
35	52	6503
37	67	6516
66	80	6516
67	74	6529
37	45	6539
17	88	6540
74	82	6540
47	91	6544
63	80	6554
64	71	6559
55	97	6569
55	89	6574
37	79	6592
20	90	6596
0	64	6602
29	37	6605
37	70	6609
44	53	6612
37	38	6619
64	80	6632
3	37	6633
19	94	6645
20	50	6648
20	91	6651
43	56	6671
3	98	6673
43	55	6679
29	31	6683
37	94	6683
19	28	6689
32	69	6694
25	74	6702
37	45	6717
75	89	6717
8	14	6720
2	68	6722
65	67	6722
80	86	6726
9	37	6727
24	69	6735
25	55	6736
3	37	6738
16	37	6739
55	82	6745
0	27	6748
71	80	6751
3	37	6755
12	37	6755
32	42	6763
37	59	6771
1	92	6778
53	63	6779
8	94	6787
8	63	6792
8	23	6799
36	54	6799
37	48	6802
67	89	6807
28	37	6814
30	90	6832
69	84	6835
40	50	6837
24	57	6847
37	74	6847
76	78	6849
45	67	6851
53	57	6856
50	82	6869
10	37	6873
34	40	6875
10	70	6876
46	63	6879
37	85	6890
29	55	6893
35	47	6900
27	69	6901
85	89	6901
27	92	6909
37	71	6923
37	64	6934
56	89	6934
19	30	6935
3	44	6937
36	60	6939
55	98	6943
17	37	6944
27	45	6946
17	96	6947
49	50	6950
37	64	6962
0	12	6969
44	98	6970
8	21	6973
73	92	6975
6	64	6978
7	37	6979
8	37	6986
44	69	6986
28	35	6988
59	74	6990
8	88	6996
12	96	7005
49	87	7011
3	85	7020
8	21	7024
72	96	7029
49	99	7044
37	49	7048
33	73	7049
37	64	7060
63	80	7060
17	70	7063
37	86	7065
58	77	7074
63	73	7078
43	70	7081
21	43	7084
63	77	7088
0	18	7094
3	37	7096
37	49	7103
17	37	7112
3	37	7115
0	37	7116
10	37	7124
0	29	7126
27	37	7129
37	67	7132
4	51	7134
39	47	7138
38	55	7147
9	37	7151
11	61	7151
37	83	7151
10	74	7155
17	48	7161
23	37	7166
25	74	7168
0	14	7170
0	87	7172
52	80	7175
37	79	7181
53	60	7184
1	69	7187
47	80	7189
8	64	7192
8	74	7194
2	42	7202
3	37	7205
3	10	7212
0	37	7215
19	73	7216
37	80	7216
16	37	7220
10	96	7221
38	86	7226
70	93	7233
3	17	7237
40	72	7237
21	91	7240
15	37	7242
37	45	7242
37	38	7244
43	53	7244
14	37	7247
55	82	7247
32	63	7250
37	44	7252
7	23	7259
59	86	7261
37	80	7268
10	37	7277
34	37	7282
2	64	7283
4	37	7291
38	89	7294
74	76	7295
33	67	7299
17	37	7309
26	59	7309
3	64	7315
33	74	7321
53	63	7321
53	97	7327
27	37	7330
37	70	7331
3	50	7335
37	57	7338
15	29	7346
1	53	7348
37	64	7357
22	80	7361
58	83	7364
76	80	7371
29	54	7376
8	51	7392
19	37	7396
3	80	7400
34	55	7405
69	92	7407
6	39	7411
24	78	7416
11	55	7417
37	86	7431
25	62	7450
25	80	7455
33	37	7459
28	32	7483
0	37	7495
25	73	7497
64	80	7498
67	99	7499
17	84	7500
3	71	7505
50	69	7505
6	57	7506
18	67	7507
17	86	7509
3	38	7521
21	25	7523
37	53	7523
15	34	7528
37	88	7534
8	55	7537
43	55	7563
20	74	7577
5	61	7580
80	85	7582
9	37	7583
3	68	7585
11	37	7589
49	65	7596
48	63	7600
37	82	7603
64	80	7604
21	37	7612
37	94	7624
35	57	7626
37	76	7639
77	85	7639
40	94	7643
51	75	7654
28	37	7660
51	81	7676
70	73	7679
37	80	7683
31	37	7684
0	57	7685
17	37	7687
43	73	7690
28	89	7706
37	68	7707
69	76	7712
4	85	7714
37	59	7726
37	81	7728
0	74	7729
4	83	7734
11	85	7743
34	74	7749
37	52	7749
23	25	7754
36	86	7766
37	53	7770
25	37	7784
32	37	7786
37	63	7797
37	63	7805
32	37	7807
6	39	7818
14	94	7821
28	37	7821
30	37	7825
37	63	7838
37	50	7854
21	97	7860
38	46	7863
22	37	7864
37	57	7864
5	37	7866
44	96	7866
51	89	7867
37	77	7870
37	86	7881
3	94	7885
37	76	7885
21	37	7886
34	89	7886
37	93	7892
2	32	7893
28	95	7894
69	79	7902
37	80	7909
3	80	7923
8	43	7923
31	34	7929
24	74	7940
10	76	7942
37	74	7942
0	71	7963
10	89	7963
19	24	7974
14	73	7977
15	24	7981
37	96	7984
14	63	7987
33	37	7990
37	41	7994
37	74	7999
75	97	8006
3	13	8011
87	89	8011
37	80	8013
15	64	8016
0	37	8017
14	72	8022
28	77	8027
0	29	8033
19	37	8034
37	49	8038
32	67	8057
37	55	8057
26	37	8060
37	60	8064
37	51	8065
0	63	8067
50	63	8073
37	49	8079
29	91	8081
37	39	8082
21	37	8086
37	50	8088
20	37	8099
6	79	8100
17	88	8101
28	58	8113
34	71	8121
37	78	8129
37	50	8134
37	76	8135
19	62	8146
20	55	8148
37	56	8151
29	38	8166
5	45	8167
11	20	8171
42	82	8177
41	89	8180
86	90	8186
21	43	8191
37	48	8205
16	53	8207
5	29	8217
11	37	8223
71	98	8227
3	71	8238
16	62	8254
67	93	8256
44	97	8259
37	70	8261
8	81	8270
9	37	8272
3	86	8275
14	29	8283
36	37	8286
18	37	8300
37	63	8300
8	29	8301
1	37	8302
10	58	8306
11	93	8307
4	37	8317
37	68	8318
17	54	8321
37	42	8322
89	94	8331
1	23	8334
4	67	8338
47	96	8343
36	42	8346
37	51	8360
53	70	8366
2	37	8375
37	49	8382
14	63	8385
23	79	8392
37	58	8396
0	73	8398
37	71	8400
8	10	8402
43	92	8412
3	30	8425
37	77	8428
37	85	8431
33	59	8437
37	43	8438
37	75	8451
27	92	8471
0	57	8493
37	64	8512
37	64	8515
31	70	8519
37	83	8537
5	7	8539
52	64	8541
37	63	8542
20	37	8543
14	89	8544
37	67	8545
37	75	8545
28	31	8551
20	74	8561
56	66	8561
72	73	8562
41	57	8565
37	55	8573
35	37	8574
63	85	8580
6	39	8581
42	50	8582
49	75	8585
37	79	8586
25	59	8593
37	93	8604
28	30	8614
0	45	8616
3	89	8616
3	50	8624
37	76	8625
45	78	8627
37	67	8631
0	49	8641
37	80	8643
64	89	8643
70	89	8644
37	80	8646
37	45	8646
37	65	8646
8	20	8647
25	80	8652
20	32	8654
51	68	8666
37	77	8674
3	37	8675
23	44	8675
67	72	8676
37	73	8686
51	99	8691
33	89	8696
2	69	8715
37	52	8715
47	86	8725
37	40	8732
0	37	8738
37	50	8738
34	37	8739
28	62	8742
65	93	8751
9	11	8753
29	89	8755
29	94	8757
3	28	8759
12	37	8762
3	42	8766
13	23	8767
3	18	8772
4	12	8793
31	37	8797
8	97	8802
5	17	8807
8	37	8820
10	76	8823
17	97	8823
37	64	8829
37	55	8829
9	21	8831
37	89	8835
6	50	8849
10	37	8853
37	42	8853
10	92	8855
67	83	8855
57	58	8861
9	25	8868
14	64	8869
33	68	8869
28	54	8876
44	97	8884
28	37	8887
89	98	8887
18	86	8888
66	68	8890
37	51	8903
18	37	8910
31	69	8913
41	44	8916
8	86	8926
7	9	8928
3	53	8933
37	89	8943
50	98	8944
81	86	8952
37	92	8956
17	76	8959
3	37	8965
20	89	8975
3	37	8978
2	55	8988
61	97	8990
34	37	8995
37	42	8995
34	88	8996
9	95	9003
7	91	9009
9	86	9013
37	71	9013
20	25	9029
11	37	9031
1	86	9048
29	58	9062
35	37	9065
37	89	9070
37	49	9075
51	86	9078
14	69	9098
38	80	9099
25	66	9100
16	74	9101
15	18	9102
44	77	9108
37	80	9118
11	37	9120
37	55	9122
40	74	9123
2	61	9127
14	28	9129
51	89	9130
3	53	9140
12	82	9140
18	37	9142
56	64	9143
65	69	9146
3	61	9154
52	59	9157
33	51	9164
24	31	9165
45	57	9166
31	38	9172
33	64	9172
47	94	9173
32	90	9180
63	78	9182
8	37	9185
21	86	9191
14	37	9195
44	57	9195
10	43	9212
37	56	9220
34	37	9222
44	72	9222
20	55	9223
37	76	9223
30	37	9224
29	37	9227
21	37	9230
37	64	9230
32	37	9233
42	50	9233
34	69	9245
37	56	9252
57	65	9254
37	49	9264
9	11	9268
28	58	9268
37	70	9272
7	37	9275
20	53	9285
16	27	9291
30	37	9300
19	37	9303
4	97	9306
41	85	9311
1	37	9313
11	83	9323
7	19	9324
38	73	9329
43	57	9333
37	47	9336
35	80	9341
50	69	9352
25	49	9353
3	50	9355
0	67	9356
37	93	9360
14	54	9371
4	76	9372
37	84	9376
14	27	9382
50	63	9383
22	55	9388
3	37	9394
10	58	9396
37	86	9397
33	37	9399
34	99	9407
50	66	9412
66	76	9429
37	80	9431
37	67	9435
2	17	9442
37	77	9442
7	79	9458
37	74	9459
37	85	9462
20	89	9464
75	77	9469
37	98	9482
7	37	9484
37	73	9485
37	49	9486
27	82	9494
6	60	9502
32	75	9503
49	69	9510
3	4	9517
37	51	9517
10	63	9531
20	24	9548
0	37	9549
37	57	9553
28	37	9555
37	43	9556
0	10	9560
37	40	9562
66	68	9562
37	84	9565
12	57	9577
34	71	9577
37	54	9580
5	53	9599
37	67	9605
21	94	9606
21	99	9611
36	37	9619
39	48	9622
8	81	9632
45	47	9632
63	84	9633
20	37	9652
80	93	9654
6	53	9657
70	71	9657
0	74	9659
37	70	9670
37	92	9672
4	76	9674
8	37	9677
78	98	9685
64	80	9688
32	37	9690
14	49	9698
14	58	9709
43	49	9712
14	65	9728
66	80	9731
37	48	9735
37	38	9738
37	47	9748
37	85	9753
0	53	9755
17	55	9755
8	74	9757
13	37	9760
43	76	9761
37	69	9764
37	50	9782
1	60	9786
37	63	9788
37	73	9806
31	73	9808
22	37	9816
3	48	9823
54	63	9826
10	55	9828
0	56	9831
8	50	9834
20	25	9839
61	79	9842
37	76	9859
11	37	9876
31	41	9880
35	99	9883
15	51	9893
51	92	9894
3	55	9895
37	92	9896
8	29	9905
21	63	9905
25	34	9907
27	37	9920
41	63	9924
14	30	9935
3	24	9942
55	81	9958
23	37	9969
0	9	9970
4	37	9980
37	57	9981
20	46	9991
52	72	9999
8	37	10001
37	76	10003
17	37	10005
55	81	10009
4	37	10021
37	50	10022
20	23	10025
49	86	10027
63	69	10028
52	76	10031
39	95	10048
64	79	10064
37	62	10067
49	84	10070
48	73	10071
37	40	10080
66	71	10080
27	69	10083
29	37	10092
64	86	10097
6	20	10098
12	76	10104
34	45	10119
39	64	10123
0	99	10125
37	76	10131
58	77	10138
19	99	10146
63	96	10148
15	19	10150
17	99	10151
37	69	10152
19	23	10156
96	97	10161
37	97	10164
14	37	10165
66	86	10171
8	41	10191
37	48	10193
29	37	10207
37	55	10207
78	94	10210
11	30	10228
37	99	10233
21	37	10239
3	37	10242
27	29	10245
19	22	10247
13	61	10260
22	56	10267
19	50	10269
6	43	10274
37	45	10280
80	82	10285
3	55	10287
2	3	10291
2	82	10293
45	91	10313
37	73	10319
53	76	10326
89	90	10331
11	25	10333
57	94	10334
9	16	10336
37	64	10336
61	86	10348
78	86	10355
37	86	10365
71	93	10372
37	76	10376
8	43	10381
42	50	10395
5	49	10400
64	69	10409
17	37	10429
37	95	10429
10	44	10434
19	92	10442
37	81	10445
0	80	10449
84	97	10453
35	89	10454
26	37	10458
28	43	10459
35	50	10459
37	44	10463
0	76	10468
54	68	10468
37	81	10476
3	64	10485
24	64	10485
67	92	10489
91	94	10501
37	45	10512
27	56	10517
44	86	10517
37	83	10529
33	37	10537
76	95	10545
10	68	10550
5	45	10552
87	99	10554
37	85	10559
80	86	10578
6	37	10585
3	9	10587
89	93	10587
20	31	10589
13	43	10593
37	53	10599
23	78	10604
6	37	10605
68	85	10606
37	99	10613
15	37	10615
48	71	10616
63	80	10620
29	73	10635
71	89	10641
54	69	10650
66	77	10657
7	17	10658
80	89	10658
37	42	10674
37	83	10677
37	63	10681
37	55	10689
3	50	10691
53	68	10696
37	43	10698
45	78	10700
71	85	10701
83	89	10715
38	89	10716
0	28	10725
64	83	10738
35	80	10739
10	74	10741
1	35	10742
31	96	10754
53	84	10761
5	95	10766
63	87	10769
35	71	10772
37	56	10773
25	51	10780
37	87	10784
11	12	10786
43	68	10790
27	68	10791
29	42	10798
1	78	10803
25	94	10803
0	52	10805
50	95	10807
37	48	10817
2	22	10831
1	96	10844
4	89	10851
42	46	10858
74	76	10860
0	43	10862
5	25	10862
33	61	10866
37	80	10867
38	66	10867
6	77	10871
55	62	10871
23	34	10872
4	89	10874
0	73	10877
61	80	10877
29	55	10879
42	65	10884
77	93	10885
55	86	10900
11	37	10902
3	76	10903
37	59	10904
28	39	10907
42	68	10917
21	71	10920
0	37	10931
51	92	10931
34	94	10936
34	37	10937
37	79	10940
27	66	10942
24	79	10950
1	96	10951
22	49	10954
7	10	10962
28	69	10965
29	31	10974
28	37	10977
37	73	10988
23	57	10997
46	53	11004
3	63	11028
37	39	11028
30	94	11036
23	34	11040
0	74	11041
25	51	11046
58	64	11057
47	74	11061
19	95	11065
35	69	11078
10	78	11081
49	60	11090
37	69	11096
3	96	11104
12	37	11105
8	86	11107
19	21	11107
3	21	11111
59	81	11113
5	37	11116
24	69	11116
21	31	11129
37	95	11129
3	19	11134
58	59	11135
68	71	11141
47	66	11154
32	37	11173
37	78	11183
15	92	11186
25	37	11190
3	6	11191
74	89	11192
11	44	11216
37	72	11220
26	28	11221
23	89	11222
19	37	11226
4	11	11232
7	37	11253
16	97	11257
37	49	11278
86	97	11278
19	73	11280
54	56	11289
28	40	11290
37	67	11296
3	17	11309
5	49	11317
37	62	11323
50	85	11328
49	83	11332
21	73	11335
20	85	11337
37	42	11340
37	50	11343
1	97	11346
3	83	11346
44	82	11347
17	37	11349
73	93	11364
89	90	11374
3	67	11381
33	74	11383
74	89	11391
76	99	11401
28	60	11404
3	37	11405
17	85	11405
17	96	11405
85	90	11410
37	59	11417
37	55	11420
22	37	11422
18	96	11427
31	37	11427
29	81	11430
44	85	11446
3	19	11447
8	37	11449
27	37	11461
37	39	11467
37	86	11468
27	48	11475
2	82	11476
27	80	11476
39	44	11496
37	39	11507
37	45	11516
71	82	11528
37	75	11531
19	31	11544
56	83	11546
43	74	11558
30	66	11567
92	94	11575
3	39	11577
3	90	11580
4	49	11582
5	37	11582
43	63	11583
3	95	11592
86	94	11594
8	98	11596
52	55	11599
37	44	11600
11	37	11613
66	76	11622
1	64	11626
64	80	11627
3	44	11628
22	46	11629
21	37	11636
21	80	11640
26	85	11644
9	46	11645
37	89	11654
37	73	11655
26	37	11657
9	61	11659
37	51	11662
8	88	11663
37	56	11676
17	40	11678
50	67	11679
27	95	11683
37	51	11692
22	29	11696
44	79	11702
40	66	11707
0	37	11710
37	38	11715
39	43	11715
36	44	11723
68	96	11729
4	37	11746
3	84	11749
3	37	11762
37	55	11768
80	86	11769
10	64	11781
32	86	11786
37	63	11787
2	37	11791
65	70	11793
69	81	11795
2	37	11796
14	33	11812
50	97	11816
20	34	11825
37	84	11825
7	37	11833
35	77	11847
5	32	11851
28	67	11859
44	85	11862
20	37	11871
37	69	11872
76	89	11873
0	28	11875
53	65	11876
39	70	11881
37	63	11889
19	88	11890
37	81	11897
8	86	11912
37	85	11923
64	83	11927
43	49	11932
0	37	11945
20	37	11945
37	72	11946
54	73	11946
37	60	11947
37	64	11952
47	84	11957
49	75	11968
28	37	11974
37	93	11975
49	79	11975
4	6	11978
80	88	11980
13	38	11981
30	84	11982
32	92	11993
9	80	11994
56	98	11995
27	97	11996
50	85	12014
28	45	12021
37	93	12024
37	60	12029
17	69	12030
67	99	12032
3	83	12034
4	51	12037
58	90	12040
8	15	12048
80	86	12048
37	82	12049
20	36	12058
3	37	12059
37	64	12060
58	70	12061
49	63	12072
0	64	12082
37	63	12090
25	96	12092
20	51	12095
37	46	12098
85	98	12098
14	73	12099
53	78	12116
21	43	12126
3	55	12127
11	32	12129
70	80	12129
37	80	12134
31	61	12136
37	51	12148
37	43	12154
37	44	12158
36	37	12166
37	85	12182
24	63	12192
37	82	12199
37	41	12202
3	21	12203
54	85	12206
37	75	12211
20	37	12212
37	51	12224
9	64	12225
2	99	12231
55	67	12231
12	67	12236
16	65	12236
42	92	12239
42	63	12240
21	37	12242
30	37	12247
29	37	12248
78	82	12254
20	37	12257
20	86	12269
48	49	12274
8	60	12276
39	40	12281
61	82	12283
45	55	12290
43	55	12303
6	44	12305
0	3	12314
3	15	12315
3	77	12329
37	71	12334
37	54	12339
20	44	12350
13	56	12354
6	37	12356
15	96	12356
43	86	12364
14	74	12373
37	74	12376
64	74	12394
37	45	12398
37	68	12399
43	63	12399
11	79	12401
6	90	12402
19	87	12406
29	37	12412
14	60	12419
11	21	12420
71	80	12421
3	14	12429
23	37	12432
46	52	12435
3	32	12442
54	58	12446
17	51	12447
37	93	12449
30	37	12451
30	33	12455
23	37	12459
94	97	12466
31	64	12471
37	63	12471
4	69	12477
37	91	12480
0	46	12484
35	37	12485
30	81	12486
14	37	12492
37	43	12497
51	79	12504
12	80	12519
30	76	12519
3	16	12525
43	56	12528
37	99	12530
13	33	12532
0	37	12537
22	37	12540
26	89	12542
28	34	12565
64	86	12567
9	51	12573
37	82	12574
2	37	12575
3	76	12578
16	74	12580
37	88	12587
20	63	12588
17	81	12608
1	37	12611
74	83	12611
37	41	12617
38	84	12624
74	98	12625
64	94	12634
37	64	12646
37	67	12651
41	58	12655
55	68	12661
40	71	12671
37	85	12672
12	37	12676
2	56	12698
11	35	12698
24	45	12699
20	29	12703
33	73	12715
37	52	12717
38	49	12719
3	25	12724
28	37	12727
0	3	12732
47	92	12736
35	63	12740
31	49	12754
37	41	12759
3	48	12766
43	75	12766
6	37	12767
37	89	12768
17	54	12776
0	63	12786
3	54	12786
37	77	12791
20	37	12792
37	85	12813
29	80	12816
3	11	12821
32	51	12825
11	71	12827
37	55	12833
34	39	12840
57	58	12846
25	44	12857
3	45	12858
37	97	12869
3	9	12873
2	86	12874
14	37	12889
76	80	12891
37	73	12893
29	51	12897
44	52	12904
51	77	12905
17	74	12908
31	93	12908
14	24	12912
51	86	12922
35	63	12923
73	94	12925
27	50	12936
37	63	12941
25	88	12944
18	43	12946
23	43	12947
9	64	12951
28	63	12953
42	44	12977
28	94	13000
10	53	13003
3	23	13013
37	51	13023
50	73	13027
16	37	13028
2	92	13037
3	88	13039
37	74	13041
17	68	13042
3	67	13055
14	70	13058
37	76	13068
0	51	13070
61	69	13073
37	89	13075
3	14	13076
19	20	13080
2	5	13081
17	37	13103
37	99	13107
34	37	13111
27	98	13120
37	63	13128
80	92	13128
37	63	13133
26	57	13137
0	85	13147
0	22	13159
37	46	13160
37	67	13162
43	93	13169
14	39	13170
0	99	13182
1	51	13182
35	37	13190
8	37	13191
37	67	13192
19	37	13195
0	94	13218
64	82	13228
55	56	13247
2	84	13253
60	89	13254
13	79	13257
3	72	13259
29	73	13284
51	69	13285
37	59	13286
12	42	13287
18	84	13289
58	74	13297
51	66	13302
21	23	13307
17	37	13312
37	44	13320
41	69	13327
49	92	13328
43	46	13330
37	44	13331
45	63	13336
6	37	13341
37	96	13344
9	37	13347
45	67	13349
16	34	13355
64	73	13363
27	93	13364
37	72	13366
8	41	13367
17	37	13380
37	66	13381
61	64	13383
37	55	13397
67	89	13398
64	76	13402
29	63	13405
63	86	13420
35	57	13421
14	83	13446
48	80	13458
51	65	13464
14	52	13485
67	76	13488
37	87	13493
12	37	13495
17	37	13497
9	22	13531
76	97	13531
28	60	13534
37	80	13541
37	39	13544
9	81	13555
3	37	13569
43	68	13571
20	61	13574
8	80	13579
3	37	13585
39	80	13585
37	71	13587
64	74	13589
14	37	13592
12	43	13596
9	47	13598
37	87	13602
37	89	13608
51	63	13609
0	37	13619
37	64	13627
32	73	13646
37	72	13650
6	62	13651
13	86	13653
4	47	13668
8	20	13684
6	22	13690
6	52	13693
37	74	13693
37	99	13696
23	68	13710
27	37	13717
27	95	13717
74	75	13718
37	96	13724
56	75	13725
75	76	13727
80	91	13731
13	67	13733
8	55	13752
53	91	13757
68	73	13758
80	89	13767
36	95	13769
8	49	13771
21	54	13774
40	67	13775
26	82	13776
46	54	13781
37	50	13785
17	61	13804
9	72	13808
37	70	13816
10	99	13818
10	85	13819
55	60	13822
37	92	13824
37	77	13825
67	99	13828
12	37	13831
35	49	13831
17	45	13846
21	43	13851
71	95	13859
3	27	13879
5	37	13891
10	75	13893
74	87	13893
8	22	13896
80	89	13903
43	74	13904
37	41	13907
0	77	13908
37	94	13912
42	85	13912
9	89	13919
10	19	13919
28	48	13956
32	37	13956
36	37	13956
61	64	13957
6	96	13958
17	97	13958
37	86	13958
37	49	13958
20	64	13961
2	74	13979
20	64	13982
37	76	13983
0	78	13985
17	22	13986
18	32	13998
3	86	13999
50	73	14001
0	98	14009
34	89	14011
66	67	14014
26	29	14019
37	93	14025
14	58	14035
45	89	14038
0	43	14043
64	87	14046
37	79	14053
3	14	14059
0	74	14068
8	66	14068
14	37	14069
74	82	14070
12	51	14072
37	86	14074
49	53	14075
53	80	14079
1	13	14083
22	76	14091
34	37	14092
22	37	14098
14	77	14099
60	71	14103
67	89	14104
5	75	14106
37	42	14107
37	76	14108
37	49	14113
3	43	14115
16	64	14119
14	21	14120
13	53	14126
76	85	14135
14	37	14137
43	75	14148
21	89	14151
37	43	14163
37	80	14165
41	73	14165
27	37	14166
37	44	14167
73	93	14170
15	37	14174
80	92	14175
3	37	14179
27	97	14181
37	86	14181
66	89	14185
37	39	14191
63	80	14198
0	80	14207
30	92	14207
48	95	14208
39	67	14210
20	81	14214
19	22	14245
37	97	14248
6	89	14253
43	55	14257
37	97	14266
4	12	14269
37	38	14269
25	33	14272
40	45	14275
80	83	14279
30	76	14280
19	32	14292
76	94	14314
1	57	14315
37	86	14315
29	90	14333
33	57	14347
37	40	14348
37	55	14362
16	17	14363
8	26	14368
37	47	14376
20	84	14379
27	35	14381
42	92	14381
0	21	14382
26	83	14382
2	40	14386
37	62	14393
34	50	14396
55	97	14398
51	56	14407
43	50	14410
63	96	14410
37	60	14417
17	37	14426
26	55	14437
10	73	14440
37	94	14441
3	29	14443
55	99	14461
4	16	14469
72	87	14470
14	37	14471
14	97	14471
28	32	14477
22	30	14479
17	68	14486
21	74	14493
29	37	14494
3	67	14495
37	91	14500
14	35	14501
55	71	14509
39	92	14519
32	46	14521
43	83	14522
80	95	14531
3	72	14546
45	50	14555
61	76	14556
43	72	14561
0	49	14563
43	49	14566
24	69	14567
26	81	14568
20	37	14569
37	55	14579
16	29	14580
43	67	14583
8	9	14587
37	41	14593
37	71	14600
2	74	14601
14	69	14605
33	86	14606
23	99	14612
87	91	14614
34	80	14618
3	12	14619
26	37	14619
6	37	14624
37	65	14626
14	37	14634
22	34	14635
14	77	14640
3	64	14645
1	80	14646
11	93	14650
11	64	14654
1	24	14656
27	37	14659
37	82	14662
21	37	14663
48	85	14664
8	67	14676
63	95	14677
74	81	14705
37	60	14709
35	57	14710
55	80	14711
19	97	14712
26	86	14720
3	6	14722
33	37	14733
37	74	14735
34	37	14745
37	41	14756
7	37	14758
58	92	14766
32	37	14771
67	71	14778
35	80	14790
79	96	14795
22	70	14796
37	85	14800
45	96	14805
20	81	14812
3	63	14813
37	80	14818
75	99	14819
5	37	14822
37	63	14823
43	72	14825
18	81	14839
37	74	14840
3	8	14844
52	63	14852
17	37	14858
24	37	14862
54	89	14865
37	46	14866
27	84	14867
61	74	14871
37	91	14876
43	81	14876
37	63	14883
4	97	14886
37	43	14901
26	37	14913
43	83	14920
10	12	14921
37	57	14921
72	98	14928
6	19	14934
16	37	14935
8	37	14942
50	63	14950
38	83	14951
7	65	14955
67	75	14955
25	74	14959
26	37	14976
63	71	14977
67	90	14990
37	53	14996
28	37	15001
72	75	15004
3	5	15008
3	43	15015
2	14	15024
68	76	15028
51	75	15033
19	87	15036
37	97	15037
64	73	15046
57	64	15048
47	82	15050
37	57	15055
21	82	15059
40	64	15061
20	39	15064
37	88	15064
28	98	15066
42	64	15066
39	67	15068
37	74	15079
21	52	15082
39	50	15086
37	41	15087
21	80	15095
8	34	15109
37	97	15109
83	85	15115
3	78	15117
63	66	15125
23	76	15129
35	37	15131
3	98	15137
37	96	15139
64	95	15142
12	95	15150
12	74	15152
37	71	15160
49	58	15168
26	37	15169
45	63	15170
14	21	15177
37	61	15190
43	85	15190
35	53	15198
15	34	15206
59	73	15210
37	48	15213
38	55	15214
51	57	15217
84	95	15217
0	15	15219
29	92	15220
24	65	15225
2	86	15230
11	77	15250
64	68	15251
27	37	15254
37	64	15263
37	86	15263
5	34	15272
37	71	15281
25	89	15285
63	89	15287
63	89	15291
24	74	15292
37	38	15304
37	68	15306
2	37	15313
45	55	15318
20	21	15341
37	58	15342
37	63	15344
7	37	15345
32	71	15345
37	69	15346
10	16	15351
16	44	15351
71	83	15353
71	77	15358
37	47	15361
63	88	15365
20	64	15372
1	37	15378
33	37	15387
16	37	15390
27	50	15390
8	35	15393
4	43	15398
3	98	15401
50	67	15407
34	37	15411
62	80	15416
37	80	15419
58	67	15423
3	16	15432
37	97	15436
43	72	15450
5	9	15460
14	15	15463
3	48	15466
37	80	15472
31	98	15475
25	80	15479
37	86	15484
46	76	15492
37	74	15495
30	37	15499
3	51	15500
37	74	15506
67	86	15506
50	56	15513
41	53	15514
9	86	15519
25	37	15526
37	64	15541
37	67	15546
21	83	15547
82	93	15553
46	63	15554
23	66	15562
27	80	15581
18	70	15587
8	14	15596
3	92	15605
32	33	15606
33	44	15622
36	64	15622
45	64	15622
37	93	15629
32	34	15640
66	76	15675
58	72	15677
13	74	15680
34	89	15689
23	39	15713
14	55	15722
37	43	15733
8	86	15736
37	88	15739
8	10	15743
5	14	15744
37	91	15744
20	37	15758
39	85	15763
3	45	15766
6	37	15767
6	50	15767
1	69	15769
22	76	15780
4	64	15781
3	41	15790
92	94	15795
3	8	15800
56	66	15802
35	59	15805
23	31	15806
73	97	15806
55	71	15809
43	56	15811
37	43	15813
69	84	15821
38	89	15822
70	75	15823
19	74	15828
48	59	15830
62	90	15830
4	37	15839
37	80	15839
10	69	15842
4	67	15847
15	37	15848
37	78	15851
37	51	15858
3	37	15863
25	37	15875
49	66	15878
37	96	15883
37	47	15884
29	45	15885
34	37	15885
71	97	15889
31	63	15892
3	93	15919
17	38	15919
61	64	15931
34	86	15954
48	78	15958
49	71	15959
28	98	15960
3	6	15961
37	82	15962
3	89	15963
17	91	15966
21	74	15966
37	41	15973
33	37	15975
20	96	15977
3	68	15987
10	28	15991
37	41	15997
50	89	16000
71	85	16003
1	37	16004
1	8	16012
25	77	16033
37	99	16038
37	68	16049
37	55	16061
76	95	16072
9	91	16080
29	63	16082
63	64	16090
90	93	16090
50	89	16095
68	71	16095
8	29	16102
68	79	16105
37	39	16115
8	88	16116
11	72	16130
2	31	16135
37	45	16139
5	19	16140
4	37	16141
40	69	16145
15	76	16147
37	45	16148
21	70	16150
1	73	16159
4	37	16162
47	89	16164
76	87	16171
31	37	16173
18	37	16175
37	98	16178
14	19	16183
3	51	16186
37	86	16186
37	99	16195
13	37	16197
40	98	16202
33	63	16205
10	81	16211
3	55	16218
18	91	16239
44	58	16239
63	64	16241
50	53	16242
3	51	16249
13	57	16249
37	89	16249
16	34	16251
14	37	16256
25	88	16272
18	48	16275
35	72	16279
89	90	16282
43	55	16288
3	37	16289
35	51	16293
55	64	16299
37	79	16300
29	32	16303
37	49	16307
37	55	16309
3	8	16310
2	37	16314
30	67	16316
84	96	16328
3	97	16330
57	76	16331
21	76	16337
14	97	16339
37	57	16350
30	75	16352
62	99	16369
26	49	16380
49	91	16387
37	89	16391
3	83	16392
32	73	16393
6	93	16394
37	77	16399
55	57	16399
41	92	16401
1	34	16409
37	44	16409
23	80	16414
80	91	16417
37	73	16435
20	94	16439
86	93	16446
10	90	16452
10	37	16454
61	68	16457
37	63	16462
14	49	16466
47	55	16469
37	94	16473
33	37	16474
8	37	16479
44	92	16479
17	68	16483
33	98	16486
4	72	16487
56	63	16490
27	30	16507
37	58	16512
33	82	16528
45	85	16538
42	73	16542
3	37	16543
8	34	16549
37	52	16559
37	81	16559
34	48	16562
55	78	16569
33	72	16587
5	94	16590
30	82	16593
37	95	16610
74	96	16614
0	20	16621
37	73	16622
37	63	16624
37	85	16624
8	37	16633
3	10	16634
29	63	16636
37	54	16657
21	49	16660
66	80	16660
73	95	16661
19	63	16670
4	74	16673
10	48	16675
68	69	16675
5	93	16682
49	83	16689
32	50	16694
78	93	16694
30	37	16695
33	37	16697
41	66	16708
21	80	16724
3	85	16754
41	68	16754
27	63	16757
37	45	16761
37	73	16773
52	69	16789
19	37	16796
37	68	16799
12	39	16802
16	50	16804
79	98	16810
39	69	16812
37	48	16814
34	88	16819
32	54	16820
3	37	16822
3	57	16827
37	79	16836
48	85	16844
73	86	16845
74	86	16846
8	77	16847
6	83	16851
3	8	16854
37	41	16857
37	74	16867
0	30	16871
5	37	16876
39	62	16879
74	90	16885
37	80	16886
37	47	16887
28	91	16902
35	98	16906
52	76	16914
77	94	16915
14	26	16916
40	66	16927
37	53	16935
37	52	16935
5	34	16938
37	57	16938
37	80	16951
10	73	16952
37	49	16958
63	70	16959
37	86	16963
37	88	16979
21	82	16985
3	7	16998
37	66	17003
59	89	17007
37	41	17015
8	73	17020
36	37	17038
20	81	17042
3	49	17050
66	81	17050
50	71	17059
13	46	17060
14	63	17063
49	62	17064
42	83	17073
87	94	17084
80	83	17085
37	63	17086
3	37	17089
3	23	17100
3	37	17109
29	30	17112
37	47	17117
28	97	17124
37	97	17130
3	37	17132
79	87	17145
80	97	17151
0	3	17156
43	63	17168
52	83	17172
1	63	17173
40	80	17174
37	67	17181
8	37	17182
35	45	17182
9	67	17185
68	80	17188
9	37	17190
37	52	17198
37	39	17207
3	84	17211
40	89	17211
37	49	17212
0	98	17215
40	47	17217
15	37	17218
70	88	17220
37	74	17221
37	51	17229
56	65	17229
33	44	17232
37	55	17232
1	37	17242
37	64	17256
21	39	17259
37	39	17262
10	37	17266
37	78	17273
28	86	17275
37	74	17282
60	74	17285
4	68	17287
3	21	17291
37	75	17298
54	73	17307
44	77	17310
55	74	17310
23	24	17316
8	25	17321
44	46	17326
17	18	17333
37	91	17340
37	77	17348
23	37	17349
21	71	17361
17	28	17364
37	97	17364
41	69	17366
27	29	17370
37	60	17371
10	49	17373
79	82	17373
33	37	17388
31	72	17390
3	39	17396
37	83	17399
25	50	17400
21	25	17410
48	96	17411
37	81	17412
35	37	17415
3	37	17418
37	81	17422
34	37	17438
37	94	17439
37	75	17442
37	85	17444
13	64	17446
17	88	17450
4	72	17454
7	43	17454
0	3	17461
0	37	17470
0	37	17473
37	70	17482
37	90	17485
3	42	17490
37	79	17495
27	76	17497
27	30	17498
12	32	17511
37	55	17519
2	21	17531
34	37	17536
63	70	17536
24	40	17538
22	93	17540
17	37	17545
37	82	17556
9	42	17561
37	49	17564
6	29	17570
35	37	17570
53	86	17571
85	88	17572
48	53	17578
37	86	17584
47	65	17595
77	87	17605
3	75	17632
37	67	17635
47	64	17640
45	65	17641
50	89	17642
20	55	17649
37	79	17650
37	56	17653
9	37	17654
37	85	17657
41	92	17663
37	82	17678
3	87	17686
56	77	17688
0	45	17689
19	63	17694
37	94	17694
9	37	17707
37	68	17711
3	37	17720
10	45	17729
3	89	17739
20	33	17739
22	74	17739
24	99	17740
3	37	17758
90	92	17759
37	73	17774
37	76	17783
1	5	17800
37	73	17802
2	70	17819
63	85	17824
2	86	17825
24	86	17833
33	37	17838
17	63	17839
3	85	17842
37	43	17851
34	66	17853
20	37	17854
37	64	17857
37	90	17860
0	37	17870
34	50	17870
72	94	17873
5	49	17878
0	37	17884
25	77	17887
61	76	17889
7	71	17907
4	37	17914
7	71	17915
3	11	17916
2	79	17919
34	71	17919
67	90	17927
21	50	17929
15	37	17930
37	73	17931
63	70	17932
73	95	17937
19	37	17938
2	43	17942
30	76	17964
25	86	17973
21	80	17976
39	71	17981
59	73	17982
10	37	17996
43	69	18009
10	37	18021
15	20	18023
37	45	18027
19	30	18028
31	37	18030
63	73	18033
14	62	18044
47	55	18046
45	51	18052
19	86	18056
26	51	18057
37	50	18057
1	37	18068
3	28	18070
76	83	18081
8	36	18085
61	95	18094
63	97	18101
37	68	18107
63	77	18113
13	43	18117
11	21	18144
14	80	18145
85	99	18145
27	55	18153
11	61	18155
30	63	18172
37	87	18182
37	76	18183
15	25	18190
11	37	18191
36	49	18191
29	85	18192
63	96	18196
20	40	18199
10	24	18200
19	58	18211
46	51	18225
20	37	18229
43	79	18255
7	77	18270
37	71	18275
1	30	18284
25	72	18291
23	86	18292
37	59	18299
55	76	18302
72	74	18302
9	37	18306
37	96	18310
37	43	18318
24	99	18321
19	37	18326
37	76	18329
8	18	18332
56	64	18342
40	50	18344
0	89	18347
3	46	18352
1	30	18354
43	56	18355
3	34	18360
37	43	18371
3	59	18374
21	24	18382
15	76	18384
64	69	18387
71	92	18401
20	37	18402
54	61	18404
20	27	18409
20	37	18415
22	50	18415
37	99	18425
10	48	18428
64	93	18432
6	83	18443
3	25	18447
67	70	18453
13	20	18454
45	80	18457
35	77	18460
37	93	18467
53	64	18467
19	29	18470
85	89	18476
3	63	18482
36	78	18490
37	60	18493
81	84	18501
17	73	18509
7	37	18518
37	59	18519
37	74	18521
37	99	18523
23	69	18524
3	71	18526
29	67	18527
40	64	18532
6	71	18536
59	91	18537
10	57	18553
9	53	18555
62	66	18556
37	65	18560
19	84	18569
0	77	18586
24	75	18591
31	95	18595
37	47	18603
54	82	18612
62	87	18616
33	37	18622
37	51	18622
50	55	18629
10	93	18634
37	62	18635
4	33	18654
37	52	18655
21	86	18657
25	37	18657
30	37	18658
4	49	18668
22	68	18671
52	58	18680
37	64	18681
26	79	18695
51	95	18701
0	73	18703
37	73	18707
37	86	18713
25	82	18716
25	42	18720
3	37	18726
37	89	18732
41	81	18736
49	73	18743
4	18	18761
34	39	18765
32	37	18766
6	37	18772
1	66	18775
14	37	18775
74	91	18777
24	48	18780
43	72	18782
8	63	18784
0	82	18790
31	37	18794
40	77	18794
28	49	18795
63	81	18795
7	99	18797
37	90	18797
33	83	18802
78	83	18805
29	72	18807
4	19	18811
55	63	18813
55	64	18813
14	21	18817
28	52	18819
4	37	18838
16	37	18848
95	99	18855
10	57	18860
37	86	18861
37	70	18864
32	75	18865
6	67	18866
37	52	18873
17	50	18878
66	79	18880
1	37	18893
55	66	18903
37	38	18912
22	45	18914
50	88	18914
36	82	18915
3	25	18917
27	80	18920
65	94	18921
37	59	18930
37	79	18939
46	71	18940
37	71	18949
8	85	18951
13	37	18952
25	29	18953
13	93	18954
17	72	18956
37	44	18956
52	89	18956
55	77	18962
20	58	18972
0	21	18976
28	37	18997
89	98	18999
34	37	19001
41	66	19007
52	85	19009
58	71	19009
37	73	19011
26	30	19013
37	51	19017
36	46	19019
3	37	19026
17	72	19026
37	93	19029
10	71	19031
2	9	19041
19	69	19041
25	32	19043
5	7	19046
6	37	19079
1	37	19080
84	88	19084
16	45	19105
24	64	19112
43	49	19114
13	17	19117
22	70	19119
34	60	19125
3	37	19127
17	73	19131
37	80	19133
37	76	19136
51	55	19136
41	66	19141
37	94	19145
4	49	19159
1	10	19163
21	37	19165
27	37	19169
20	37	19176
3	55	19178
3	37	19189
51	80	19192
29	94	19193
37	50	19197
31	67	19202
8	53	19204
20	71	19204
37	79	19204
37	94	19208
3	63	19214
0	12	19215
23	80	19216
88	93	19223
37	93	19226
22	64	19238
8	74	19243
37	74	19273
18	45	19276
39	74	19286
30	69	19292
63	68	19297
31	55	19304
71	97	19308
27	74	19314
37	94	19318
3	55	19319
4	8	19325
41	73	19325
16	80	19328
16	62	19337
41	73	19338
52	69	19342
52	99	19351
10	37	19364
12	34	19366
54	99	19367
34	67	19369
27	40	19373
0	55	19378
10	86	19399
51	53	19403
15	96	19446
4	37	19448
50	85	19455
3	75	19459
4	73	19478
13	92	19478
21	73	19490
57	93	19490
37	40	19493
19	37	19495
31	37	19496
6	37	19499
17	76	19514
37	55	19516
73	86	19530
56	74	19533
37	47	19534
37	74	19536
7	37	19542
32	99	19543
3	37	19569
33	41	19577
4	69	19582
37	63	19589
0	25	19597
50	56	19600
37	54	19601
18	19	19602
57	77	19603
8	37	19605
37	71	19607
37	45	19639
37	93	19642
50	63	19650
76	98	19655
9	10	19657
3	71	19660
37	66	19661
16	44	19666
0	46	19667
63	71	19667
2	81	19681
74	86	19686
37	42	19700
11	14	19703
33	80	19703
20	37	19706
41	43	19707
61	76	19707
20	37	19710
14	56	19717
43	73	19721
53	75	19721
29	37	19728
9	65	19733
37	88	19733
3	91	19734
37	75	19735
37	85	19736
37	77	19739
35	37	19744
37	80	19744
21	37	19753
37	46	19756
37	44	19757
11	14	19758
16	50	19759
32	76	19762
10	47	19767
51	54	19770
21	37	19774
26	78	19779
16	43	19788
37	71	19793
37	80	19805
64	75	19810
23	58	19820
36	37	19826
19	37	19827
34	37	19834
37	79	19844
3	65	19852
45	88	19856
39	74	19858
37	43	19859
37	65	19861
37	58	19862
11	75	19870
34	37	19873
34	37	19886
37	42	19897
17	74	19904
36	50	19905
47	92	19905
3	37	19908
37	63	19912
74	96	19931
50	92	19933
12	31	19944
4	17	19955
46	76	19959
80	89	19961
8	17	19962
44	66	19963
43	73	19980
27	40	19982
16	90	19995
27	75	20000
