0	13	1
0	97	11
2	81	13
15	49	17
79	97	19
24	26	22
20	40	38
24	65	42
13	72	44
0	70	45
53	95	47
7	21	52
1	87	61
61	78	62
51	96	63
24	91	68
23	33	69
0	19	80
1	10	80
37	57	84
0	47	93
53	98	102
22	43	109
24	96	110
47	91	121
0	18	122
1	96	124
78	95	125
24	30	129
20	34	130
18	72	135
50	72	138
29	87	157
69	93	163
24	52	172
7	49	183
33	38	186
24	64	187
0	95	189
24	82	191
44	59	205
30	75	208
66	91	210
50	57	211
60	91	214
24	28	219
0	91	221
0	23	223
51	91	223
23	50	225
24	70	225
10	98	227
37	72	231
0	95	233
0	21	233
50	91	233
57	72	236
62	95	242
23	48	245
50	53	245
37	56	246
91	99	251
24	43	252
14	83	258
44	79	259
80	97	264
12	83	268
23	26	274
59	89	278
24	92	279
12	24	280
0	29	283
18	91	286
68	99	290
24	36	291
61	90	294
31	72	298
24	44	302
30	97	302
66	93	303
63	69	306
91	99	306
46	50	307
32	50	314
78	87	316
0	63	317
37	91	323
34	54	324
10	23	328
24	49	328
30	82	330
27	72	333
37	72	333
61	79	334
75	95	335
47	49	338
4	95	341
61	81	343
24	79	344
24	75	354
33	90	355
71	78	365
24	84	378
19	50	384
18	91	393
0	53	397
61	90	404
24	39	411
66	95	414
30	91	418
32	33	430
38	91	435
5	81	439
24	30	444
0	93	453
24	91	454
72	94	459
4	72	465
18	91	466
72	96	466
34	72	467
13	95	469
21	60	471
0	53	478
57	98	481
24	80	482
31	91	491
54	95	493
31	83	499
38	41	503
73	95	515
24	43	519
70	77	521
0	33	523
34	59	525
34	54	527
22	26	536
82	94	536
26	97	550
24	46	559
41	89	562
4	29	575
52	90	576
71	72	583
12	94	591
0	95	594
24	30	596
7	47	599
57	85	603
11	24	608
27	51	610
24	81	614
36	88	624
7	72	628
2	80	629
34	63	635
8	16	652
72	91	663
75	82	664
95	97	670
61	72	677
24	25	685
81	95	691
24	47	692
50	84	692
0	91	697
24	81	698
44	53	703
60	81	705
42	65	709
24	27	715
15	73	721
72	84	723
19	91	724
24	52	732
17	54	734
15	23	737
72	90	740
10	27	748
72	94	748
82	91	750
19	91	751
0	50	756
0	91	765
61	64	765
36	57	768
35	79	779
0	7	784
51	72	789
77	95	793
72	79	798
38	97	800
63	95	802
63	72	812
0	95	819
62	72	819
56	91	822
24	95	833
8	42	838
30	95	841
61	94	841
0	24	843
77	93	843
26	80	860
30	76	871
52	97	875
72	91	880
52	83	881
54	87	892
25	68	895
24	55	903
49	72	904
57	90	910
50	94	927
33	34	928
0	96	933
55	75	938
20	91	945
24	97	954
0	59	956
24	87	957
0	13	959
2	59	959
72	79	976
27	95	987
2	73	994
74	91	996
22	55	997
6	71	1004
25	60	1008
2	14	1013
0	24	1014
0	24	1018
47	48	1018
0	35	1019
21	91	1031
58	72	1041
48	72	1046
14	63	1047
30	51	1056
24	61	1058
0	19	1065
57	66	1071
2	30	1081
47	73	1085
6	15	1096
54	73	1097
87	88	1107
29	51	1108
28	97	1112
9	24	1115
34	91	1121
13	66	1123
21	63	1131
24	30	1133
72	94	1144
36	57	1145
2	69	1150
0	65	1158
24	47	1160
3	65	1169
23	66	1169
20	30	1172
50	95	1174
50	91	1177
30	97	1184
77	98	1185
21	28	1187
32	60	1189
24	72	1201
0	71	1205
0	16	1207
22	72	1219
59	85	1225
20	42	1232
16	98	1234
7	50	1237
0	8	1239
5	72	1240
72	75	1244
51	74	1245
18	92	1250
0	69	1251
0	70	1251
16	56	1256
0	11	1267
0	1	1267
59	72	1271
0	72	1272
16	91	1275
13	86	1276
0	1	1277
14	95	1279
6	51	1285
0	94	1296
33	35	1297
85	91	1302
0	82	1303
40	87	1314
64	91	1319
6	31	1328
29	57	1329
17	49	1341
19	30	1342
79	87	1342
50	91	1348
42	91	1349
46	71	1349
72	91	1350
53	65	1352
53	93	1354
24	58	1356
24	85	1359
51	72	1360
24	35	1363
1	91	1370
7	91	1372
53	72	1372
65	72	1372
50	85	1373
16	78	1378
48	98	1379
28	57	1381
5	72	1389
33	96	1401
91	96	1404
11	56	1412
91	92	1422
47	63	1447
38	91	1460
23	79	1463
0	24	1465
2	24	1469
21	79	1469
11	32	1472
33	35	1476
35	86	1480
50	58	1490
7	84	1492
0	91	1493
42	63	1502
15	91	1513
24	43	1513
0	82	1524
11	30	1524
24	66	1531
12	26	1536
40	96	1537
24	90	1540
42	83	1540
56	85	1546
6	65	1550
23	24	1554
30	37	1556
7	39	1560
7	64	1576
55	69	1580
38	53	1582
24	47	1584
8	24	1593
49	50	1594
39	91	1597
0	53	1600
25	71	1614
67	91	1615
94	95	1623
24	70	1624
6	7	1627
48	72	1627
74	82	1635
75	91	1636
79	94	1642
6	72	1660
27	69	1661
12	45	1676
24	91	1681
38	95	1685
37	61	1688
66	91	1699
61	72	1702
16	91	1710
7	20	1711
0	28	1715
24	72	1726
24	91	1727
31	77	1728
50	85	1730
2	32	1733
10	24	1738
3	72	1739
16	81	1739
32	93	1740
1	29	1741
24	72	1741
35	71	1743
4	95	1744
24	50	1747
7	48	1749
0	95	1750
5	49	1757
15	66	1762
0	62	1770
11	26	1772
33	46	1776
5	35	1779
29	71	1780
36	91	1781
47	91	1781
16	21	1782
28	72	1782
4	11	1786
39	65	1795
0	21	1803
0	8	1810
3	66	1813
24	34	1826
30	66	1831
61	91	1831
67	91	1831
25	91	1837
79	86	1838
51	72	1839
19	85	1843
0	10	1849
0	64	1851
0	24	1858
0	24	1862
65	74	1868
0	24	1869
8	91	1872
0	72	1876
5	36	1883
24	91	1884
16	72	1886
73	95	1886
0	19	1887
20	75	1895
24	47	1897
62	95	1898
30	72	1903
56	85	1910
24	72	1914
86	91	1924
2	15	1930
91	97	1931
0	45	1943
0	72	1948
21	82	1948
50	71	1953
85	87	1953
77	95	1954
22	30	1955
34	87	1967
16	72	1969
45	57	1969
1	66	1970
49	73	1970
26	61	1980
50	91	1987
55	91	1989
28	91	1991
60	84	1991
5	32	1993
26	50	1994
41	90	1994
2	57	2001
95	97	2001
56	91	2003
49	72	2007
21	95	2011
7	9	2014
47	91	2015
19	54	2016
66	91	2022
24	54	2025
42	54	2028
63	74	2032
53	91	2040
7	28	2041
57	65	2044
57	86	2044
73	91	2044
1	31	2047
44	91	2048
72	91	2050
64	82	2053
64	73	2054
16	50	2057
79	97	2058
49	52	2090
61	72	2091
41	57	2092
17	82	2094
0	53	2096
25	39	2101
47	91	2105
7	26	2108
2	43	2111
28	36	2116
71	87	2116
48	96	2120
60	68	2126
34	63	2135
12	77	2136
7	72	2141
18	24	2143
24	58	2144
72	82	2151
16	85	2155
54	86	2163
27	91	2166
10	26	2167
54	91	2171
26	88	2181
12	47	2187
24	36	2187
0	72	2196
0	42	2197
50	96	2199
24	91	2201
61	63	2207
0	61	2215
2	82	2217
72	91	2224
10	44	2229
24	72	2232
24	61	2243
21	57	2246
92	95	2249
50	80	2250
0	21	2254
25	54	2254
2	53	2258
61	72	2261
24	57	2262
18	31	2264
2	4	2265
61	67	2273
0	77	2274
79	98	2285
24	72	2290
47	57	2296
33	92	2304
9	72	2305
39	47	2306
39	91	2307
37	72	2311
39	57	2323
5	36	2326
10	85	2326
33	61	2331
15	74	2333
8	21	2339
65	73	2341
0	34	2345
54	82	2356
73	91	2357
72	97	2373
95	98	2380
12	95	2389
18	50	2390
0	48	2394
57	73	2396
43	95	2397
54	91	2399
32	55	2400
0	21	2402
53	75	2403
24	67	2415
65	95	2417
16	71	2421
0	72	2430
24	61	2441
14	25	2446
35	36	2449
41	70	2449
48	94	2455
3	24	2461
7	96	2465
53	73	2468
72	75	2473
26	66	2476
0	83	2483
49	71	2485
57	72	2486
25	91	2499
29	91	2500
86	95	2501
0	22	2504
0	72	2506
23	81	2516
69	82	2516
0	41	2517
24	39	2518
39	95	2518
21	72	2523
87	97	2538
69	87	2541
35	58	2542
24	61	2551
37	80	2554
18	97	2555
78	95	2558
15	71	2562
18	86	2562
0	30	2563
65	72	2569
7	12	2572
21	24	2573
3	44	2580
24	29	2580
14	24	2581
0	95	2582
24	47	2585
72	75	2596
0	53	2601
6	33	2601
63	91	2601
14	39	2608
8	50	2612
45	86	2613
51	75	2619
72	91	2622
72	79	2632
26	80	2642
10	76	2645
50	96	2645
5	91	2647
2	57	2660
63	95	2663
52	59	2664
1	34	2667
0	98	2673
0	61	2681
14	20	2697
18	59	2698
15	95	2700
44	78	2704
24	54	2709
28	79	2709
34	77	2713
4	15	2714
13	72	2715
16	80	2740
72	95	2741
24	74	2760
0	95	2779
24	84	2780
57	95	2797
34	67	2809
78	91	2821
25	69	2827
0	91	2833
24	35	2836
33	91	2839
66	80	2840
0	7	2841
21	91	2846
72	91	2850
54	95	2853
24	65	2854
24	95	2857
21	37	2858
12	72	2866
11	40	2873
60	72	2878
0	12	2892
4	89	2895
6	79	2895
0	39	2897
61	95	2899
0	73	2901
0	12	2916
24	38	2918
82	91	2923
69	92	2937
0	64	2940
24	78	2941
0	39	2950
22	26	2950
21	44	2953
39	88	2963
0	24	2967
0	13	2967
1	44	2973
48	91	2973
22	66	2976
50	91	2994
34	82	2995
30	78	2996
0	95	3000
11	14	3007
24	30	3018
32	64	3018
32	91	3030
53	76	3031
61	76	3032
0	91	3049
24	82	3054
21	88	3059
24	63	3069
24	91	3072
33	34	3073
35	80	3077
13	73	3078
6	95	3081
19	71	3081
2	46	3088
64	89	3092
6	24	3093
21	59	3093
15	72	3094
84	91	3102
20	76	3103
23	93	3104
90	91	3106
30	91	3109
75	91	3126
0	72	3131
31	91	3131
0	62	3133
84	93	3138
28	92	3139
0	24	3146
10	87	3146
0	95	3150
47	94	3151
75	91	3151
0	43	3157
0	95	3161
37	61	3167
24	72	3171
11	23	3173
21	30	3174
30	38	3178
0	32	3185
0	72	3190
46	95	3195
0	83	3198
24	55	3198
32	88	3206
24	49	3210
30	61	3211
0	34	3213
24	72	3225
0	69	3228
13	21	3233
5	66	3240
0	30	3253
27	89	3257
57	63	3258
11	27	3259
61	91	3260
37	52	3262
0	72	3265
90	91	3265
49	92	3272
21	54	3284
52	91	3289
56	91	3289
90	91	3289
74	90	3301
24	82	3307
7	61	3310
24	69	3314
66	75	3319
97	99	3319
79	97	3321
0	63	3327
57	66	3331
16	47	3333
61	65	3338
20	70	3346
48	57	3351
20	72	3357
21	53	3359
39	61	3361
78	96	3362
26	72	3368
45	72	3371
53	66	3384
7	91	3389
0	24	3397
30	79	3399
26	30	3403
50	96	3407
24	70	3411
69	74	3416
21	27	3427
26	35	3435
12	21	3440
24	73	3441
61	66	3441
24	62	3445
30	63	3449
74	98	3452
27	72	3454
64	95	3457
34	58	3467
70	81	3470
54	82	3472
59	79	3473
53	97	3476
24	30	3482
35	57	3482
0	30	3486
58	95	3489
67	91	3493
10	43	3497
30	73	3501
24	27	3508
40	95	3517
38	52	3524
4	24	3535
54	83	3535
1	59	3543
24	34	3553
91	95	3559
0	54	3560
67	91	3566
41	96	3569
16	72	3578
26	36	3582
11	63	3591
0	24	3605
0	51	3608
16	33	3614
17	72	3620
58	94	3634
15	39	3648
24	98	3661
20	21	3664
2	7	3670
36	83	3676
46	91	3677
0	11	3683
28	72	3685
7	24	3686
9	56	3693
46	69	3696
33	35	3717
42	69	3719
57	89	3721
61	72	3730
0	24	3738
23	38	3748
21	91	3749
67	95	3752
12	24	3761
55	72	3761
36	77	3767
24	75	3772
0	91	3780
0	78	3790
5	13	3792
35	82	3794
40	91	3796
19	34	3800
13	24	3802
33	81	3804
27	53	3805
0	24	3817
0	11	3829
55	91	3838
79	94	3838
2	78	3839
0	27	3846
27	79	3860
0	91	3861
9	35	3877
21	95	3877
39	61	3878
33	38	3881
5	35	3886
0	85	3901
2	18	3901
27	73	3907
17	50	3908
24	73	3909
34	39	3911
21	87	3914
23	24	3915
25	91	3915
53	70	3916
50	62	3923
30	57	3927
6	21	3935
4	62	3939
48	72	3942
30	89	3948
67	79	3950
28	91	3958
91	93	3961
71	72	3962
25	72	3969
0	81	3975
0	91	3979
0	22	3987
30	54	3988
66	81	3992
34	97	4008
4	53	4017
13	69	4018
35	96	4018
0	46	4020
57	95	4025
53	91	4026
80	91	4026
54	97	4028
24	68	4030
24	91	4032
17	55	4034
34	94	4037
49	87	4040
0	24	4042
34	61	4049
0	48	4051
8	91	4053
6	30	4061
31	62	4061
54	91	4074
0	24	4093
61	72	4095
0	33	4096
73	87	4097
32	42	4098
24	66	4100
0	53	4106
11	24	4116
7	79	4117
24	94	4118
0	17	4119
0	95	4124
14	49	4125
14	96	4125
24	91	4127
57	73	4127
17	24	4129
24	97	4132
54	72	4132
10	55	4136
15	32	4155
16	72	4161
7	34	4165
58	86	4166
30	79	4170
57	87	4172
63	87	4173
6	91	4188
0	24	4198
75	91	4208
1	72	4211
2	95	4212
57	74	4217
0	95	4218
40	72	4218
39	51	4225
66	99	4230
26	77	4243
52	87	4253
60	76	4253
61	72	4257
91	95	4257
26	86	4258
27	91	4265
72	94	4269
24	96	4270
91	93	4293
24	50	4294
63	95	4295
53	65	4296
47	63	4299
24	78	4308
35	85	4308
0	72	4313
36	46	4320
70	82	4322
39	46	4327
1	72	4330
74	96	4333
21	28	4334
70	97	4337
21	85	4341
57	61	4353
11	72	4355
20	72	4359
35	80	4360
0	98	4362
93	95	4364
24	91	4367
24	72	4374
24	33	4376
87	95	4382
24	45	4396
11	70	4401
40	51	4409
60	96	4410
52	91	4415
24	35	4417
58	67	4421
50	72	4426
71	72	4428
4	90	4429
5	85	4429
59	72	4432
0	26	4446
0	23	4447
24	61	4449
7	24	4460
23	67	4460
30	82	4460
46	51	4470
30	63	4481
17	23	4491
54	74	4518
0	34	4519
21	50	4538
42	91	4541
39	44	4543
60	99	4543
16	72	4546
30	49	4547
54	80	4554
25	50	4556
5	17	4557
0	76	4564
62	72	4564
63	91	4570
0	7	4571
88	91	4571
22	43	4573
33	94	4581
45	72	4581
14	91	4583
5	28	4590
26	93	4590
61	67	4595
0	18	4598
19	72	4608
24	49	4610
0	71	4620
56	98	4627
38	56	4629
0	27	4630
48	95	4634
0	72	4637
17	24	4641
36	91	4644
82	95	4654
5	70	4655
83	95	4656
33	86	4667
2	95	4689
46	63	4692
23	26	4697
23	91	4702
57	74	4706
13	91	4722
30	50	4733
42	47	4736
20	47	4743
0	92	4751
2	91	4757
79	98	4758
16	53	4764
48	91	4764
6	40	4766
26	36	4782
48	91	4791
50	84	4798
24	66	4799
24	79	4800
16	46	4802
29	80	4804
3	24	4817
48	91	4817
0	24	4818
24	32	4821
2	21	4833
22	37	4833
24	45	4840
26	33	4848
31	96	4850
91	94	4852
24	76	4854
16	84	4859
66	91	4862
11	95	4867
34	46	4869
17	83	4870
35	66	4872
11	72	4878
24	91	4884
77	95	4885
6	43	4896
80	91	4906
92	93	4907
15	30	4909
24	84	4909
7	39	4910
11	90	4926
23	37	4926
82	93	4927
24	30	4928
44	63	4931
1	38	4932
26	56	4933
91	95	4933
70	94	4940
58	72	4941
28	61	4947
33	37	4948
53	56	4955
24	72	4956
24	43	4958
24	53	4962
24	72	4979
24	54	4980
26	94	4980
45	94	4991
0	72	4999
24	83	5000
69	72	5007
31	50	5013
73	74	5018
0	75	5019
72	78	5023
0	63	5026
72	83	5033
21	24	5037
45	50	5037
7	77	5043
6	91	5046
72	84	5054
30	61	5055
7	19	5061
24	72	5063
61	95	5067
38	72	5079
16	72	5083
72	91	5084
24	72	5090
3	77	5092
31	38	5102
45	77	5106
30	38	5109
0	26	5110
1	63	5114
66	91	5116
79	88	5119
79	91	5123
50	91	5132
0	90	5139
72	96	5139
24	91	5140
43	61	5141
23	63	5142
53	92	5152
0	24	5156
24	48	5158
81	91	5158
37	79	5163
21	96	5168
50	72	5179
30	40	5187
84	91	5193
12	61	5208
86	91	5209
29	96	5218
26	28	5225
44	91	5230
0	80	5234
0	72	5237
24	91	5252
7	24	5255
10	24	5257
91	97	5268
20	97	5269
48	69	5274
24	49	5275
50	54	5279
72	82	5288
0	30	5291
2	96	5298
47	98	5300
7	10	5305
0	98	5319
0	24	5320
7	68	5324
24	91	5327
0	36	5328
47	80	5328
0	50	5329
61	66	5329
0	78	5337
71	72	5339
14	91	5344
54	91	5346
43	72	5347
0	34	5353
26	91	5363
21	80	5364
76	91	5365
3	24	5371
49	95	5381
0	98	5382
23	34	5386
48	72	5390
0	72	5402
0	66	5403
0	25	5407
72	91	5413
95	97	5415
13	54	5417
29	75	5423
55	72	5431
91	98	5431
72	91	5435
58	63	5441
0	70	5448
21	99	5458
5	71	5461
44	91	5467
76	92	5467
63	72	5468
51	54	5469
15	91	5481
4	73	5485
48	91	5491
42	43	5493
0	69	5500
35	72	5501
61	79	5513
16	30	5526
0	33	5529
0	48	5529
43	91	5529
39	72	5532
0	36	5537
21	57	5538
50	91	5544
12	72	5546
43	55	5551
0	67	5553
72	83	5557
63	76	5567
72	91	5571
78	81	5571
61	75	5573
30	95	5575
37	82	5576
6	70	5597
54	76	5604
57	95	5611
72	89	5616
9	69	5622
14	17	5624
34	57	5624
34	61	5629
72	84	5629
28	35	5641
72	91	5649
53	78	5653
56	90	5653
61	83	5655
11	47	5665
80	91	5665
24	91	5672
24	66	5678
0	95	5679
5	30	5683
50	72	5695
0	82	5699
30	93	5705
24	60	5709
66	95	5711
31	38	5713
53	60	5714
34	63	5715
30	75	5727
84	85	5727
23	95	5729
0	24	5740
25	95	5747
0	33	5761
33	91	5768
24	94	5775
47	72	5780
0	12	5801
47	94	5808
26	68	5815
8	76	5819
69	91	5826
0	21	5829
57	66	5831
7	94	5835
72	75	5845
30	74	5847
91	96	5854
66	75	5860
0	72	5861
62	66	5863
0	64	5865
9	59	5865
24	38	5865
17	92	5869
93	95	5869
21	89	5871
0	70	5872
62	68	5879
61	72	5884
18	55	5890
3	97	5895
0	7	5908
59	95	5910
16	27	5916
0	22	5919
41	74	5920
16	91	5921
49	58	5926
61	72	5928
0	40	5936
24	96	5937
43	79	5937
66	70	5944
0	91	5947
3	93	5950
7	48	5961
29	48	5966
11	95	5971
21	24	5971
72	92	5979
29	91	5985
24	42	5987
33	77	5996
24	96	6039
21	50	6043
24	54	6051
0	75	6077
65	91	6083
23	75	6088
0	24	6091
25	85	6094
25	35	6097
0	24	6098
50	64	6106
0	68	6109
33	70	6109
24	66	6113
0	72	6114
62	85	6114
15	86	6117
20	99	6129
24	60	6133
84	95	6134
24	28	6139
27	72	6139
0	30	6144
0	19	6145
15	50	6165
0	53	6167
50	72	6168
66	69	6168
63	72	6177
78	98	6189
26	79	6202
24	48	6205
26	61	6207
3	63	6221
24	95	6224
25	50	6225
73	91	6226
81	91	6228
8	27	6234
0	45	6235
29	48	6238
8	24	6239
0	79	6245
0	91	6254
25	33	6265
74	91	6267
0	39	6269
7	38	6270
11	72	6270
0	30	6295
30	63	6295
32	52	6296
59	66	6296
72	87	6299
24	49	6302
4	69	6304
5	25	6309
38	54	6312
24	38	6333
1	13	6335
28	57	6335
22	32	6338
48	91	6350
0	17	6355
3	36	6355
34	51	6357
88	91	6358
45	95	6359
0	95	6365
16	61	6365
63	93	6366
0	46	6367
68	94	6371
77	94	6372
57	75	6375
5	66	6377
72	95	6390
0	91	6405
42	95	6407
46	66	6414
0	22	6419
0	91	6421
6	28	6423
6	33	6434
57	63	6438
43	91	6447
54	83	6454
83	85	6455
50	90	6465
0	7	6466
51	95	6471
18	77	6481
19	44	6482
69	91	6486
56	64	6491
24	49	6498
3	72	6499
89	91	6508
10	46	6511
30	68	6518
53	85	6523
0	70	6527
0	95	6535
4	53	6535
72	85	6538
17	48	6543
18	31	6544
42	61	6544
0	42	6549
15	72	6551
22	30	6556
24	40	6560
0	25	6576
39	61	6583
47	69	6584
12	99	6587
0	30	6588
22	47	6590
72	91	6602
3	31	6609
35	81	6611
30	55	6612
78	97	6623
27	52	6625
0	57	6639
36	72	6639
55	86	6644
91	98	6646
7	25	6647
51	67	6653
72	84	6656
53	91	6669
12	87	6673
72	95	6673
47	72	6675
47	72	6681
0	91	6690
7	25	6693
3	17	6694
3	43	6698
24	53	6700
52	53	6701
77	98	6701
24	83	6703
49	68	6706
25	58	6708
0	38	6709
7	57	6716
44	89	6718
84	95	6723
0	47	6724
8	54	6727
26	49	6727
19	72	6730
17	24	6731
21	46	6733
77	91	6733
39	91	6734
54	68	6735
38	57	6744
0	85	6755
30	96	6755
82	83	6759
47	52	6763
17	86	6767
24	73	6770
24	53	6774
0	23	6775
0	72	6797
72	82	6800
43	83	6819
0	50	6824
24	51	6824
5	30	6830
72	85	6833
2	72	6834
33	83	6839
63	90	6842
76	88	6846
0	79	6853
13	55	6853
18	22	6863
63	72	6864
0	46	6869
33	95	6872
72	82	6872
24	70	6874
61	88	6879
44	50	6887
30	38	6890
16	33	6897
30	34	6900
0	72	6909
1	87	6921
40	66	6921
0	83	6925
47	49	6926
53	93	6926
39	58	6928
2	72	6930
72	76	6933
0	43	6934
0	91	6941
24	39	6947
84	91	6949
23	87	6957
8	98	6962
0	61	6992
70	91	7002
34	46	7004
24	29	7006
91	95	7010
19	63	7013
0	76	7014
59	95	7014
0	49	7020
34	95	7021
0	95	7029
47	79	7029
7	72	7038
12	78	7039
7	24	7042
26	91	7044
19	24	7049
24	72	7054
15	61	7058
29	35	7064
35	50	7064
17	49	7069
30	72	7071
56	63	7078
16	82	7081
17	53	7082
23	72	7087
3	26	7093
50	91	7102
16	24	7121
12	91	7125
30	66	7132
46	57	7133
65	95	7134
0	25	7138
0	81	7138
24	47	7141
19	94	7151
58	59	7158
77	91	7171
12	16	7174
50	79	7176
77	90	7180
68	91	7185
33	95	7190
23	50	7194
32	94	7198
27	29	7203
69	77	7206
54	68	7207
24	47	7208
17	91	7217
24	54	7220
7	66	7221
0	37	7222
5	16	7232
46	72	7233
50	75	7233
34	98	7234
59	61	7235
72	98	7236
79	93	7237
86	95	7265
19	47	7268
30	72	7268
68	72	7275
79	98	7275
26	96	7289
25	47	7290
0	72	7300
49	91	7310
72	89	7310
17	58	7314
5	93	7319
1	66	7320
16	39	7328
18	56	7332
55	99	7336
0	53	7340
11	51	7349
23	91	7355
49	91	7356
64	91	7358
58	77	7366
18	91	7367
39	53	7367
91	97	7372
57	94	7376
7	8	7384
68	70	7386
70	72	7386
0	80	7387
73	92	7392
38	59	7393
52	59	7394
47	87	7395
71	72	7400
43	54	7409
60	97	7409
28	81	7412
39	84	7417
54	59	7417
0	83	7418
82	95	7423
24	77	7425
54	80	7429
24	91	7430
26	34	7436
11	75	7441
51	77	7442
29	91	7451
24	65	7452
63	97	7452
24	95	7456
55	66	7462
16	87	7463
66	91	7464
74	91	7469
32	72	7470
37	91	7470
0	24	7476
0	77	7476
8	91	7480
30	61	7480
40	66	7480
1	75	7482
83	91	7483
42	49	7485
63	89	7491
77	91	7497
0	43	7501
19	91	7507
24	91	7507
72	82	7512
54	79	7513
0	91	7528
87	91	7531
7	10	7536
0	6	7539
71	99	7550
8	12	7559
18	48	7563
74	79	7572
70	74	7586
34	61	7591
24	69	7594
16	95	7595
18	30	7596
42	56	7600
0	23	7603
21	33	7604
30	66	7608
40	98	7608
8	87	7612
0	21	7613
21	95	7613
0	17	7614
23	91	7621
24	95	7633
42	95	7638
23	55	7640
0	24	7641
55	66	7643
34	48	7649
0	35	7658
57	70	7658
51	84	7663
38	57	7668
24	73	7670
32	71	7670
16	72	7675
34	91	7676
55	59	7679
35	95	7681
0	89	7683
24	72	7683
35	72	7689
6	91	7690
50	57	7693
11	26	7697
61	68	7704
30	60	7711
44	63	7712
63	72	7712
72	73	7722
79	99	7727
42	72	7728
72	85	7734
24	91	7735
44	91	7736
39	64	7741
0	91	7744
53	86	7748
0	59	7760
0	95	7764
24	30	7764
85	91	7776
24	66	7780
72	95	7783
51	91	7794
25	59	7798
3	61	7818
57	96	7822
50	79	7823
72	80	7823
0	22	7829
30	91	7831
61	73	7832
24	31	7835
36	91	7836
0	83	7837
30	46	7838
24	33	7840
24	94	7843
24	66	7846
50	72	7846
49	91	7861
41	73	7864
61	72	7867
46	93	7872
8	36	7878
72	93	7882
12	96	7883
25	60	7890
16	46	7892
97	99	7895
90	95	7897
0	57	7898
96	97	7914
28	67	7917
30	70	7918
38	88	7918
27	82	7919
4	97	7920
57	78	7921
19	66	7922
59	81	7935
9	61	7941
23	53	7942
38	94	7943
0	5	7948
4	95	7954
24	61	7956
11	72	7958
0	12	7959
56	60	7961
0	58	7963
0	2	7965
12	85	7966
11	28	7968
38	78	7973
93	94	7979
11	52	7980
61	75	7984
51	89	7985
45	57	7987
66	91	8000
24	57	8008
0	67	8014
39	43	8016
54	73	8019
30	41	8024
32	72	8025
24	98	8026
45	54	8027
6	72	8032
2	72	8044
0	76	8046
43	61	8049
63	77	8050
7	80	8061
47	50	8063
3	42	8065
46	52	8068
69	91	8068
26	72	8069
7	24	8073
21	44	8075
0	11	8076
72	86	8102
72	96	8104
42	91	8116
13	79	8121
12	29	8130
75	83	8147
53	91	8153
85	87	8155
50	87	8169
32	48	8173
47	61	8176
36	59	8195
38	73	8199
21	61	8201
46	61	8206
22	91	8207
0	19	8217
13	63	8218
0	91	8221
52	91	8225
4	13	8230
64	75	8246
29	72	8252
4	77	8254
39	72	8262
57	63	8274
72	91	8275
30	45	8281
1	43	8282
0	38	8290
62	83	8308
33	95	8312
0	73	8313
61	75	8333
72	73	8340
24	85	8342
46	75	8342
0	80	8348
72	88	8356
17	42	8364
27	58	8364
0	37	8366
9	21	8366
22	30	8366
57	64	8369
9	33	8371
33	69	8372
21	98	8373
51	91	8373
26	34	8377
4	39	8385
21	59	8385
34	42	8390
24	68	8404
79	84	8404
38	72	8406
46	50	8406
31	57	8414
0	14	8421
33	50	8422
30	72	8432
15	95	8435
77	80	8443
19	61	8444
0	87	8445
5	67	8448
0	9	8451
7	13	8451
30	91	8455
22	53	8458
32	75	8468
80	87	8468
21	30	8473
72	77	8474
5	91	8480
12	41	8486
12	24	8491
72	82	8494
0	24	8495
20	63	8503
25	91	8505
34	36	8507
24	45	8510
79	95	8511
35	50	8513
10	79	8518
37	76	8528
62	93	8529
15	85	8531
43	45	8532
11	30	8542
29	91	8542
2	17	8552
0	85	8557
29	50	8557
0	95	8563
63	89	8563
21	98	8570
0	91	8571
50	91	8572
40	43	8574
21	24	8586
74	79	8588
72	95	8592
6	26	8601
0	24	8605
70	79	8613
2	24	8616
10	12	8620
11	24	8623
61	80	8627
0	49	8638
24	93	8639
24	94	8644
24	95	8652
7	91	8667
25	72	8674
50	91	8677
72	89	8677
24	76	8691
57	72	8697
49	72	8701
0	40	8702
48	54	8709
70	98	8710
0	21	8712
11	65	8720
46	95	8728
19	72	8731
65	92	8736
62	73	8739
23	46	8744
72	91	8748
32	66	8750
22	24	8751
30	82	8752
12	83	8753
3	23	8754
56	57	8761
66	95	8765
0	70	8768
54	72	8768
72	75	8768
63	72	8781
0	91	8796
54	97	8796
24	25	8798
0	91	8801
54	83	8806
72	91	8812
56	91	8814
67	72	8825
24	56	8833
11	77	8834
64	78	8834
0	60	8842
77	89	8842
0	83	8845
0	67	8852
71	75	8855
29	74	8871
60	66	8879
0	24	8884
44	91	8889
63	91	8894
24	85	8896
3	25	8900
24	91	8903
35	65	8904
24	50	8909
21	91	8910
72	91	8919
0	67	8921
0	81	8922
4	75	8922
0	92	8926
53	91	8929
72	82	8936
72	91	8942
70	83	8949
36	37	8950
91	99	8956
24	73	8963
2	72	8969
72	89	8973
0	78	8975
82	91	8975
43	77	8977
72	80	8977
7	91	8985
48	56	8988
0	91	8996
26	72	9003
0	23	9005
7	55	9010
15	82	9012
24	72	9015
94	95	9015
0	30	9017
9	54	9022
0	72	9030
13	72	9035
49	71	9036
0	82	9043
22	94	9043
5	47	9045
0	26	9056
40	99	9064
41	91	9064
26	47	9066
18	61	9072
0	44	9085
54	91	9102
21	95	9105
91	95	9115
50	66	9116
46	87	9123
72	77	9129
12	39	9140
10	71	9141
41	50	9159
63	91	9166
91	95	9168
11	63	9180
95	96	9183
7	61	9188
55	72	9194
0	90	9200
24	39	9203
42	53	9204
47	95	9210
31	52	9212
0	50	9217
1	24	9217
95	96	9219
55	84	9222
30	36	9223
25	98	9234
51	90	9238
2	50	9239
6	93	9239
35	37	9242
34	92	9245
0	71	9249
24	72	9255
13	56	9260
72	95	9264
24	47	9265
22	74	9267
16	91	9268
45	74	9270
19	36	9272
0	26	9278
0	71	9289
0	45	9290
29	99	9295
0	72	9299
24	87	9299
72	91	9300
72	91	9304
50	91	9305
58	91	9306
72	75	9321
16	53	9327
26	91	9328
16	88	9329
5	68	9334
23	95	9334
5	72	9338
15	95	9340
24	72	9350
41	46	9351
9	97	9357
53	85	9370
44	91	9379
21	91	9386
67	85	9386
4	72	9387
24	91	9387
42	72	9394
8	95	9396
24	31	9403
73	80	9413
82	91	9413
39	87	9414
76	87	9415
37	51	9418
66	94	9427
0	70	9431
30	61	9434
24	46	9437
24	93	9438
57	91	9439
58	78	9441
5	68	9461
5	72	9472
66	79	9489
7	53	9495
47	91	9497
0	77	9499
76	85	9499
3	57	9500
0	51	9513
63	91	9534
61	72	9535
1	9	9536
55	86	9542
30	73	9548
44	50	9553
44	54	9557
46	80	9565
92	95	9565
20	38	9566
0	91	9568
32	72	9571
37	91	9578
53	57	9579
65	75	9592
91	95	9593
0	43	9595
57	90	9601
13	80	9606
47	49	9606
61	91	9607
27	38	9610
24	72	9611
41	63	9613
9	24	9614
21	79	9620
77	84	9621
12	99	9631
15	61	9631
4	70	9632
0	3	9633
24	72	9634
43	72	9637
68	91	9654
76	91	9655
69	95	9659
40	91	9662
0	31	9670
39	49	9674
0	25	9681
6	24	9681
0	85	9683
0	72	9695
30	91	9704
76	81	9704
16	78	9708
0	72	9713
24	72	9715
91	97	9718
54	95	9726
10	24	9736
37	41	9737
13	64	9738
33	95	9740
42	57	9740
88	92	9740
63	69	9749
21	24	9750
4	32	9752
24	72	9753
51	57	9754
12	70	9756
0	21	9758
0	72	9759
37	91	9760
16	84	9762
58	91	9764
3	11	9773
30	50	9775
45	72	9776
7	72	9778
30	31	9778
6	91	9781
27	91	9782
0	89	9784
7	84	9784
17	72	9789
42	57	9798
21	96	9801
0	99	9807
34	97	9809
0	90	9810
35	73	9812
24	31	9814
35	72	9817
5	94	9819
26	71	9819
50	72	9821
26	34	9822
51	72	9823
13	72	9830
91	96	9830
0	73	9844
24	42	9850
0	24	9852
32	38	9860
2	54	9863
49	98	9873
0	24	9879
77	99	9887
33	91	9895
25	28	9907
0	64	9915
6	24	9916
23	72	9918
41	71	9945
41	61	9947
24	50	9954
11	83	9956
0	91	9962
44	82	9962
17	71	9969
24	61	9969
30	91	9971
49	54	9974
0	95	9976
14	91	9979
44	83	9982
11	53	9987
21	82	9988
0	5	9994
46	95	9999
0	72	10001
0	24	10003
12	37	10013
61	72	10017
9	34	10023
7	23	10025
83	91	10026
11	43	10040
7	37	10061
31	95	10065
65	88	10068
54	60	10071
24	26	10074
24	95	10077
0	79	10084
24	95	10084
29	95	10091
52	70	10091
0	63	10093
28	50	10093
32	91	10095
0	72	10113
24	82	10113
0	91	10117
43	55	10120
24	35	10123
72	91	10125
24	33	10134
0	18	10135
17	34	10148
0	37	10149
0	56	10152
78	83	10155
52	84	10164
58	78	10164
60	78	10164
39	73	10170
7	27	10173
61	73	10174
28	91	10178
1	64	10180
24	79	10196
0	58	10199
36	63	10212
44	73	10216
12	83	10221
2	48	10227
69	72	10234
0	91	10235
12	58	10235
90	91	10239
19	60	10244
0	72	10250
43	91	10251
71	80	10251
24	98	10264
2	43	10268
0	83	10269
84	98	10270
76	96	10272
48	72	10277
0	30	10279
15	78	10282
43	93	10287
72	95	10290
58	82	10292
18	91	10295
49	66	10302
19	24	10303
24	87	10317
56	79	10318
53	92	10319
21	39	10320
70	91	10323
2	95	10327
66	87	10327
24	78	10339
41	48	10339
0	63	10343
16	63	10348
56	83	10349
81	97	10357
19	24	10360
0	7	10365
25	91	10373
0	34	10374
61	95	10374
0	56	10376
32	92	10376
10	23	10380
37	53	10380
24	95	10382
47	53	10382
44	73	10384
45	72	10385
51	58	10399
19	72	10404
0	16	10406
0	91	10415
0	72	10416
48	63	10434
72	89	10436
7	66	10443
86	91	10447
38	80	10460
25	98	10462
91	93	10465
0	91	10467
40	72	10467
24	72	10469
26	91	10471
14	95	10475
24	91	10481
0	24	10484
60	86	10485
65	91	10492
37	44	10493
19	93	10499
80	87	10503
15	50	10510
37	67	10511
54	63	10511
37	91	10513
6	33	10515
72	73	10515
2	62	10539
10	61	10545
0	26	10546
38	89	10578
25	55	10580
5	63	10589
75	91	10594
28	91	10603
17	24	10609
28	47	10610
69	72	10614
39	58	10634
26	97	10636
0	3	10641
0	19	10651
57	77	10661
30	79	10664
12	24	10675
22	23	10679
17	91	10680
0	43	10681
24	50	10687
1	50	10691
81	91	10694
21	24	10704
0	63	10711
54	66	10718
0	66	10719
24	71	10720
41	91	10720
64	72	10724
23	91	10730
52	74	10734
13	26	10737
5	21	10740
2	24	10742
0	33	10743
26	99	10744
2	82	10747
24	97	10755
0	68	10758
0	67	10773
4	64	10781
69	72	10786
76	81	10790
93	95	10795
53	56	10799
13	21	10802
9	95	10803
24	72	10803
34	70	10804
50	92	10804
24	91	10813
25	55	10825
69	91	10828
23	91	10829
31	71	10837
30	95	10844
24	32	10846
5	91	10847
12	75	10848
21	26	10849
70	91	10859
15	91	10860
21	71	10869
14	53	10871
41	92	10886
16	34	10892
72	92	10895
46	48	10896
29	94	10901
0	73	10907
24	91	10909
24	39	10912
27	80	10913
24	38	10916
16	72	10926
65	91	10927
92	98	10927
18	33	10937
0	87	10953
72	88	10959
50	95	10964
0	24	10966
0	79	10978
10	57	10986
36	68	10989
57	77	10991
72	95	10996
25	58	11001
72	76	11002
76	84	11006
80	95	11007
16	54	11009
54	80	11013
21	82	11020
42	95	11020
10	28	11026
14	34	11035
75	82	11038
23	77	11043
11	12	11047
43	77	11052
52	63	11053
29	50	11056
25	34	11064
83	94	11081
26	27	11083
48	57	11083
54	61	11084
9	46	11094
59	61	11103
0	98	11113
71	72	11115
0	24	11123
37	95	11126
71	91	11131
0	16	11136
19	96	11138
24	39	11138
54	89	11143
15	53	11151
82	84	11152
24	84	11160
0	30	11162
41	77	11167
21	28	11175
24	72	11191
66	91	11198
34	42	11202
19	36	11204
51	97	11208
0	76	11212
59	95	11215
11	21	11216
34	75	11221
35	91	11226
40	91	11226
6	66	11229
15	91	11236
7	18	11238
40	66	11240
77	87	11240
76	78	11242
60	72	11243
25	93	11256
79	91	11269
16	97	11276
28	85	11277
30	90	11277
24	82	11282
0	75	11286
36	72	11299
48	49	11303
24	57	11311
25	72	11316
0	75	11317
68	98	11320
73	90	11331
11	45	11342
65	70	11344
40	72	11345
0	46	11353
72	91	11357
0	63	11371
24	87	11375
8	79	11376
0	61	11381
49	98	11396
49	74	11397
7	61	11399
69	70	11402
37	81	11403
25	53	11414
72	91	11414
7	78	11416
72	81	11422
0	30	11424
52	91	11430
12	72	11435
11	34	11438
5	91	11443
15	91	11457
26	90	11464
0	72	11467
25	31	11480
93	97	11482
21	60	11488
50	56	11489
16	72	11494
16	75	11498
50	63	11501
70	91	11502
0	13	11507
0	5	11508
72	91	11509
5	61	11513
34	76	11521
18	66	11524
49	80	11527
39	91	11529
72	76	11537
49	91	11543
24	79	11548
10	42	11550
2	77	11551
11	58	11561
69	82	11563
72	75	11571
11	97	11580
68	95	11580
43	64	11585
65	68	11593
20	50	11598
23	43	11598
11	48	11599
59	72	11600
42	95	11612
16	87	11615
0	73	11616
1	91	11623
0	45	11629
72	85	11640
5	91	11643
7	23	11644
50	65	11645
8	91	11647
0	82	11652
0	98	11655
10	64	11655
87	91	11657
2	33	11658
72	95	11659
7	24	11670
90	91	11671
77	92	11684
2	42	11685
0	98	11686
47	91	11686
84	91	11693
75	76	11697
16	26	11700
24	30	11702
37	45	11704
49	95	11705
61	72	11705
24	72	11708
3	83	11709
4	48	11709
65	84	11727
58	88	11731
56	95	11739
24	72	11743
82	97	11746
35	49	11758
48	91	11762
50	84	11763
53	91	11771
30	43	11774
11	89	11777
8	80	11779
24	62	11779
0	73	11780
3	97	11780
51	55	11786
0	11	11787
0	91	11794
0	95	11798
49	91	11799
23	91	11810
0	66	11814
0	95	11822
24	91	11831
3	49	11833
16	34	11834
50	58	11840
24	30	11847
0	95	11853
30	87	11861
50	71	11874
0	72	11880
7	62	11880
30	33	11885
11	82	11887
24	77	11888
33	58	11896
46	47	11901
61	95	11913
1	23	11917
24	91	11941
67	84	11949
37	69	11956
0	26	11957
24	66	11958
32	91	11960
30	50	11965
95	98	11971
49	88	11972
60	95	11972
1	91	11974
72	94	11981
0	90	11982
10	92	11984
19	36	11987
1	3	11990
53	72	11990
2	57	11993
0	72	11994
15	91	11998
35	49	11998
49	54	12002
79	87	12002
52	91	12004
0	22	12006
81	95	12006
30	70	12010
21	32	12018
43	52	12020
24	26	12021
0	66	12024
57	72	12027
5	75	12029
23	26	12037
26	34	12038
7	72	12040
72	95	12057
12	95	12064
16	95	12066
72	82	12071
0	72	12077
23	51	12078
0	72	12085
0	91	12087
60	87	12095
31	62	12100
0	78	12104
0	79	12108
26	38	12111
0	66	12112
72	91	12115
52	96	12117
14	73	12118
61	82	12119
0	20	12121
0	24	12128
0	68	12134
91	98	12153
0	91	12161
24	82	12161
32	72	12168
56	72	12168
11	61	12184
50	57	12187
1	23	12189
0	18	12194
19	78	12199
14	33	12201
17	91	12202
31	75	12202
26	42	12208
72	97	12223
10	47	12227
23	31	12237
34	41	12237
53	59	12237
26	68	12238
6	91	12241
52	70	12248
0	44	12249
50	72	12249
5	34	12251
62	98	12256
11	19	12260
24	91	12265
12	72	12267
69	91	12270
23	24	12272
28	34	12274
50	51	12276
17	40	12280
89	91	12283
7	77	12287
0	95	12290
33	97	12297
38	91	12297
70	87	12301
0	27	12306
34	93	12306
63	95	12311
91	98	12311
63	91	12313
0	34	12327
24	86	12332
25	60	12336
39	97	12339
67	92	12340
8	63	12344
20	38	12344
0	66	12349
48	86	12354
23	67	12355
49	75	12355
0	79	12364
24	81	12367
24	39	12369
19	30	12374
21	50	12377
0	72	12391
81	91	12401
26	95	12402
61	62	12402
30	94	12404
5	40	12423
50	71	12430
72	97	12430
20	91	12437
15	21	12440
39	97	12442
28	66	12447
24	34	12449
30	36	12451
44	73	12458
72	75	12464
0	94	12469
35	93	12469
65	89	12470
24	91	12476
26	30	12483
88	98	12493
9	41	12494
9	52	12496
24	57	12499
59	72	12501
66	91	12503
24	69	12510
16	84	12513
8	24	12514
25	91	12516
42	52	12536
5	6	12540
77	85	12543
0	42	12547
14	45	12569
78	88	12569
86	95	12571
67	95	12574
0	72	12581
26	43	12585
72	87	12588
54	57	12607
0	25	12621
32	33	12621
15	91	12625
24	91	12629
44	51	12632
30	76	12639
57	72	12642
1	95	12647
56	72	12653
72	95	12653
2	91	12654
4	27	12654
0	50	12657
48	90	12659
9	33	12664
46	77	12668
62	97	12669
51	95	12672
33	80	12673
57	76	12676
4	50	12678
36	38	12686
72	81	12688
0	31	12691
24	72	12692
12	20	12694
91	95	12697
0	70	12701
0	42	12703
33	72	12703
30	95	12712
73	91	12722
37	51	12735
6	80	12740
12	79	12743
0	91	12744
3	31	12744
24	46	12744
34	39	12753
51	95	12755
7	91	12759
65	72	12762
72	84	12763
24	88	12768
0	15	12772
1	70	12772
6	90	12773
7	91	12780
57	91	12780
82	96	12782
15	66	12793
17	20	12795
9	95	12798
0	32	12811
42	54	12822
24	57	12828
0	25	12829
48	81	12841
4	17	12845
15	24	12849
26	73	12849
24	25	12850
59	85	12858
14	48	12863
53	91	12868
16	34	12873
82	91	12878
0	33	12885
12	72	12885
37	85	12890
63	72	12890
70	80	12891
0	49	12892
0	24	12894
57	63	12901
0	51	12902
1	72	12904
0	75	12913
23	35	12915
14	98	12923
38	63	12924
0	95	12925
42	79	12932
21	37	12938
14	24	12951
5	95	12954
39	73	12968
20	98	12974
21	53	12974
50	84	12975
0	51	12976
61	77	12980
7	96	12990
21	95	12998
72	73	13018
0	41	13019
11	54	13024
72	91	13025
0	75	13032
24	85	13035
43	96	13036
0	32	13040
28	95	13045
24	72	13046
50	95	13055
46	99	13060
24	71	13069
2	23	13071
0	76	13075
0	89	13091
43	91	13091
21	59	13093
75	98	13095
1	66	13097
70	91	13105
11	39	13109
30	75	13109
67	71	13109
0	21	13116
0	50	13118
54	99	13118
16	63	13124
31	95	13126
78	82	13127
24	72	13137
22	84	13143
3	15	13144
7	95	13144
0	35	13156
77	91	13157
31	85	13158
12	73	13162
61	95	13163
33	72	13166
41	91	13166
0	24	13169
95	97	13187
46	61	13195
13	91	13201
19	98	13201
0	91	13202
24	49	13204
48	63	13204
34	52	13205
48	66	13207
0	71	13213
25	35	13214
71	75	13220
18	95	13234
24	25	13241
50	72	13244
61	79	13245
67	70	13247
64	97	13249
30	97	13251
72	95	13253
11	25	13259
35	72	13260
21	57	13262
0	79	13281
31	95	13285
57	95	13286
3	72	13288
13	15	13289
48	95	13298
67	79	13303
0	43	13309
72	81	13310
4	80	13311
40	68	13314
72	79	13321
5	9	13322
15	89	13326
40	70	13327
45	89	13332
0	91	13333
2	80	13334
33	45	13335
21	24	13337
72	95	13338
0	77	13343
39	91	13344
39	80	13345
26	91	13355
71	95	13355
0	4	13366
18	94	13366
7	24	13367
28	94	13367
56	65	13384
12	41	13385
20	78	13394
24	90	13401
7	76	13414
72	75	13418
16	72	13421
15	24	13422
76	79	13422
67	72	13433
82	92	13434
66	91	13435
0	26	13441
20	91	13442
41	72	13443
0	28	13448
24	47	13454
75	92	13457
72	75	13462
74	82	13471
7	9	13472
44	55	13475
61	62	13475
15	24	13479
7	33	13483
72	81	13493
50	84	13495
33	75	13496
35	77	13506
72	93	13514
47	50	13516
0	50	13522
16	94	13537
0	87	13540
83	92	13548
14	60	13552
22	86	13557
81	95	13560
5	24	13561
24	58	13565
35	40	13566
26	51	13570
38	91	13573
72	95	13576
54	72	13583
30	37	13586
21	84	13618
0	61	13619
49	59	13623
0	91	13631
0	89	13631
43	95	13633
53	57	13633
41	91	13639
47	49	13639
28	34	13640
41	72	13646
16	35	13651
47	63	13652
30	72	13665
24	69	13669
26	59	13680
28	54	13696
7	82	13724
24	95	13737
1	91	13738
0	91	13741
79	98	13746
24	39	13749
0	58	13750
37	95	13756
16	47	13759
5	72	13767
73	96	13768
43	81	13774
72	82	13777
54	95	13778
30	69	13785
0	82	13806
43	72	13807
2	16	13808
35	82	13810
71	72	13817
19	22	13826
24	91	13840
8	11	13844
36	87	13848
42	63	13860
1	31	13863
9	72	13863
34	75	13870
43	72	13870
0	43	13880
7	24	13886
9	91	13886
49	81	13888
46	91	13889
57	91	13904
46	61	13907
42	50	13909
0	98	13914
0	72	13916
25	66	13919
7	47	13920
0	94	13930
0	59	13957
27	91	13961
49	76	13965
24	54	13970
48	72	13970
0	47	13973
53	98	13984
10	39	13985
93	95	13987
25	96	13996
57	71	14000
22	24	14002
24	72	14002
84	95	14003
71	87	14006
72	91	14006
44	53	14014
54	58	14017
24	39	14018
37	72	14029
38	97	14029
18	44	14030
30	88	14030
61	91	14040
21	63	14045
7	69	14049
69	72	14051
45	96	14054
46	95	14055
28	81	14060
43	63	14061
0	23	14062
38	53	14063
34	91	14064
0	43	14069
0	29	14078
63	91	14081
7	61	14086
63	85	14086
0	68	14090
24	39	14092
14	25	14098
51	72	14107
15	51	14125
0	2	14126
2	61	14140
24	33	14145
16	34	14146
5	24	14149
39	50	14151
23	72	14154
24	95	14175
16	82	14176
24	72	14181
7	50	14185
11	95	14185
47	91	14185
0	72	14187
11	50	14191
47	72	14192
24	84	14198
15	85	14203
58	91	14210
24	82	14214
73	87	14229
0	45	14237
68	82	14238
0	61	14240
24	40	14247
70	91	14247
75	82	14256
0	26	14257
10	11	14259
24	99	14260
35	61	14262
25	64	14270
30	91	14277
18	61	14278
23	73	14279
92	95	14279
49	98	14287
66	96	14288
30	73	14294
25	32	14304
0	94	14309
72	97	14309
10	14	14314
1	6	14321
57	82	14322
37	50	14337
29	91	14341
38	65	14342
72	83	14344
0	72	14348
17	46	14348
72	85	14352
3	7	14354
0	91	14371
83	94	14376
27	48	14377
24	81	14378
61	95	14399
15	95	14403
48	85	14407
21	82	14408
37	46	14409
24	66	14415
42	70	14420
53	72	14422
2	30	14425
24	91	14429
36	72	14433
46	63	14441
30	91	14458
0	73	14462
6	91	14469
0	1	14471
21	84	14481
0	84	14483
65	72	14483
9	66	14485
25	91	14485
47	83	14487
79	98	14492
13	46	14496
5	85	14498
7	83	14502
61	86	14506
34	91	14512
23	87	14515
35	54	14520
0	65	14554
72	88	14559
45	93	14566
19	81	14570
6	24	14573
1	31	14577
21	95	14577
24	47	14577
24	62	14582
25	49	14582
4	91	14584
24	95	14586
18	58	14588
36	98	14588
24	53	14608
0	72	14616
25	72	14616
0	91	14618
34	61	14623
30	41	14624
47	95	14624
30	95	14629
63	83	14630
75	95	14634
73	75	14636
47	61	14645
16	93	14648
7	19	14659
41	57	14688
35	90	14689
1	95	14690
7	26	14695
1	10	14697
7	88	14698
53	91	14710
24	91	14722
33	91	14723
0	1	14731
67	78	14736
48	72	14738
13	30	14739
0	34	14746
24	41	14750
0	21	14766
30	73	14779
36	74	14779
30	92	14783
0	7	14784
0	44	14787
27	64	14788
51	66	14789
38	91	14793
23	61	14794
31	72	14795
0	50	14799
18	34	14803
24	95	14804
0	11	14806
29	69	14806
0	46	14810
12	96	14812
33	91	14812
21	87	14817
0	33	14818
61	72	14823
7	63	14825
15	91	14826
30	45	14826
0	77	14833
24	53	14846
38	82	14859
38	98	14861
24	92	14863
41	72	14873
24	43	14874
23	24	14875
43	65	14876
7	72	14882
5	72	14886
0	76	14892
19	66	14894
43	53	14900
24	47	14902
4	25	14907
42	85	14915
42	72	14920
0	61	14924
5	36	14927
63	71	14930
5	29	14932
48	68	14932
0	3	14933
30	95	14937
32	50	14937
11	69	14938
0	84	14940
72	95	14943
0	51	14944
30	63	14944
9	17	14945
15	91	14948
54	91	14952
0	72	14957
22	65	14975
38	44	14976
65	91	14976
8	25	14977
32	47	14979
25	52	14985
61	65	14985
23	72	14986
17	84	14987
72	77	14987
0	37	14992
15	49	14997
66	95	15012
0	91	15019
83	91	15022
26	27	15023
5	41	15033
30	39	15040
47	78	15041
25	28	15042
13	91	15046
33	91	15047
0	17	15052
63	91	15054
0	72	15060
0	31	15061
28	30	15064
25	77	15068
37	91	15070
19	61	15075
37	46	15075
55	66	15083
8	24	15094
69	98	15094
24	91	15095
24	63	15097
39	76	15098
49	57	15098
24	75	15106
35	72	15112
5	71	15117
70	92	15120
0	88	15131
24	33	15137
1	93	15146
0	66	15149
50	97	15151
51	76	15157
31	77	15169
24	78	15173
60	72	15189
50	91	15193
54	57	15196
25	38	15203
57	72	15205
34	89	15212
0	57	15213
24	91	15214
29	72	15218
95	99	15221
6	46	15232
8	17	15233
21	43	15235
37	92	15237
14	75	15242
47	82	15245
2	24	15247
15	64	15254
15	91	15255
24	80	15258
0	91	15262
6	68	15266
57	66	15266
6	39	15284
23	24	15286
63	72	15286
22	61	15293
18	82	15295
44	72	15298
35	57	15301
24	85	15303
28	81	15304
29	91	15305
25	80	15309
0	48	15312
14	71	15315
87	91	15317
72	85	15329
16	72	15330
46	57	15332
6	24	15333
21	53	15344
30	91	15348
0	77	15352
0	72	15353
83	89	15361
52	72	15365
0	19	15370
56	91	15378
14	91	15380
21	53	15383
23	39	15387
43	72	15391
21	39	15396
12	63	15397
30	54	15397
34	35	15402
0	91	15405
9	21	15408
34	75	15414
0	21	15419
0	48	15429
15	61	15431
5	55	15432
29	84	15437
40	49	15437
55	64	15438
16	95	15439
24	30	15439
16	25	15442
14	43	15449
72	97	15456
26	90	15458
38	78	15459
0	89	15466
1	94	15472
38	91	15474
34	57	15492
51	62	15496
0	80	15501
48	54	15503
16	25	15511
60	91	15519
87	91	15525
0	67	15549
38	96	15555
25	30	15558
54	72	15558
0	82	15561
57	83	15561
1	31	15563
0	47	15565
60	83	15567
24	51	15577
0	24	15582
56	72	15591
7	8	15604
87	91	15604
7	50	15606
7	34	15607
7	30	15616
0	91	15620
88	91	15634
21	95	15639
21	64	15639
1	82	15644
94	99	15644
16	44	15646
53	66	15654
57	72	15668
7	55	15675
27	54	15678
0	72	15682
63	66	15683
32	59	15684
0	91	15685
54	61	15685
13	41	15690
24	91	15706
24	93	15706
0	53	15711
61	79	15711
10	27	15716
70	91	15721
49	97	15722
29	87	15724
0	11	15726
31	89	15730
2	75	15732
12	91	15732
48	95	15732
28	72	15733
53	91	15734
56	93	15735
11	14	15737
51	90	15738
72	87	15740
80	90	15740
80	91	15751
0	91	15752
0	39	15754
24	43	15754
0	95	15757
0	83	15771
50	72	15772
32	43	15775
12	61	15776
17	71	15785
14	25	15790
37	91	15798
24	82	15813
24	29	15815
91	98	15830
55	71	15831
13	63	15836
0	72	15842
24	56	15845
58	65	15847
0	10	15848
0	91	15850
8	30	15851
26	59	15866
48	50	15877
6	11	15886
58	91	15912
73	91	15915
38	61	15924
28	34	15929
16	77	15932
37	72	15934
10	60	15936
0	16	15938
0	24	15939
7	70	15943
20	49	15947
64	91	15960
14	80	15961
12	56	15968
25	89	15968
22	34	15973
8	27	15974
30	86	15976
34	59	15976
13	83	15980
79	95	15984
10	72	15997
24	95	16017
64	72	16018
24	91	16023
12	76	16024
29	39	16026
37	91	16041
41	72	16044
24	70	16056
0	78	16059
22	82	16059
53	71	16060
0	96	16076
84	85	16085
0	53	16087
49	91	16104
24	44	16115
13	85	16120
78	91	16120
0	2	16130
18	39	16131
24	66	16133
35	87	16135
72	92	16140
9	95	16145
0	24	16158
0	17	16162
0	72	16163
2	28	16164
2	49	16165
8	89	16167
73	92	16168
59	85	16180
32	61	16182
7	95	16186
10	35	16191
44	91	16193
0	3	16206
12	37	16207
15	72	16209
53	55	16209
47	91	16219
0	89	16220
72	95	16222
32	51	16233
64	97	16236
19	63	16237
61	90	16239
71	91	16240
0	58	16244
46	91	16245
5	61	16251
53	56	16253
53	72	16255
72	95	16256
0	23	16259
19	95	16260
54	77	16260
24	72	16261
44	91	16276
11	61	16277
0	40	16280
38	54	16285
6	54	16287
16	83	16291
12	91	16293
14	50	16299
24	91	16302
72	91	16302
53	77	16303
0	2	16309
38	61	16311
67	97	16316
6	37	16320
0	21	16321
91	95	16322
0	53	16323
3	28	16325
72	75	16340
10	49	16344
33	90	16349
9	35	16361
6	61	16363
0	66	16367
0	77	16373
46	98	16374
19	54	16377
0	91	16392
7	95	16392
17	66	16405
50	87	16405
1	29	16408
30	82	16411
54	75	16412
72	91	16425
70	72	16430
10	24	16438
55	60	16439
28	95	16440
5	27	16456
92	94	16463
49	87	16464
66	72	16464
25	82	16466
82	97	16467
24	49	16472
0	65	16474
59	74	16474
46	84	16477
72	73	16480
44	47	16484
25	37	16488
72	91	16489
19	77	16493
70	93	16495
24	54	16497
19	91	16498
22	71	16506
6	7	16513
30	91	16516
48	53	16525
63	72	16528
53	72	16531
24	72	16542
16	77	16544
72	91	16548
45	82	16552
2	69	16557
32	61	16557
19	53	16558
21	71	16564
24	91	16564
72	95	16564
83	98	16568
25	72	16572
2	85	16575
5	11	16576
63	83	16578
11	21	16580
72	83	16581
52	84	16585
0	8	16588
25	31	16589
23	79	16590
8	30	16592
25	49	16602
17	75	16611
34	41	16611
86	91	16611
24	67	16613
44	77	16615
50	58	16630
71	84	16630
30	75	16631
0	3	16632
16	82	16640
26	83	16640
60	67	16650
11	91	16660
84	98	16664
0	89	16665
0	41	16668
6	74	16673
73	94	16674
22	72	16675
5	24	16680
24	61	16683
0	12	16687
57	79	16687
24	97	16689
0	59	16696
0	61	16697
25	95	16707
0	79	16710
0	91	16716
7	47	16720
10	24	16723
32	72	16723
42	79	16724
0	10	16736
24	93	16736
33	40	16736
24	88	16737
7	66	16742
12	24	16764
18	52	16765
87	91	16770
61	91	16774
22	51	16776
24	76	16784
30	54	16786
51	77	16786
26	98	16794
72	82	16794
2	21	16796
24	29	16798
24	85	16802
7	55	16809
34	57	16812
2	17	16813
9	18	16813
24	25	16826
66	91	16828
7	53	16830
78	91	16830
27	91	16834
20	34	16836
0	43	16841
0	71	16855
57	91	16855
11	33	16856
0	54	16859
1	95	16862
11	81	16862
41	52	16865
85	89	16868
4	22	16871
8	24	16874
0	77	16875
0	84	16884
35	80	16885
25	33	16888
71	75	16888
48	72	16890
34	91	16892
22	95	16894
50	95	16905
2	96	16906
9	18	16906
54	92	16908
61	91	16908
28	72	16912
31	99	16912
31	66	16928
5	6	16929
5	86	16940
38	72	16940
10	73	16943
15	66	16944
0	64	16945
4	89	16945
72	97	16946
19	52	16952
23	95	16952
0	28	16953
33	91	16953
24	91	16963
91	95	16971
41	91	16978
0	99	16979
42	64	16988
46	77	16994
24	84	16995
17	29	16998
24	25	16998
54	72	16999
63	98	17005
0	5	17006
15	96	17010
0	57	17013
24	30	17016
54	91	17019
0	29	17029
0	51	17031
63	98	17035
0	67	17039
35	39	17043
17	37	17044
53	91	17044
21	80	17045
61	91	17048
74	95	17048
0	89	17054
38	75	17057
60	77	17057
33	47	17059
0	10	17061
9	24	17070
24	30	17070
24	71	17074
82	96	17075
67	83	17076
20	38	17078
24	42	17094
50	77	17109
63	79	17111
61	93	17119
6	49	17121
0	77	17124
0	35	17132
12	95	17138
77	91	17138
40	70	17139
38	95	17155
24	39	17160
20	59	17161
6	24	17165
7	24	17166
85	91	17168
24	35	17173
17	24	17175
38	45	17178
81	82	17183
16	83	17197
66	91	17198
0	91	17203
45	77	17203
34	54	17204
59	91	17208
39	86	17215
6	80	17229
35	72	17230
53	95	17237
44	98	17240
7	23	17244
60	72	17247
61	63	17251
24	72	17262
40	54	17262
25	50	17263
25	34	17263
41	79	17273
33	55	17277
2	63	17280
8	93	17282
46	63	17287
33	45	17300
47	53	17300
17	59	17303
9	72	17306
24	87	17308
84	98	17312
23	97	17315
37	61	17316
35	72	17321
38	77	17322
34	51	17324
17	95	17325
17	95	17326
63	91	17326
6	53	17328
23	42	17330
77	91	17333
0	79	17336
15	26	17336
27	30	17336
50	72	17336
51	61	17341
24	83	17346
24	86	17346
16	81	17351
49	98	17354
30	39	17355
73	98	17366
42	95	17375
8	91	17388
1	82	17393
1	8	17397
48	82	17400
1	15	17403
67	69	17427
5	76	17443
0	49	17450
46	73	17455
0	24	17457
25	72	17458
4	72	17473
72	95	17477
37	95	17487
0	91	17489
6	26	17491
27	91	17493
5	47	17494
72	85	17498
24	98	17505
77	92	17506
0	83	17510
76	97	17510
50	61	17511
33	91	17514
57	95	17514
85	90	17518
26	92	17528
24	54	17535
21	89	17540
72	82	17541
0	30	17542
0	7	17543
15	93	17549
21	24	17549
69	96	17558
34	61	17562
0	77	17565
7	35	17565
91	95	17566
21	26	17570
39	68	17574
42	71	17577
72	91	17578
5	26	17579
53	72	17583
24	29	17590
33	52	17591
0	30	17593
37	91	17599
8	95	17604
23	50	17607
58	91	17610
4	17	17620
91	98	17622
33	63	17629
0	86	17632
0	24	17654
30	78	17663
35	66	17665
0	97	17674
25	53	17679
7	95	17688
36	46	17696
23	72	17703
20	83	17704
82	94	17710
11	44	17724
72	91	17724
72	76	17726
49	91	17728
39	73	17733
51	72	17741
86	99	17744
91	93	17748
58	95	17759
74	84	17774
0	20	17778
8	66	17779
8	71	17781
10	61	17784
22	71	17790
50	91	17794
0	24	17796
24	87	17796
24	97	17798
7	91	17800
0	24	17801
12	98	17801
60	96	17808
66	91	17808
0	13	17814
29	91	17821
0	50	17828
19	57	17829
26	79	17834
35	52	17836
35	72	17840
8	59	17842
70	95	17843
15	26	17844
0	63	17848
11	77	17853
38	99	17859
54	86	17859
48	91	17862
24	34	17864
48	67	17867
24	30	17874
24	32	17879
12	23	17880
58	70	17880
72	95	17882
7	47	17886
51	53	17901
16	69	17908
91	95	17911
0	51	17915
2	72	17916
24	91	17919
24	67	17919
3	68	17920
35	79	17926
18	50	17930
72	86	17937
73	95	17940
78	80	17949
24	55	17953
0	91	17961
73	94	17963
1	63	17968
7	91	17972
54	72	17972
27	69	17981
46	56	17991
0	18	17993
24	63	18003
24	91	18004
56	76	18008
28	44	18018
24	45	18025
57	95	18026
52	94	18034
14	30	18039
41	56	18044
24	91	18050
0	8	18058
3	47	18060
24	73	18061
4	43	18064
21	64	18073
43	91	18075
36	91	18077
79	87	18079
0	94	18080
3	6	18080
41	50	18081
24	50	18084
12	45	18090
72	99	18090
72	74	18097
49	84	18098
89	95	18098
24	50	18102
80	95	18108
48	62	18114
24	63	18116
34	82	18125
28	61	18132
28	71	18132
30	91	18140
54	90	18150
0	82	18154
2	94	18155
16	72	18155
63	72	18155
23	30	18159
71	72	18160
4	73	18165
48	67	18167
6	43	18173
62	86	18173
14	91	18181
7	72	18184
65	86	18186
57	91	18187
0	35	18191
10	87	18191
24	54	18193
39	41	18193
25	91	18195
0	50	18199
1	32	18206
77	92	18206
29	80	18209
72	91	18215
8	24	18222
35	82	18225
26	53	18229
33	87	18231
16	70	18232
48	91	18235
0	92	18236
30	50	18239
5	71	18241
0	2	18243
77	95	18247
21	51	18248
24	36	18253
12	43	18254
72	87	18255
46	93	18257
61	72	18263
28	91	18269
53	65	18269
26	73	18273
0	34	18285
24	77	18285
24	33	18286
5	48	18288
0	46	18289
64	83	18292
15	24	18293
49	77	18296
32	38	18299
37	65	18302
38	71	18314
39	77	18314
14	18	18318
70	95	18323
34	82	18324
63	88	18324
41	72	18334
23	65	18341
24	73	18342
86	91	18344
0	50	18346
31	95	18349
51	72	18353
63	72	18357
0	62	18362
24	60	18363
72	84	18363
25	72	18366
66	91	18366
0	90	18380
7	55	18388
3	80	18394
55	72	18410
23	39	18427
16	58	18432
9	94	18433
50	53	18434
0	50	18444
24	83	18449
0	51	18457
8	64	18458
0	39	18462
50	72	18462
24	97	18466
87	91	18480
0	24	18487
0	34	18490
71	99	18493
54	66	18495
0	7	18498
54	73	18500
0	64	18501
16	91	18505
15	95	18508
32	84	18509
6	32	18519
44	91	18520
30	53	18535
61	95	18538
80	91	18538
24	84	18542
0	81	18546
11	53	18552
39	90	18552
0	24	18553
68	82	18555
0	18	18557
81	85	18561
36	63	18563
24	63	18566
11	91	18567
0	5	18570
29	78	18570
0	35	18574
75	91	18575
24	43	18584
23	91	18587
53	72	18588
24	91	18592
24	56	18594
12	91	18597
29	91	18601
8	9	18613
9	25	18618
0	92	18624
47	72	18628
24	72	18633
24	33	18634
47	95	18641
46	91	18656
11	67	18660
23	66	18681
0	63	18684
5	95	18686
91	95	18691
72	92	18697
70	84	18699
56	72	18700
64	97	18702
36	95	18709
65	95	18712
13	24	18713
15	94	18721
31	95	18722
9	52	18727
0	34	18745
61	76	18748
40	95	18749
63	91	18759
0	72	18762
39	95	18764
53	67	18766
0	99	18774
28	66	18776
0	6	18780
18	51	18783
7	72	18784
7	95	18784
50	82	18786
21	95	18790
48	78	18794
0	49	18797
62	75	18815
90	95	18819
14	95	18824
0	61	18826
0	34	18841
20	58	18851
24	66	18851
24	95	18853
24	95	18858
28	72	18861
0	26	18870
3	53	18880
25	38	18881
17	61	18884
24	57	18886
49	72	18888
0	24	18889
76	95	18894
58	91	18900
18	21	18904
90	96	18908
24	99	18910
52	91	18916
15	24	18920
61	95	18926
11	35	18934
43	61	18942
0	53	18948
61	91	18952
79	91	18958
77	91	18967
71	72	18980
54	72	18985
84	91	18989
7	24	18990
62	91	18990
12	38	19001
55	72	19006
0	46	19010
5	51	19011
24	50	19016
33	89	19017
13	69	19026
66	72	19030
21	24	19031
15	16	19032
69	90	19035
27	29	19036
40	53	19040
75	92	19040
23	24	19048
19	41	19060
0	24	19065
0	53	19076
73	74	19076
25	71	19089
31	80	19091
9	77	19092
0	51	19099
91	95	19100
86	91	19102
72	79	19117
83	91	19117
8	26	19131
0	76	19133
69	79	19139
0	81	19140
36	72	19141
50	56	19154
40	91	19157
54	87	19158
7	53	19160
2	87	19163
45	77	19164
53	77	19167
86	87	19167
5	59	19169
34	79	19169
24	72	19173
73	83	19173
23	91	19175
24	87	19179
95	99	19195
0	24	19197
53	95	19197
0	24	19203
72	91	19205
8	92	19208
5	28	19217
24	91	19219
24	88	19219
24	91	19220
72	96	19221
21	25	19230
34	43	19234
24	76	19237
53	74	19244
91	98	19245
24	54	19249
46	65	19250
0	72	19258
0	39	19262
55	91	19263
51	84	19269
13	30	19271
0	44	19272
82	95	19272
24	71	19278
49	57	19279
0	91	19285
10	50	19289
44	72	19290
72	91	19302
11	75	19311
43	89	19313
25	34	19314
0	69	19315
0	95	19318
5	91	19319
91	97	19321
0	81	19322
50	72	19323
72	96	19327
6	26	19332
44	85	19345
94	95	19347
8	11	19358
67	91	19358
48	72	19362
63	65	19368
43	58	19370
59	79	19370
10	55	19378
24	42	19378
66	91	19378
50	95	19382
2	24	19383
0	72	19385
54	64	19385
16	91	19387
50	61	19389
44	91	19391
24	34	19393
27	42	19397
24	45	19400
24	63	19410
2	91	19417
25	98	19420
28	70	19426
50	95	19433
0	85	19436
43	84	19443
2	80	19446
34	91	19463
11	64	19481
0	64	19482
24	83	19489
2	72	19492
0	2	19495
0	24	19497
53	73	19497
0	36	19508
58	95	19508
57	89	19514
13	95	19520
26	47	19526
24	48	19535
17	77	19540
33	72	19542
61	91	19542
24	62	19546
32	50	19553
52	95	19555
61	77	19561
88	91	19563
31	36	19567
25	61	19568
16	46	19571
0	9	19572
84	95	19573
48	57	19575
96	97	19582
73	87	19584
63	91	19589
72	82	19591
36	56	19602
46	91	19604
58	72	19608
46	72	19609
17	23	19613
46	48	19613
48	61	19619
4	95	19625
47	65	19625
82	91	19631
49	70	19639
7	39	19649
12	72	19654
24	61	19660
68	92	19664
39	48	19665
50	94	19667
6	72	19679
24	75	19684
68	87	19686
37	66	19689
0	19	19691
24	72	19701
54	69	19705
70	95	19715
71	91	19716
0	39	19718
26	33	19719
6	32	19735
82	92	19735
12	91	19737
24	94	19741
24	95	19748
73	91	19748
64	82	19750
30	71	19753
24	68	19756
7	21	19758
6	24	19759
56	78	19760
24	91	19766
24	71	19766
62	95	19783
28	98	19794
52	82	19797
17	25	19798
21	24	19800
50	75	19800
24	87	19807
57	91	19811
93	98	19813
26	40	19814
72	78	19824
24	59	19827
12	72	19836
77	98	19843
31	53	19847
23	53	19848
33	95	19849
24	57	19869
46	49	19875
21	95	19881
8	55	19882
24	46	19882
0	30	19887
68	96	19889
63	87	19892
5	70	19894
0	68	19904
68	82	19906
22	30	19914
34	95	19917
7	48	19926
21	85	19935
6	28	19937
5	12	19940
43	91	19944
24	95	19948
22	62	19949
15	23	19955
47	95	19956
60	91	19974
82	85	19977
47	94	19979
0	11	19985
0	91	19986
2	56	19989
23	43	19993
55	56	20000
