0	98	1
1	99	1
1	98	1
1	97	1
1	90	1
2	99	1
2	88	1
5	24	1
7	99	1
7	98	1
8	99	1
10	73	1
11	99	1
13	99	1
13	98	1
14	99	1
14	98	1
16	99	1
16	97	1
18	97	1
19	99	1
20	82	1
22	99	1
22	98	1
22	95	1
24	98	1
26	98	1
27	98	1
27	94	1
28	97	1
29	99	1
29	98	1
30	99	1
30	98	1
30	97	1
31	94	1
31	80	1
32	99	1
32	98	1
33	97	1
34	99	1
34	98	1
35	99	1
35	98	1
36	99	1
37	99	1
37	97	1
38	99	1
38	98	1
39	99	1
39	98	1
40	98	1
41	99	1
42	97	1
43	97	1
44	97	1
45	99	1
45	97	1
46	98	1
47	98	1
47	57	1
49	98	1
50	99	1
50	98	1
50	96	1
52	99	1
52	95	1
53	98	1
53	85	1
54	99	1
54	98	1
54	96	1
55	99	1
56	98	1
57	98	1
57	97	1
58	99	1
59	99	1
59	97	1
60	99	1
60	98	1
60	97	1
60	96	1
62	99	1
62	98	1
63	99	1
63	98	1
63	97	1
63	96	1
64	99	1
64	98	1
65	99	1
65	98	1
65	97	1
66	99	1
66	98	1
67	99	1
67	98	1
67	97	1
67	95	1
68	99	1
68	98	1
68	97	1
69	99	1
69	98	1
69	97	1
69	96	1
69	92	1
69	80	1
70	99	1
70	98	1
70	97	1
70	96	1
71	99	1
71	98	1
72	99	1
72	98	1
72	97	1
73	99	1
73	98	1
73	97	1
73	96	1
74	99	1
74	98	1
74	97	1
74	95	1
75	99	1
75	98	1
75	86	1
76	99	1
76	98	1
76	97	1
76	96	1
76	89	1
77	99	1
77	98	1
77	97	1
78	99	1
78	98	1
78	97	1
78	96	1
78	79	1
79	99	1
79	98	1
79	97	1
79	90	1
80	99	1
80	98	1
80	97	1
80	87	1
81	99	1
81	98	1
81	97	1
81	88	1
82	99	1
82	98	1
82	97	1
83	99	1
83	98	1
83	97	1
84	99	1
84	98	1
84	97	1
84	96	1
85	99	1
85	98	1
85	97	1
85	96	1
86	99	1
86	98	1
86	97	1
86	96	1
86	95	1
87	99	1
87	98	1
87	97	1
87	96	1
88	99	1
88	98	1
88	97	1
88	96	1
88	95	1
89	99	1
89	98	1
89	97	1
90	99	1
90	98	1
90	97	1
90	95	1
91	99	1
91	98	1
91	97	1
91	95	1
92	99	1
92	98	1
92	97	1
92	96	1
92	93	1
93	99	1
93	98	1
93	97	1
93	96	1
94	99	1
94	98	1
94	97	1
94	96	1
94	95	1
95	99	1
95	98	1
95	97	1
95	96	1
96	99	1
96	98	1
96	97	1
97	99	1
97	98	1
98	99	1
0	99	2
0	60	2
1	99	2
2	63	2
3	99	2
3	92	2
4	99	2
5	99	2
10	99	2
12	70	2
14	98	2
14	70	2
15	36	2
17	97	2
18	99	2
18	98	2
21	99	2
22	98	2
23	99	2
25	99	2
26	99	2
27	82	2
27	61	2
28	99	2
28	91	2
29	96	2
30	99	2
31	78	2
32	99	2
32	98	2
33	97	2
33	83	2
34	99	2
35	99	2
36	99	2
37	97	2
37	82	2
38	97	2
39	99	2
39	95	2
40	98	2
40	97	2
40	96	2
41	99	2
41	69	2
42	99	2
43	99	2
43	97	2
43	95	2
43	92	2
44	99	2
44	97	2
45	99	2
45	98	2
46	72	2
47	99	2
48	49	2
49	99	2
49	97	2
49	95	2
51	99	2
52	99	2
52	98	2
52	82	2
53	99	2
53	92	2
53	78	2
54	99	2
55	99	2
55	97	2
55	96	2
55	94	2
55	92	2
55	91	2
56	99	2
57	99	2
57	92	2
57	61	2
58	99	2
58	98	2
58	96	2
58	77	2
59	99	2
59	98	2
59	75	2
60	99	2
61	99	2
62	99	2
62	98	2
62	67	2
63	99	2
64	99	2
65	99	2
65	96	2
65	92	2
66	99	2
66	90	2
67	99	2
67	98	2
67	77	2
68	99	2
68	95	2
69	99	2
70	99	2
70	76	2
70	72	2
71	99	2
71	93	2
72	99	2
72	93	2
72	88	2
72	82	2
73	99	2
74	99	2
74	97	2
74	96	2
74	89	2
74	88	2
75	99	2
75	95	2
75	82	2
76	99	2
76	97	2
76	95	2
76	79	2
77	99	2
77	89	2
77	88	2
78	99	2
78	96	2
78	94	2
78	88	2
79	99	2
79	98	2
79	91	2
79	88	2
80	99	2
80	98	2
81	99	2
81	98	2
81	88	2
82	99	2
83	99	2
83	87	2
84	99	2
84	98	2
84	96	2
85	99	2
85	98	2
85	96	2
85	95	2
85	94	2
86	99	2
86	97	2
86	96	2
86	94	2
86	93	2
87	99	2
87	97	2
87	92	2
88	99	2
88	97	2
88	96	2
89	99	2
89	97	2
90	99	2
90	98	2
90	97	2
90	96	2
91	99	2
91	98	2
91	97	2
91	96	2
91	95	2
91	93	2
91	92	2
92	99	2
92	98	2
92	97	2
92	95	2
92	94	2
93	99	2
93	98	2
93	97	2
93	96	2
93	95	2
94	99	2
94	98	2
94	97	2
94	96	2
94	95	2
95	99	2
95	98	2
95	97	2
95	96	2
96	99	2
96	98	2
96	97	2
97	99	2
97	98	2
98	99	2
0	95	3
0	92	3
0	84	3
3	98	3
3	84	3
4	98	3
5	98	3
6	11	3
7	98	3
7	36	3
11	44	3
12	75	3
12	30	3
13	50	3
13	28	3
15	98	3
15	90	3
15	86	3
18	92	3
18	83	3
18	27	3
19	92	3
20	99	3
20	98	3
20	97	3
20	91	3
22	86	3
22	81	3
23	35	3
24	82	3
25	80	3
26	98	3
27	99	3
27	90	3
28	98	3
28	94	3
29	90	3
30	85	3
31	90	3
32	97	3
33	98	3
34	78	3
35	98	3
35	79	3
36	61	3
37	97	3
40	85	3
42	99	3
42	97	3
42	96	3
42	82	3
43	99	3
43	52	3
45	99	3
45	79	3
47	96	3
47	92	3
47	91	3
47	89	3
48	78	3
48	76	3
49	96	3
49	93	3
49	85	3
50	88	3
51	99	3
51	70	3
51	59	3
52	72	3
53	99	3
53	91	3
54	81	3
55	99	3
55	97	3
56	98	3
56	65	3
57	97	3
58	99	3
58	92	3
58	91	3
59	98	3
60	87	3
61	98	3
61	97	3
61	95	3
61	93	3
61	91	3
61	90	3
61	83	3
61	65	3
62	98	3
62	97	3
62	94	3
62	91	3
62	89	3
62	86	3
62	77	3
63	99	3
63	96	3
63	94	3
64	92	3
64	72	3
65	99	3
65	98	3
65	90	3
65	85	3
65	73	3
66	95	3
66	91	3
66	76	3
66	69	3
67	99	3
67	98	3
67	97	3
67	87	3
68	99	3
68	98	3
69	98	3
69	72	3
70	99	3
70	96	3
71	91	3
71	87	3
71	86	3
72	86	3
73	96	3
73	95	3
73	93	3
74	97	3
74	80	3
74	76	3
75	97	3
75	93	3
75	89	3
75	81	3
76	99	3
76	96	3
76	85	3
77	99	3
77	97	3
77	90	3
78	99	3
78	98	3
78	96	3
78	94	3
78	83	3
78	81	3
79	98	3
79	92	3
79	84	3
79	81	3
80	99	3
80	98	3
80	97	3
80	96	3
80	93	3
80	90	3
80	83	3
80	82	3
81	99	3
81	98	3
81	97	3
81	96	3
81	95	3
81	91	3
81	87	3
81	82	3
82	99	3
82	98	3
82	97	3
82	96	3
82	92	3
82	91	3
82	85	3
83	99	3
83	98	3
83	97	3
83	95	3
83	88	3
84	99	3
84	98	3
84	97	3
84	93	3
84	92	3
84	88	3
84	87	3
85	99	3
85	98	3
85	97	3
85	92	3
85	90	3
86	99	3
86	98	3
86	97	3
86	96	3
86	94	3
87	99	3
87	98	3
87	97	3
87	96	3
87	95	3
87	94	3
87	92	3
87	91	3
88	99	3
88	98	3
88	97	3
88	96	3
88	95	3
88	94	3
88	93	3
88	92	3
88	89	3
89	99	3
89	98	3
89	97	3
89	93	3
90	99	3
90	98	3
90	97	3
90	94	3
90	93	3
90	92	3
90	91	3
91	99	3
91	98	3
91	97	3
91	96	3
91	95	3
91	93	3
91	92	3
92	99	3
92	98	3
92	97	3
92	96	3
92	95	3
92	94	3
92	93	3
93	99	3
93	98	3
93	97	3
93	95	3
93	94	3
94	99	3
94	98	3
94	97	3
94	96	3
94	95	3
95	99	3
95	98	3
95	97	3
95	96	3
96	99	3
96	98	3
96	97	3
97	99	3
97	98	3
98	99	3
2	99	4
3	99	4
5	63	4
7	99	4
8	99	4
9	99	4
12	99	4
12	70	4
13	99	4
15	99	4
16	99	4
17	98	4
20	99	4
20	98	4
20	80	4
21	99	4
21	87	4
22	99	4
23	99	4
25	99	4
25	97	4
26	99	4
26	98	4
26	95	4
26	53	4
27	98	4
28	87	4
29	99	4
30	99	4
31	99	4
32	99	4
33	99	4
34	99	4
34	70	4
35	99	4
36	99	4
36	98	4
36	71	4
36	60	4
37	99	4
37	98	4
38	99	4
39	99	4
39	97	4
40	99	4
41	99	4
42	99	4
42	98	4
43	99	4
44	99	4
45	99	4
46	99	4
47	99	4
47	98	4
48	99	4
48	98	4
49	99	4
49	90	4
49	82	4
50	99	4
50	98	4
51	99	4
51	82	4
52	99	4
52	98	4
52	85	4
53	99	4
53	71	4
54	99	4
55	99	4
56	99	4
56	98	4
56	70	4
57	99	4
57	97	4
57	85	4
58	99	4
58	91	4
58	86	4
59	99	4
60	99	4
60	89	4
61	99	4
62	99	4
62	98	4
63	99	4
63	95	4
64	99	4
64	98	4
65	99	4
66	99	4
66	71	4
67	99	4
67	87	4
67	82	4
68	99	4
68	98	4
68	92	4
68	73	4
69	99	4
69	98	4
69	97	4
70	99	4
71	99	4
71	98	4
72	99	4
73	99	4
73	95	4
74	99	4
74	97	4
75	99	4
76	99	4
76	87	4
77	99	4
77	97	4
78	99	4
78	98	4
79	99	4
79	97	4
79	95	4
80	99	4
80	98	4
81	99	4
81	98	4
81	92	4
81	90	4
82	99	4
82	97	4
83	99	4
84	99	4
84	98	4
84	97	4
85	99	4
85	93	4
86	99	4
86	93	4
87	99	4
87	98	4
88	99	4
88	98	4
88	94	4
88	90	4
89	99	4
90	99	4
90	98	4
90	97	4
90	93	4
91	99	4
91	98	4
91	97	4
92	99	4
92	98	4
92	97	4
93	99	4
93	98	4
93	97	4
93	95	4
94	99	4
94	98	4
95	99	4
95	98	4
95	96	4
96	99	4
96	98	4
97	99	4
97	98	4
98	99	4
2	56	5
7	96	5
7	46	5
7	18	5
9	99	5
9	90	5
11	99	5
12	99	5
14	96	5
14	92	5
14	81	5
15	64	5
15	20	5
16	99	5
18	99	5
18	93	5
18	92	5
18	89	5
20	99	5
21	99	5
21	36	5
22	98	5
22	93	5
23	81	5
23	42	5
25	93	5
25	90	5
25	70	5
26	96	5
26	52	5
26	33	5
27	98	5
28	99	5
28	97	5
29	71	5
31	96	5
31	90	5
31	59	5
32	64	5
32	62	5
34	99	5
34	95	5
34	85	5
35	99	5
36	98	5
36	90	5
36	74	5
36	66	5
37	97	5
37	96	5
37	55	5
38	98	5
38	97	5
38	80	5
39	90	5
40	96	5
40	55	5
41	97	5
43	93	5
43	71	5
44	98	5
45	85	5
46	99	5
46	86	5
46	84	5
46	76	5
47	98	5
47	96	5
47	92	5
47	91	5
47	63	5
47	57	5
48	97	5
48	94	5
48	91	5
48	90	5
48	57	5
49	99	5
50	87	5
52	99	5
52	87	5
52	83	5
52	80	5
53	99	5
53	94	5
53	91	5
53	77	5
54	99	5
54	92	5
54	80	5
55	96	5
55	94	5
56	99	5
56	96	5
57	90	5
57	78	5
58	98	5
58	97	5
59	99	5
59	97	5
59	96	5
60	98	5
60	93	5
60	92	5
60	90	5
60	85	5
60	70	5
61	98	5
61	96	5
61	93	5
61	75	5
62	90	5
62	67	5
63	93	5
63	66	5
64	96	5
64	82	5
65	99	5
65	98	5
65	94	5
65	93	5
66	73	5
67	93	5
68	99	5
68	98	5
69	99	5
69	96	5
69	94	5
69	93	5
69	90	5
69	83	5
69	75	5
70	99	5
70	98	5
70	97	5
70	94	5
70	93	5
70	92	5
70	90	5
71	99	5
71	98	5
71	89	5
72	98	5
72	97	5
72	96	5
72	93	5
72	92	5
73	77	5
73	74	5
74	99	5
74	98	5
74	96	5
74	92	5
74	83	5
75	98	5
75	96	5
75	93	5
75	92	5
76	99	5
76	98	5
76	97	5
76	77	5
77	99	5
77	96	5
77	91	5
77	88	5
77	86	5
78	99	5
78	98	5
78	97	5
78	94	5
78	79	5
79	99	5
79	98	5
79	97	5
79	95	5
79	94	5
79	82	5
80	99	5
80	98	5
80	93	5
81	99	5
81	97	5
81	96	5
81	94	5
81	93	5
81	92	5
82	99	5
82	98	5
82	95	5
82	88	5
83	99	5
83	98	5
83	96	5
83	95	5
83	88	5
84	99	5
84	98	5
84	97	5
84	95	5
84	94	5
84	91	5
84	85	5
85	99	5
85	98	5
85	96	5
85	93	5
85	89	5
85	88	5
86	99	5
86	98	5
86	97	5
86	96	5
86	95	5
86	92	5
87	99	5
87	98	5
87	96	5
87	95	5
87	93	5
87	92	5
88	99	5
88	98	5
88	94	5
88	92	5
89	99	5
89	98	5
89	97	5
89	96	5
89	94	5
90	99	5
90	98	5
90	97	5
90	95	5
90	94	5
90	93	5
90	92	5
91	99	5
91	98	5
91	97	5
91	96	5
91	94	5
91	93	5
92	99	5
92	98	5
92	97	5
92	96	5
92	95	5
92	94	5
92	93	5
93	99	5
93	98	5
93	97	5
93	96	5
93	95	5
93	94	5
94	99	5
94	98	5
94	97	5
94	96	5
94	95	5
95	99	5
95	98	5
95	97	5
95	96	5
96	99	5
96	98	5
96	97	5
97	99	5
97	98	5
98	99	5
0	97	6
1	98	6
1	97	6
2	99	6
3	99	6
3	96	6
4	99	6
6	99	6
7	99	6
8	98	6
9	99	6
9	89	6
10	99	6
10	60	6
12	97	6
14	99	6
15	99	6
15	92	6
19	99	6
19	97	6
19	92	6
20	99	6
21	99	6
21	51	6
22	99	6
22	98	6
22	96	6
22	79	6
23	99	6
24	99	6
24	97	6
24	96	6
25	99	6
26	99	6
26	96	6
26	50	6
28	98	6
30	99	6
30	91	6
31	99	6
31	98	6
32	90	6
33	99	6
33	96	6
33	93	6
33	92	6
34	99	6
35	99	6
35	94	6
36	99	6
37	99	6
37	98	6
37	95	6
37	93	6
38	99	6
38	97	6
39	99	6
39	55	6
40	99	6
40	82	6
41	98	6
41	57	6
42	99	6
43	79	6
44	99	6
45	99	6
45	93	6
45	53	6
46	99	6
46	84	6
47	99	6
47	60	6
48	99	6
48	98	6
49	97	6
50	99	6
51	99	6
52	99	6
52	98	6
53	99	6
53	98	6
54	99	6
54	98	6
55	99	6
55	98	6
56	99	6
57	99	6
58	99	6
58	98	6
59	99	6
59	98	6
59	94	6
60	99	6
60	76	6
61	99	6
61	94	6
61	76	6
62	99	6
62	98	6
62	95	6
63	99	6
63	98	6
63	97	6
63	96	6
64	99	6
64	98	6
64	97	6
65	99	6
66	99	6
66	97	6
67	99	6
67	98	6
68	99	6
68	98	6
69	99	6
69	91	6
70	99	6
70	98	6
71	99	6
72	99	6
72	83	6
73	99	6
73	98	6
73	93	6
74	99	6
74	98	6
74	92	6
75	99	6
76	99	6
76	98	6
77	99	6
77	98	6
77	96	6
77	92	6
78	99	6
78	98	6
78	97	6
78	94	6
78	81	6
79	99	6
79	98	6
79	84	6
80	99	6
80	98	6
80	95	6
81	99	6
81	98	6
81	90	6
82	99	6
82	98	6
82	91	6
83	99	6
83	98	6
83	87	6
84	99	6
84	98	6
84	97	6
84	95	6
84	93	6
84	85	6
85	99	6
85	98	6
85	97	6
86	99	6
86	98	6
87	99	6
87	98	6
87	92	6
87	89	6
88	99	6
88	98	6
88	95	6
88	93	6
89	99	6
89	98	6
89	97	6
89	95	6
89	93	6
90	99	6
90	98	6
90	94	6
91	99	6
91	98	6
91	97	6
91	96	6
91	94	6
91	92	6
92	99	6
92	98	6
92	97	6
92	96	6
92	94	6
93	99	6
93	98	6
93	97	6
93	96	6
93	95	6
94	99	6
94	98	6
94	97	6
94	96	6
94	95	6
95	99	6
95	98	6
95	97	6
95	96	6
96	99	6
96	98	6
96	97	6
97	99	6
97	98	6
98	99	6
2	99	7
2	96	7
3	83	7
4	85	7
6	95	7
8	99	7
8	79	7
10	97	7
11	75	7
11	24	7
12	97	7
12	82	7
12	72	7
13	96	7
13	93	7
14	97	7
14	44	7
15	95	7
17	98	7
22	83	7
22	66	7
23	98	7
24	87	7
24	82	7
25	98	7
25	94	7
25	88	7
26	94	7
26	82	7
26	81	7
27	81	7
28	96	7
28	72	7
29	72	7
29	41	7
30	81	7
32	40	7
33	44	7
34	57	7
37	96	7
37	84	7
41	97	7
41	95	7
41	94	7
41	58	7
42	99	7
43	98	7
43	95	7
43	55	7
44	80	7
45	98	7
45	96	7
45	79	7
46	96	7
46	77	7
47	98	7
48	62	7
48	59	7
50	94	7
50	59	7
51	98	7
51	82	7
52	74	7
53	92	7
53	88	7
55	95	7
55	92	7
55	65	7
56	96	7
56	95	7
56	88	7
56	84	7
57	96	7
57	94	7
57	91	7
57	64	7
59	97	7
60	93	7
61	99	7
61	82	7
61	66	7
62	98	7
63	97	7
63	74	7
64	99	7
64	95	7
64	89	7
64	77	7
64	76	7
64	74	7
64	67	7
65	98	7
65	93	7
65	73	7
66	99	7
66	87	7
67	95	7
67	94	7
68	96	7
68	87	7
69	95	7
69	90	7
69	87	7
69	82	7
71	99	7
71	98	7
71	90	7
72	96	7
72	91	7
73	99	7
73	82	7
74	99	7
74	88	7
74	77	7
75	99	7
75	98	7
75	94	7
75	91	7
75	78	7
77	96	7
77	89	7
77	87	7
77	84	7
77	78	7
78	99	7
78	96	7
78	87	7
78	86	7
79	98	7
79	80	7
80	99	7
80	93	7
80	89	7
80	84	7
81	98	7
81	96	7
81	95	7
81	94	7
81	93	7
82	98	7
82	96	7
82	95	7
82	94	7
82	87	7
83	99	7
83	97	7
83	87	7
83	85	7
84	99	7
84	98	7
84	97	7
84	96	7
84	89	7
85	99	7
85	98	7
85	97	7
85	95	7
85	93	7
85	91	7
85	87	7
86	99	7
86	95	7
86	93	7
87	95	7
88	98	7
88	96	7
88	94	7
89	98	7
89	97	7
89	95	7
89	94	7
90	98	7
90	96	7
91	99	7
91	98	7
91	96	7
91	94	7
91	92	7
92	98	7
93	99	7
93	98	7
94	99	7
94	98	7
94	95	7
95	99	7
95	98	7
95	97	7
95	96	7
96	99	7
96	98	7
97	99	7
97	98	7
98	99	7
0	98	8
0	97	8
0	69	8
3	97	8
5	99	8
6	99	8
6	69	8
8	99	8
9	99	8
10	61	8
11	96	8
11	27	8
13	98	8
13	91	8
13	72	8
14	93	8
14	54	8
16	89	8
18	64	8
19	81	8
20	98	8
20	96	8
20	91	8
21	99	8
22	89	8
23	96	8
23	28	8
24	95	8
25	99	8
25	96	8
25	91	8
26	86	8
27	69	8
27	39	8
28	83	8
28	43	8
29	98	8
29	94	8
30	96	8
30	95	8
31	99	8
31	98	8
31	94	8
32	91	8
32	72	8
32	66	8
32	36	8
33	96	8
33	86	8
33	66	8
34	99	8
34	90	8
36	98	8
36	78	8
36	71	8
38	82	8
38	74	8
39	99	8
39	97	8
39	88	8
41	98	8
41	83	8
41	78	8
42	91	8
42	87	8
43	91	8
44	99	8
44	93	8
45	87	8
47	98	8
47	93	8
48	95	8
48	94	8
48	85	8
49	99	8
49	91	8
49	68	8
49	63	8
50	95	8
51	76	8
53	98	8
53	96	8
53	95	8
54	98	8
56	92	8
56	60	8
57	96	8
57	93	8
58	94	8
58	89	8
58	83	8
60	99	8
60	95	8
60	93	8
60	89	8
60	79	8
61	99	8
61	98	8
61	96	8
61	63	8
62	99	8
62	97	8
62	95	8
63	99	8
63	79	8
64	99	8
64	97	8
64	90	8
64	70	8
65	96	8
65	95	8
66	98	8
66	92	8
67	99	8
67	98	8
67	89	8
68	98	8
68	96	8
68	92	8
68	89	8
68	73	8
69	97	8
70	99	8
70	95	8
70	94	8
70	83	8
71	98	8
71	93	8
71	91	8
71	82	8
71	76	8
72	93	8
72	86	8
72	77	8
73	99	8
73	97	8
73	93	8
74	99	8
74	97	8
74	92	8
74	88	8
75	91	8
76	97	8
76	96	8
76	94	8
77	98	8
78	99	8
78	98	8
78	97	8
78	95	8
78	86	8
79	99	8
79	98	8
79	97	8
79	87	8
80	99	8
80	97	8
80	95	8
80	83	8
81	99	8
81	97	8
81	93	8
82	99	8
82	98	8
82	96	8
82	95	8
82	94	8
83	99	8
83	98	8
83	97	8
83	96	8
83	95	8
83	92	8
83	91	8
84	99	8
84	98	8
84	96	8
84	94	8
84	93	8
85	99	8
85	98	8
85	97	8
85	96	8
85	95	8
85	93	8
86	99	8
86	98	8
86	97	8
86	96	8
86	95	8
87	99	8
87	96	8
87	95	8
87	93	8
87	91	8
87	88	8
88	99	8
88	97	8
88	96	8
88	95	8
88	94	8
88	93	8
88	91	8
89	99	8
89	98	8
89	97	8
89	96	8
89	95	8
89	92	8
90	99	8
90	98	8
90	96	8
90	95	8
90	93	8
90	92	8
91	99	8
91	98	8
91	97	8
91	96	8
91	95	8
91	94	8
91	93	8
92	99	8
92	98	8
92	97	8
92	96	8
92	95	8
92	94	8
92	93	8
93	99	8
93	98	8
93	97	8
93	96	8
93	95	8
93	94	8
94	99	8
94	98	8
94	97	8
94	96	8
94	95	8
95	99	8
95	98	8
95	97	8
95	96	8
96	99	8
96	98	8
96	97	8
97	99	8
97	98	8
98	99	8
0	99	9
1	99	9
3	99	9
4	99	9
5	99	9
5	84	9
6	99	9
7	99	9
8	99	9
9	99	9
10	99	9
11	99	9
12	99	9
13	99	9
14	99	9
15	99	9
16	99	9
17	99	9
18	99	9
19	99	9
20	99	9
21	99	9
22	99	9
23	99	9
24	99	9
25	99	9
26	99	9
27	99	9
28	99	9
29	99	9
30	99	9
31	99	9
32	99	9
33	99	9
34	99	9
35	99	9
36	99	9
37	99	9
38	99	9
39	99	9
40	99	9
41	99	9
42	99	9
43	99	9
44	99	9
45	99	9
46	99	9
47	99	9
48	99	9
49	99	9
50	99	9
51	99	9
52	99	9
53	99	9
54	99	9
55	99	9
56	99	9
56	91	9
57	99	9
58	99	9
59	99	9
60	99	9
60	91	9
61	99	9
62	99	9
63	99	9
64	99	9
65	99	9
66	99	9
67	99	9
68	99	9
69	99	9
70	99	9
71	99	9
71	94	9
72	99	9
72	95	9
72	86	9
73	99	9
74	99	9
75	99	9
76	99	9
77	99	9
78	99	9
78	97	9
79	99	9
80	99	9
81	99	9
81	98	9
82	99	9
82	97	9
82	96	9
83	99	9
84	99	9
85	99	9
86	99	9
86	93	9
87	99	9
88	99	9
89	99	9
90	99	9
90	94	9
91	99	9
92	99	9
93	99	9
94	99	9
94	96	9
95	99	9
95	98	9
96	99	9
97	99	9
98	99	9
0	97	10
2	57	10
3	99	10
4	99	10
6	97	10
6	96	10
7	99	10
7	96	10
8	99	10
9	19	10
10	99	10
12	99	10
12	95	10
13	99	10
13	94	10
13	64	10
13	19	10
14	86	10
15	99	10
16	99	10
17	96	10
18	98	10
19	81	10
20	97	10
21	93	10
21	46	10
22	99	10
23	99	10
23	95	10
25	99	10
26	99	10
29	99	10
30	99	10
31	99	10
31	56	10
32	99	10
33	99	10
33	50	10
34	97	10
35	98	10
35	61	10
36	99	10
36	97	10
37	95	10
40	99	10
40	92	10
41	99	10
42	99	10
42	76	10
42	64	10
43	99	10
44	99	10
44	93	10
45	99	10
47	99	10
47	98	10
47	72	10
48	52	10
49	98	10
49	92	10
50	99	10
50	88	10
51	99	10
52	98	10
53	99	10
53	94	10
54	99	10
54	98	10
54	96	10
55	99	10
56	99	10
56	71	10
57	99	10
57	96	10
57	60	10
58	99	10
58	89	10
59	99	10
59	97	10
59	84	10
60	99	10
61	99	10
61	95	10
62	99	10
63	99	10
63	98	10
63	96	10
64	99	10
65	99	10
66	99	10
66	97	10
67	99	10
67	98	10
67	97	10
68	99	10
69	99	10
70	99	10
70	96	10
71	99	10
72	99	10
72	98	10
72	93	10
73	99	10
73	97	10
73	96	10
73	90	10
73	84	10
74	99	10
74	98	10
74	93	10
74	91	10
75	99	10
75	97	10
75	85	10
76	99	10
76	84	10
77	99	10
77	87	10
77	80	10
78	99	10
79	99	10
79	94	10
80	99	10
80	97	10
80	82	10
81	99	10
81	98	10
81	97	10
81	95	10
82	99	10
83	99	10
84	99	10
84	98	10
85	99	10
85	97	10
85	96	10
86	99	10
86	98	10
86	97	10
86	94	10
87	99	10
87	98	10
87	90	10
88	99	10
89	99	10
89	95	10
90	99	10
90	98	10
90	93	10
90	92	10
91	99	10
91	98	10
92	99	10
92	97	10
92	96	10
92	94	10
93	99	10
93	98	10
93	97	10
93	95	10
94	99	10
94	98	10
94	97	10
94	95	10
95	99	10
95	98	10
95	97	10
95	96	10
96	99	10
96	98	10
96	97	10
97	99	10
97	98	10
98	99	10
