54	68	1
24	73	4
35	70	6
35	98	8
23	84	9
27	85	13
10	91	14
35	73	15
18	35	16
10	35	19
35	56	23
0	15	24
23	83	24
27	35	24
73	94	25
0	35	26
0	35	27
35	39	28
21	30	32
35	36	36
35	48	39
35	75	39
27	84	41
10	30	46
35	53	50
1	35	51
21	35	51
35	78	51
8	35	58
35	49	58
35	89	58
22	35	61
23	35	64
28	35	65
35	49	72
23	73	73
35	49	74
51	77	76
27	35	80
35	98	80
35	37	80
35	58	81
29	35	84
23	61	86
35	73	86
35	38	86
27	76	87
21	35	91
21	35	92
35	61	92
27	94	93
45	83	94
47	65	96
35	63	98
35	61	103
23	35	105
35	38	105
35	91	108
23	35	109
26	35	110
8	35	111
35	70	116
35	45	117
35	49	120
35	58	120
35	92	124
35	94	125
27	35	128
35	91	128
35	73	130
21	61	131
33	58	133
21	90	134
35	38	138
35	38	141
24	35	142
22	35	143
35	73	143
35	98	146
27	93	148
27	35	149
35	38	151
35	70	154
14	35	155
2	51	158
35	42	159
35	61	162
54	70	163
32	73	164
35	60	164
35	38	167
35	64	168
35	75	168
10	91	170
35	38	171
1	84	172
35	59	175
35	73	177
17	35	181
35	62	183
35	47	184
35	77	186
27	35	188
1	35	191
35	50	191
35	62	191
21	35	193
21	35	196
35	90	201
35	49	204
25	35	206
40	87	208
35	61	210
21	35	217
21	83	217
21	49	219
35	44	220
13	99	221
30	35	225
62	67	231
35	87	232
27	35	233
32	35	233
35	82	233
35	98	241
61	90	241
35	91	242
35	93	243
27	35	250
21	65	254
5	35	259
21	27	261
23	35	265
21	42	266
31	35	269
35	38	269
35	38	276
35	77	276
21	27	278
35	73	286
35	93	292
35	52	295
30	35	296
27	35	297
27	35	299
35	47	304
49	56	306
35	48	309
54	82	319
35	47	322
35	82	322
21	35	330
27	73	337
28	35	338
21	35	346
10	35	348
35	99	348
27	35	353
35	73	353
35	40	353
35	37	357
21	35	362
35	49	362
35	50	365
35	43	367
35	93	372
35	58	373
27	49	374
35	38	376
35	38	378
35	52	379
2	27	384
35	36	384
35	65	385
21	94	391
21	35	392
27	35	400
33	35	411
12	35	413
21	35	422
35	91	422
0	35	440
21	35	441
7	35	446
23	27	449
35	70	449
35	36	450
35	98	461
18	45	462
35	97	463
21	42	467
24	35	467
58	61	470
21	35	472
27	35	474
18	35	477
24	35	479
35	83	480
35	71	487
27	35	490
22	35	493
21	35	501
31	69	501
24	35	503
32	35	503
21	35	504
27	52	506
35	38	507
17	35	508
27	35	509
35	47	515
35	85	515
0	35	516
35	78	517
35	38	519
9	35	521
35	62	525
27	35	528
27	35	534
27	35	545
21	35	549
35	55	550
21	97	551
35	86	551
21	90	553
35	87	553
27	35	554
27	93	555
35	47	557
31	71	560
35	51	566
35	37	567
35	83	570
5	36	574
35	38	577
40	73	577
35	93	582
27	50	584
32	35	585
23	71	586
11	35	588
21	35	597
0	70	602
27	35	603
35	93	604
31	35	605
46	52	607
21	93	608
35	94	609
35	76	613
35	99	615
35	43	616
18	21	617
21	35	626
48	73	626
21	27	628
21	25	629
35	67	632
35	82	632
35	65	637
35	85	639
35	56	641
35	69	643
19	23	647
35	90	658
23	74	659
35	38	659
29	35	667
35	48	669
23	35	670
55	68	679
27	35	684
21	59	687
32	35	690
35	43	691
35	37	692
35	96	693
21	38	695
27	35	695
35	83	698
35	48	703
35	64	704
38	59	704
21	44	706
21	35	708
23	35	714
35	87	717
23	35	725
35	73	726
21	43	727
12	35	731
27	72	732
35	97	735
35	89	741
16	35	742
21	35	745
35	96	747
21	35	748
35	96	749
35	66	749
35	79	749
0	58	751
35	89	751
27	35	758
35	78	759
35	61	765
38	93	768
35	38	770
35	91	770
35	67	774
21	35	775
35	40	775
39	64	776
19	34	777
27	81	777
35	73	777
35	92	781
27	35	783
35	75	785
11	35	790
35	65	790
35	47	793
70	73	793
35	43	794
35	73	796
34	35	802
20	35	803
17	35	804
35	92	810
35	49	813
35	95	815
13	35	820
35	38	820
4	27	826
35	53	827
35	82	828
35	48	829
35	73	830
35	97	832
35	61	833
23	35	834
35	73	840
35	65	848
23	35	850
35	36	850
25	35	853
6	35	856
23	35	859
35	38	859
7	89	863
21	35	867
35	73	867
27	35	868
3	35	872
56	70	873
49	75	878
35	65	882
56	90	882
35	48	883
32	35	886
21	27	889
35	59	889
25	35	892
21	27	899
85	98	900
27	35	902
35	98	904
35	57	904
21	35	905
11	37	908
21	35	910
35	38	912
51	98	914
35	44	916
35	73	917
21	35	918
35	58	918
35	48	930
23	35	931
27	32	931
5	35	932
31	35	933
17	35	936
1	35	937
27	35	939
35	92	941
35	47	944
24	35	945
29	35	948
10	70	950
35	73	951
34	54	961
31	35	963
10	35	969
11	98	969
35	50	969
35	63	972
35	52	973
35	84	973
21	35	977
35	67	977
35	64	977
10	35	980
27	38	981
35	38	989
35	75	992
35	36	993
35	46	996
27	73	998
35	69	999
35	64	1000
23	35	1004
35	86	1008
35	93	1012
35	73	1017
35	41	1018
11	35	1021
15	35	1025
27	35	1026
27	35	1027
27	37	1028
21	35	1030
0	35	1031
87	98	1031
35	70	1032
1	35	1040
0	35	1042
26	70	1053
22	35	1054
35	48	1054
35	70	1060
35	57	1071
21	35	1081
18	35	1084
48	91	1093
27	35	1094
35	67	1094
35	75	1094
65	92	1094
35	41	1099
27	35	1100
35	93	1103
35	47	1112
35	47	1113
35	91	1113
10	35	1119
2	93	1125
15	35	1126
24	96	1127
21	35	1131
21	35	1133
21	35	1135
49	77	1142
28	35	1144
35	38	1145
35	50	1147
35	47	1148
21	35	1153
27	35	1153
35	81	1154
35	92	1156
10	35	1157
27	35	1159
21	35	1163
23	35	1164
26	52	1166
16	35	1167
35	71	1167
35	73	1172
73	98	1173
27	50	1175
23	35	1176
35	52	1184
54	72	1184
8	35	1187
35	68	1189
35	54	1190
27	91	1194
35	98	1195
35	58	1200
79	86	1200
35	42	1203
23	35	1205
35	85	1212
35	46	1213
23	35	1214
35	93	1214
35	49	1216
35	38	1217
21	35	1220
35	37	1221
27	35	1222
35	52	1227
0	93	1230
35	65	1230
35	70	1232
21	35	1237
21	35	1243
10	35	1244
27	35	1244
35	40	1245
35	67	1247
83	90	1248
35	84	1249
21	35	1256
35	71	1258
35	87	1262
23	35	1264
20	35	1265
10	74	1267
12	35	1275
21	66	1275
35	81	1275
12	23	1280
25	48	1286
23	35	1292
24	66	1293
35	38	1294
22	35	1299
27	35	1299
35	59	1302
34	89	1307
49	55	1307
18	62	1316
4	73	1317
35	60	1322
17	35	1326
35	47	1327
35	98	1328
35	49	1329
15	35	1330
37	56	1330
35	47	1333
35	60	1336
21	35	1337
35	96	1345
27	35	1346
35	90	1346
21	27	1347
35	50	1347
23	35	1348
29	35	1349
35	37	1350
35	67	1350
35	88	1352
27	35	1355
35	49	1356
35	46	1356
21	59	1359
35	36	1362
35	38	1364
27	35	1367
18	35	1378
35	91	1383
29	35	1387
28	35	1388
21	49	1389
8	35	1390
14	27	1392
35	73	1396
21	23	1399
46	85	1399
21	68	1402
15	61	1403
29	35	1409
86	87	1411
23	47	1412
1	35	1420
23	70	1429
35	37	1435
35	39	1436
21	35	1437
35	98	1440
10	35	1442
35	53	1442
18	27	1444
21	35	1450
35	36	1451
35	61	1453
35	38	1454
38	70	1454
35	96	1455
35	70	1456
10	21	1457
35	56	1458
24	66	1460
27	35	1462
35	70	1463
24	35	1466
34	35	1467
14	35	1470
35	61	1471
21	98	1473
35	63	1473
35	67	1474
35	49	1475
0	35	1476
35	70	1477
38	91	1487
35	93	1491
26	35	1492
21	48	1495
35	70	1497
27	70	1499
27	35	1500
23	35	1502
35	98	1511
21	35	1513
14	98	1515
23	35	1520
2	35	1522
27	35	1524
29	52	1524
10	36	1527
34	35	1528
49	98	1530
35	90	1536
35	76	1536
27	35	1537
35	67	1544
35	82	1544
10	35	1550
35	61	1555
49	78	1555
35	37	1556
19	35	1566
52	74	1567
21	47	1568
35	45	1568
35	62	1569
24	35	1570
35	67	1573
23	80	1574
35	49	1576
35	37	1576
35	50	1580
12	35	1585
35	47	1585
21	83	1587
35	49	1588
21	35	1593
27	35	1593
35	42	1594
35	96	1598
10	35	1599
35	52	1599
27	47	1603
2	35	1623
35	56	1623
73	93	1629
21	35	1639
35	98	1639
8	35	1642
10	31	1646
35	49	1651
22	35	1653
23	38	1653
35	73	1655
59	73	1656
27	35	1659
35	56	1663
35	82	1664
35	47	1671
19	35	1673
35	76	1684
35	48	1688
35	38	1691
35	50	1693
4	86	1697
21	35	1700
0	21	1703
28	68	1704
35	74	1704
18	35	1705
23	64	1705
35	38	1708
35	70	1710
35	87	1712
31	35	1716
35	88	1721
35	39	1722
27	35	1723
35	49	1726
35	98	1731
35	60	1732
35	83	1733
6	35	1735
35	73	1737
35	49	1738
10	47	1742
35	71	1744
35	85	1744
21	35	1745
77	91	1748
34	70	1752
27	35	1753
10	35	1760
35	49	1763
35	91	1766
35	86	1771
44	60	1773
20	35	1774
23	35	1775
12	35	1777
35	99	1783
82	94	1784
35	49	1792
17	35	1793
42	49	1793
10	35	1798
46	83	1799
27	98	1802
20	35	1807
27	35	1811
32	35	1813
27	35	1817
35	50	1820
21	38	1823
27	35	1824
22	35	1828
32	61	1830
35	90	1833
15	35	1835
23	35	1837
5	82	1840
32	46	1840
35	93	1840
35	92	1842
23	35	1844
27	35	1846
41	59	1846
35	38	1847
21	69	1849
35	88	1849
3	70	1856
35	49	1863
93	98	1863
35	46	1864
35	56	1865
20	35	1868
12	70	1873
35	38	1873
35	90	1874
62	72	1874
35	48	1875
35	36	1877
35	94	1879
21	35	1882
27	35	1882
23	35	1884
27	35	1884
27	94	1884
47	76	1884
35	93	1888
24	35	1890
25	98	1890
32	35	1893
0	35	1896
32	35	1899
35	47	1899
19	35	1902
35	48	1906
28	35	1911
26	73	1912
27	35	1913
35	43	1915
35	61	1916
13	35	1917
35	38	1923
35	66	1924
12	35	1925
35	49	1925
35	83	1926
35	66	1927
21	35	1928
35	73	1929
18	35	1933
35	93	1933
27	98	1937
18	48	1940
8	95	1941
27	38	1941
35	97	1941
35	93	1942
21	73	1947
32	35	1949
21	98	1950
16	21	1954
3	81	1956
35	47	1956
35	91	1957
21	35	1958
27	35	1963
27	35	1964
11	35	1965
1	68	1970
35	73	1973
35	38	1975
21	35	1977
35	37	1978
35	51	1978
25	35	1988
34	35	1989
35	73	1990
35	98	1992
35	69	1994
35	73	1998
35	79	2000
35	47	2005
15	35	2006
27	35	2006
35	57	2008
35	70	2014
24	71	2015
35	48	2016
29	35	2021
14	35	2023
21	30	2024
35	62	2024
35	66	2027
35	56	2032
35	72	2033
23	27	2035
35	48	2035
21	35	2036
35	74	2037
13	35	2040
23	27	2041
21	35	2051
35	70	2065
35	73	2066
35	70	2068
35	51	2068
27	35	2083
35	57	2086
35	46	2088
49	73	2092
35	73	2093
27	59	2096
54	82	2096
35	74	2097
8	35	2098
49	61	2102
70	73	2104
10	35	2105
5	56	2110
35	70	2111
35	98	2113
27	35	2115
23	35	2119
59	70	2122
35	79	2126
35	93	2130
35	47	2132
35	70	2132
35	90	2133
35	50	2134
27	98	2135
27	81	2135
21	47	2144
8	35	2156
35	43	2157
27	35	2159
27	35	2160
8	35	2162
38	99	2163
27	35	2164
23	35	2166
35	93	2175
19	35	2183
35	57	2184
35	68	2188
35	50	2191
35	38	2193
35	97	2193
21	48	2195
35	59	2196
35	64	2196
10	35	2198
35	65	2198
35	90	2201
35	78	2201
54	59	2202
35	36	2208
35	88	2209
35	73	2211
35	38	2213
15	35	2226
10	17	2228
86	91	2228
27	58	2230
12	35	2234
35	38	2238
35	44	2238
35	45	2240
35	53	2241
27	35	2245
35	84	2245
27	35	2248
27	65	2249
31	35	2249
29	65	2254
35	96	2254
35	59	2255
24	35	2257
9	21	2259
9	35	2260
23	35	2264
23	65	2269
35	38	2271
31	39	2273
27	35	2276
18	35	2279
35	51	2282
29	35	2285
21	35	2286
35	56	2287
10	35	2288
27	35	2293
35	48	2294
35	98	2301
35	47	2302
19	21	2304
62	68	2304
5	21	2305
35	73	2309
0	98	2312
27	35	2313
27	47	2316
21	51	2319
21	26	2321
35	38	2325
11	21	2326
31	70	2326
15	21	2330
70	90	2331
10	35	2336
21	50	2337
35	80	2337
19	35	2340
30	35	2340
35	73	2342
32	35	2349
35	70	2355
18	98	2359
35	95	2369
21	67	2373
21	93	2377
21	35	2379
27	35	2382
35	49	2382
21	35	2384
35	41	2385
23	35	2386
31	35	2388
35	93	2388
56	90	2388
35	56	2389
21	35	2393
9	23	2399
18	35	2400
35	70	2400
35	73	2406
3	99	2416
27	35	2417
35	41	2419
39	67	2421
49	71	2422
23	68	2423
21	35	2425
50	60	2426
35	38	2427
1	35	2430
0	35	2432
35	82	2432
29	35	2435
18	50	2436
21	35	2443
21	38	2443
21	35	2446
35	90	2446
27	58	2448
32	44	2450
35	61	2452
35	59	2452
35	86	2453
23	35	2455
35	49	2461
8	35	2464
21	49	2466
27	35	2468
21	35	2469
35	37	2469
35	50	2469
35	70	2473
3	35	2475
27	42	2475
35	73	2478
35	38	2479
24	43	2482
2	85	2492
68	89	2492
21	35	2493
35	87	2493
24	35	2494
35	43	2494
82	91	2499
35	70	2501
35	97	2505
25	35	2506
27	35	2509
5	35	2513
33	35	2518
5	35	2519
73	97	2522
35	70	2524
35	75	2524
0	98	2526
35	79	2531
21	35	2532
20	35	2534
23	73	2536
35	57	2538
21	35	2539
21	35	2542
35	46	2552
21	35	2557
49	56	2557
27	35	2559
21	35	2560
23	35	2560
23	70	2561
35	87	2561
35	63	2561
27	35	2563
35	83	2563
23	35	2565
0	35	2566
21	35	2568
25	35	2569
8	35	2574
35	56	2577
35	49	2580
35	64	2583
24	35	2585
35	93	2588
35	70	2590
27	35	2593
35	91	2595
1	35	2596
26	35	2596
21	35	2597
35	89	2599
10	21	2605
21	38	2605
35	99	2605
35	91	2609
35	91	2613
34	35	2616
35	44	2616
1	75	2617
40	49	2624
35	40	2628
23	35	2631
35	78	2631
35	54	2634
17	49	2640
35	98	2641
3	35	2643
35	73	2645
21	71	2646
35	82	2649
35	44	2650
56	64	2650
15	47	2651
23	69	2651
35	58	2653
35	70	2657
35	61	2657
18	35	2658
5	36	2659
35	98	2661
35	73	2664
21	32	2670
27	35	2670
34	35	2670
23	35	2672
23	57	2675
27	35	2676
21	35	2677
35	76	2677
27	35	2681
21	35	2683
35	38	2684
35	51	2686
35	98	2692
21	35	2693
35	40	2695
14	35	2696
35	53	2697
35	96	2701
35	38	2705
35	43	2705
38	99	2705
35	73	2707
6	27	2713
15	35	2714
35	73	2716
44	66	2718
35	87	2719
21	49	2720
19	35	2724
35	47	2725
35	62	2726
19	35	2728
35	38	2729
14	27	2733
35	94	2735
18	89	2737
35	73	2740
35	68	2740
35	70	2746
35	90	2746
35	47	2748
35	73	2757
35	73	2758
21	35	2759
35	98	2760
17	35	2762
35	73	2766
27	35	2770
35	36	2771
35	47	2775
29	35	2777
0	35	2780
23	35	2781
24	46	2784
35	76	2784
13	35	2785
35	73	2786
73	95	2789
21	35	2790
35	73	2791
35	65	2791
35	40	2791
21	35	2792
35	91	2792
35	88	2792
21	35	2797
27	35	2797
35	98	2802
21	57	2804
35	70	2808
21	35	2810
30	73	2814
27	68	2815
35	96	2817
35	79	2818
10	26	2819
27	35	2819
58	75	2819
35	70	2822
37	91	2828
35	70	2830
35	66	2834
35	83	2835
35	47	2838
27	35	2840
18	35	2843
35	50	2847
35	44	2847
35	49	2849
19	66	2851
33	97	2851
21	35	2855
35	47	2855
21	35	2857
35	70	2859
2	35	2861
25	35	2861
75	77	2862
4	19	2863
35	49	2866
35	58	2868
21	35	2870
35	98	2873
23	35	2874
35	85	2874
35	88	2877
26	35	2878
23	35	2879
23	35	2883
35	86	2888
15	35	2889
35	50	2889
21	35	2891
27	35	2891
35	41	2891
35	49	2892
35	49	2895
35	52	2895
27	35	2898
17	27	2901
21	35	2901
0	21	2904
24	28	2904
35	41	2905
35	47	2906
35	80	2906
21	35	2907
23	35	2911
27	51	2912
30	32	2912
21	92	2916
35	98	2916
27	35	2917
27	49	2917
27	86	2917
11	21	2918
21	35	2919
38	52	2920
27	35	2923
35	84	2923
22	35	2928
35	49	2928
35	38	2931
35	87	2934
35	98	2942
35	50	2942
35	44	2943
35	73	2949
5	33	2953
35	40	2953
35	54	2954
32	91	2955
35	77	2956
18	35	2957
21	93	2958
27	70	2958
27	29	2964
35	71	2967
22	35	2973
41	99	2973
47	90	2973
22	27	2978
52	90	2978
35	47	2979
35	70	2981
18	35	2983
35	55	2985
32	35	2986
35	94	2987
21	23	2991
3	13	2993
28	35	2993
5	35	2998
27	35	2999
35	73	3003
35	99	3005
23	35	3014
9	35	3016
75	99	3019
49	73	3020
15	35	3021
27	35	3021
35	55	3022
35	47	3024
27	73	3025
27	35	3029
35	53	3030
73	98	3036
45	73	3037
27	35	3038
35	55	3040
35	98	3044
32	35	3052
35	73	3052
27	35	3059
27	35	3060
21	35	3068
35	95	3077
35	55	3078
35	37	3081
35	47	3083
29	35	3085
35	73	3087
35	49	3090
21	35	3098
30	35	3108
35	62	3109
21	90	3111
27	31	3112
35	70	3112
32	35	3114
21	35	3115
35	98	3115
21	35	3118
35	78	3121
35	53	3123
35	47	3127
23	35	3130
4	35	3143
35	89	3146
25	38	3155
28	35	3165
18	35	3166
21	23	3166
35	90	3166
27	35	3174
21	35	3175
27	35	3176
27	35	3177
35	36	3180
35	59	3182
35	82	3190
24	35	3191
35	73	3192
23	27	3194
21	35	3197
35	50	3197
30	35	3198
35	87	3200
9	35	3204
35	84	3204
1	94	3206
35	38	3206
18	49	3207
23	35	3212
27	35	3212
27	35	3214
35	75	3215
27	35	3219
35	89	3223
35	48	3224
48	64	3229
10	35	3235
21	94	3244
18	35	3248
9	35	3250
38	49	3250
10	35	3253
35	37	3257
35	72	3257
15	35	3261
10	35	3263
13	97	3264
18	35	3266
27	47	3268
35	70	3268
35	36	3276
8	19	3280
35	63	3282
1	35	3290
35	95	3297
72	73	3298
0	35	3299
35	89	3299
35	51	3299
23	35	3302
27	38	3306
35	41	3309
28	35	3311
27	35	3316
32	35	3316
21	35	3319
35	70	3319
21	35	3320
35	64	3322
35	68	3323
35	38	3325
35	97	3326
21	35	3328
31	35	3330
35	38	3337
35	44	3340
27	89	3350
23	35	3364
17	81	3365
35	54	3367
21	35	3368
35	47	3369
35	83	3369
35	41	3369
27	35	3374
3	35	3377
27	87	3380
16	27	3382
76	93	3383
35	98	3384
35	45	3384
35	95	3393
10	35	3395
35	47	3398
35	88	3398
35	69	3400
35	45	3412
35	56	3416
21	35	3419
35	38	3420
31	35	3422
35	40	3422
28	35	3423
61	63	3432
13	35	3437
32	35	3437
35	43	3437
10	35	3440
35	91	3440
35	63	3440
27	38	3442
30	73	3443
27	35	3444
35	71	3448
23	35	3452
34	35	3453
19	35	3455
27	57	3460
35	49	3460
21	35	3465
31	47	3465
35	49	3465
5	23	3473
18	35	3488
23	59	3491
35	38	3491
35	96	3492
35	49	3493
21	35	3505
33	35	3511
57	98	3514
64	90	3516
0	87	3524
35	74	3526
38	94	3527
50	75	3528
21	35	3530
35	50	3538
35	38	3539
27	35	3542
74	81	3545
21	49	3551
35	91	3552
35	42	3552
0	35	3558
35	68	3564
35	49	3569
21	35	3574
24	27	3576
35	38	3578
21	51	3579
24	35	3579
35	70	3579
35	49	3582
35	73	3584
35	51	3586
27	35	3591
35	53	3592
15	73	3594
35	68	3595
35	98	3609
21	28	3610
35	38	3611
35	98	3611
35	52	3616
14	35	3618
5	35	3619
35	91	3619
11	67	3621
35	49	3624
35	65	3624
35	67	3626
35	70	3633
21	49	3636
32	35	3637
35	42	3637
35	38	3638
35	71	3639
0	22	3642
35	84	3646
29	35	3647
35	45	3647
35	49	3650
5	35	3658
35	49	3660
32	35	3663
21	35	3665
27	35	3665
35	58	3667
21	35	3672
30	35	3677
35	73	3681
35	73	3685
35	38	3685
35	99	3688
27	35	3689
35	61	3691
35	49	3697
49	94	3699
35	73	3701
38	59	3701
35	71	3703
35	59	3704
35	87	3707
27	59	3708
35	47	3711
35	86	3716
35	44	3719
35	63	3719
40	66	3723
21	98	3726
21	34	3727
35	44	3727
35	38	3728
35	77	3728
35	38	3731
15	79	3732
6	35	3739
38	57	3739
35	86	3747
7	60	3749
35	98	3749
14	35	3752
27	35	3757
35	87	3757
21	35	3758
35	42	3758
0	35	3761
8	35	3762
35	49	3762
21	35	3768
32	98	3771
35	73	3771
35	48	3774
14	47	3778
25	35	3779
35	92	3779
35	38	3783
37	44	3784
35	36	3785
35	37	3785
35	78	3788
3	35	3792
26	48	3792
35	98	3795
21	35	3796
35	38	3796
35	84	3796
21	67	3797
10	35	3799
35	65	3801
35	90	3804
12	27	3807
35	69	3807
35	86	3810
8	35	3813
21	27	3813
35	93	3815
27	35	3819
27	91	3819
41	90	3820
35	73	3824
24	35	3828
1	28	3834
1	18	3835
35	74	3838
29	35	3840
35	72	3840
35	58	3842
23	35	3849
27	35	3849
34	52	3849
21	35	3853
35	49	3853
35	52	3854
34	35	3856
35	78	3857
35	80	3858
35	82	3860
5	18	3861
27	35	3864
35	78	3865
35	92	3867
0	35	3870
35	55	3873
35	73	3874
35	97	3874
21	35	3875
69	94	3878
35	49	3879
27	35	3883
35	64	3885
35	65	3886
25	35	3888
35	62	3889
35	90	3891
0	38	3897
35	50	3901
31	35	3910
35	49	3911
35	67	3911
35	50	3913
35	49	3914
21	93	3920
27	35	3926
35	96	3926
26	47	3927
35	54	3927
35	73	3928
35	69	3929
27	35	3930
27	46	3931
34	35	3933
35	61	3933
35	50	3938
35	49	3939
35	88	3942
35	38	3943
23	35	3948
35	73	3953
21	40	3954
30	35	3955
35	66	3957
35	73	3958
21	35	3960
23	63	3964
27	35	3966
28	49	3966
27	35	3977
35	47	3977
23	35	3980
35	86	3984
35	38	3985
35	56	3991
70	93	3992
27	35	3995
23	35	4001
35	90	4003
38	47	4007
21	35	4008
23	32	4009
21	35	4011
68	98	4013
10	35	4017
27	35	4019
35	99	4019
35	53	4020
50	85	4021
27	35	4022
35	38	4022
35	73	4024
37	98	4024
35	42	4026
35	70	4027
2	17	4029
35	46	4029
10	35	4037
35	70	4037
35	70	4040
23	35	4043
35	73	4044
35	92	4046
64	91	4049
21	35	4051
22	35	4051
27	35	4057
27	79	4057
13	35	4061
10	27	4062
35	86	4062
21	35	4063
35	47	4063
47	50	4063
35	42	4066
27	57	4073
35	73	4074
35	47	4074
27	35	4076
35	47	4081
15	73	4085
21	35	4087
0	49	4089
27	35	4092
44	49	4093
35	49	4094
27	65	4098
31	62	4102
35	98	4102
35	48	4102
35	41	4103
35	49	4104
35	94	4104
5	56	4105
27	35	4105
35	86	4109
7	35	4116
11	90	4118
21	23	4121
27	35	4126
32	35	4126
35	54	4128
38	46	4128
35	91	4132
35	56	4132
8	87	4140
35	73	4143
35	49	4144
35	36	4144
35	96	4149
13	35	4151
51	73	4155
35	52	4159
35	73	4165
35	67	4166
35	87	4168
35	90	4170
35	78	4171
35	87	4177
25	56	4187
31	35	4192
10	79	4194
27	35	4195
21	35	4196
69	73	4198
21	35	4199
21	35	4201
35	81	4202
23	65	4208
35	38	4212
8	35	4215
35	78	4216
27	35	4219
21	35	4226
35	83	4227
47	73	4231
27	35	4232
35	93	4232
21	43	4233
61	86	4238
35	86	4242
35	90	4249
9	35	4250
10	21	4255
21	49	4255
6	35	4258
7	35	4260
21	25	4268
47	73	4270
27	98	4271
27	35	4274
35	64	4274
10	35	4278
21	23	4278
32	35	4278
35	43	4278
23	27	4279
35	37	4282
11	71	4283
35	73	4285
35	91	4286
35	45	4289
21	35	4295
18	35	4296
27	35	4303
18	35	4304
35	98	4307
27	35	4309
0	27	4310
21	52	4313
35	67	4313
35	92	4319
35	36	4323
35	93	4325
27	38	4326
35	70	4328
52	73	4332
27	35	4337
3	35	4341
23	35	4341
35	74	4342
27	35	4343
35	73	4343
35	86	4346
35	61	4354
27	98	4357
35	47	4357
35	37	4357
13	35	4362
27	46	4367
24	35	4370
35	37	4370
35	49	4371
35	84	4379
21	44	4382
35	57	4384
45	98	4384
0	35	4385
21	27	4388
35	45	4388
21	35	4389
35	93	4389
35	51	4393
35	64	4394
24	35	4398
14	35	4400
35	83	4400
27	29	4404
6	49	4406
18	35	4411
27	35	4411
25	35	4414
0	35	4420
35	54	4421
27	51	4422
35	50	4422
27	35	4424
21	23	4432
35	90	4434
35	73	4435
27	35	4436
35	87	4437
35	99	4439
12	70	4441
21	75	4441
20	35	4448
15	35	4449
35	49	4449
35	48	4451
27	42	4454
23	35	4463
38	73	4463
21	49	4465
35	64	4467
37	58	4472
35	38	4473
35	47	4474
35	56	4476
21	35	4478
35	52	4480
35	98	4481
35	59	4483
21	73	4488
21	35	4491
5	50	4492
32	88	4494
35	38	4496
35	73	4497
21	23	4501
21	35	4502
32	35	4507
35	47	4507
35	64	4510
38	75	4514
27	89	4516
85	90	4516
8	35	4518
35	80	4519
24	35	4521
35	98	4521
35	73	4522
35	51	4526
35	69	4526
27	35	4533
15	35	4536
35	93	4538
15	27	4539
21	23	4541
35	52	4542
28	35	4546
31	35	4547
35	50	4547
35	69	4548
29	35	4552
0	60	4555
35	38	4558
27	35	4559
35	47	4561
27	35	4562
35	38	4567
21	35	4570
35	50	4574
23	35	4576
27	35	4578
35	47	4585
35	87	4586
11	35	4587
35	65	4588
35	38	4589
35	83	4592
35	38	4594
23	35	4595
35	93	4596
35	81	4601
21	35	4602
35	49	4603
1	35	4606
35	56	4606
27	35	4607
35	93	4609
0	35	4610
10	35	4610
35	70	4614
35	92	4614
18	35	4616
50	88	4621
27	49	4623
35	94	4623
10	46	4626
21	35	4632
21	82	4637
35	97	4637
9	35	4640
35	91	4651
21	35	4652
35	39	4654
35	49	4655
35	58	4656
21	35	4657
8	38	4659
35	84	4662
35	58	4671
35	61	4672
36	98	4675
35	38	4677
0	98	4682
23	35	4682
35	81	4689
27	35	4690
35	60	4690
21	35	4691
23	98	4695
21	46	4696
35	49	4704
21	35	4705
32	35	4707
21	38	4709
21	93	4714
24	35	4717
9	68	4722
35	47	4723
35	95	4724
47	50	4724
24	35	4725
35	50	4725
73	97	4726
21	35	4727
14	73	4728
29	35	4732
35	62	4733
35	67	4734
23	35	4737
35	73	4739
10	53	4745
35	96	4747
5	35	4748
35	70	4748
35	67	4750
27	35	4754
35	87	4757
38	77	4766
35	76	4769
49	73	4770
32	91	4771
16	35	4777
23	35	4777
21	35	4778
4	29	4784
35	85	4785
35	93	4787
26	35	4794
13	35	4795
8	35	4798
29	35	4801
35	60	4804
35	59	4808
27	80	4809
19	35	4813
40	72	4814
19	35	4818
21	35	4818
13	97	4819
35	43	4819
35	54	4819
35	86	4820
35	47	4824
29	35	4826
21	35	4830
90	96	4842
35	62	4845
27	35	4846
35	47	4847
5	35	4852
35	77	4852
35	73	4858
10	35	4861
5	21	4864
15	35	4866
21	35	4866
35	48	4867
21	35	4869
35	76	4872
35	81	4873
35	70	4874
35	51	4874
35	56	4884
36	87	4885
21	35	4886
13	73	4887
35	58	4887
24	42	4891
27	35	4893
35	71	4894
70	91	4900
19	43	4901
35	73	4902
5	35	4903
25	35	4906
35	87	4906
35	40	4910
32	35	4913
35	90	4913
15	35	4914
30	35	4915
35	81	4917
27	43	4918
70	98	4918
47	76	4920
30	35	4922
35	92	4922
21	32	4927
32	35	4927
22	35	4929
35	49	4932
35	84	4932
35	80	4935
35	77	4937
35	38	4946
35	98	4946
35	93	4947
32	35	4951
24	49	4952
27	51	4954
10	35	4963
1	93	4966
35	47	4967
27	86	4970
35	73	4974
50	93	4974
35	73	4975
35	51	4978
35	38	4980
35	38	4983
49	70	4983
35	43	4984
35	72	4984
1	35	4986
35	77	4987
35	98	4992
35	89	4992
35	87	4993
35	69	4993
37	50	4993
32	35	5001
27	73	5002
21	26	5004
27	35	5006
35	49	5009
35	73	5010
35	73	5014
0	35	5015
35	74	5017
21	35	5019
35	67	5021
35	46	5022
27	98	5023
27	35	5029
21	35	5030
35	58	5030
21	38	5031
35	59	5035
35	93	5038
35	68	5040
0	35	5042
35	69	5042
34	35	5044
27	35	5046
34	66	5046
35	82	5049
27	35	5050
23	35	5055
31	49	5056
33	35	5059
35	73	5061
35	36	5061
21	35	5063
23	96	5067
28	35	5069
0	35	5071
35	91	5072
35	51	5072
24	35	5077
27	35	5077
13	35	5079
0	35	5082
35	65	5084
35	96	5085
58	91	5086
35	47	5089
35	44	5097
35	70	5099
35	61	5100
35	70	5102
35	56	5104
35	63	5104
21	35	5106
58	73	5106
24	48	5107
4	90	5111
35	52	5111
35	57	5116
18	35	5117
35	71	5123
35	46	5124
35	91	5128
35	87	5129
27	38	5130
27	35	5131
35	41	5138
35	62	5142
21	35	5149
30	35	5149
35	49	5151
35	67	5154
35	96	5157
27	35	5162
2	35	5168
35	87	5170
35	47	5173
35	89	5174
21	35	5177
27	35	5177
29	35	5181
35	86	5183
25	35	5188
35	81	5188
18	35	5190
27	35	5199
35	70	5199
35	58	5199
35	92	5201
35	61	5202
35	93	5204
35	89	5206
21	35	5207
44	49	5211
21	70	5213
35	56	5214
26	49	5215
35	98	5217
15	35	5222
27	45	5223
35	42	5224
17	93	5227
35	86	5228
25	51	5230
2	49	5232
38	78	5235
35	88	5239
27	36	5240
26	35	5241
35	84	5242
21	35	5244
35	94	5244
35	98	5247
35	57	5248
21	24	5249
23	35	5251
44	98	5253
35	38	5255
35	82	5258
24	35	5260
32	35	5260
35	65	5260
8	67	5263
4	35	5267
35	70	5267
35	84	5269
35	82	5277
35	74	5277
6	35	5281
21	35	5283
27	91	5283
21	35	5286
35	49	5286
27	87	5287
0	35	5288
5	8	5288
38	91	5291
21	35	5295
35	70	5296
8	35	5297
59	97	5299
0	35	5302
8	35	5303
30	35	5306
68	91	5306
24	35	5307
35	52	5307
21	23	5312
35	47	5312
24	35	5313
18	35	5314
35	52	5317
35	82	5321
72	98	5323
15	35	5325
21	35	5326
27	35	5326
35	36	5330
31	35	5334
35	46	5335
35	61	5336
1	35	5340
35	38	5341
27	35	5344
35	74	5345
35	41	5350
21	35	5351
35	66	5353
35	40	5353
20	35	5354
27	35	5357
27	35	5359
21	35	5360
35	36	5361
35	63	5361
21	35	5365
21	37	5365
35	99	5372
21	38	5374
27	35	5374
21	27	5380
21	35	5383
35	49	5388
35	85	5388
21	74	5389
35	96	5392
2	35	5401
35	73	5403
35	38	5403
27	35	5416
35	38	5418
35	38	5419
35	46	5420
23	35	5423
55	89	5424
0	35	5425
3	97	5426
15	83	5427
35	89	5428
81	98	5431
35	47	5436
11	61	5440
44	90	5440
35	47	5443
34	73	5444
9	35	5445
29	35	5445
35	37	5445
27	35	5448
35	60	5448
27	35	5451
35	73	5451
15	35	5458
18	35	5458
35	79	5461
21	35	5462
35	70	5464
35	42	5464
35	70	5465
35	90	5468
35	93	5471
35	58	5472
35	38	5475
35	73	5476
27	35	5478
35	64	5481
35	91	5484
10	96	5486
27	35	5487
35	47	5487
35	49	5489
1	35	5490
35	50	5496
73	98	5498
35	46	5499
30	35	5504
35	90	5504
35	91	5505
35	49	5506
19	35	5508
27	68	5508
18	21	5515
35	89	5520
35	42	5520
32	35	5522
10	35	5524
23	35	5524
36	52	5528
35	71	5529
21	35	5530
35	98	5531
21	35	5536
21	36	5539
35	99	5545
19	65	5547
16	35	5549
21	35	5549
35	93	5553
35	69	5553
31	35	5555
23	35	5567
35	46	5570
23	35	5574
27	47	5575
35	98	5575
35	79	5575
35	49	5580
35	38	5582
51	96	5583
23	73	5586
35	38	5588
32	35	5590
32	35	5592
35	38	5592
35	55	5593
50	93	5594
35	73	5602
11	35	5603
35	67	5604
10	35	5605
15	35	5605
35	98	5606
23	35	5608
23	35	5610
49	61	5610
73	88	5610
21	73	5614
35	47	5616
35	73	5617
32	35	5619
35	73	5619
35	54	5622
35	61	5629
35	80	5633
35	82	5634
15	35	5645
21	35	5646
27	35	5649
15	38	5653
27	35	5653
35	70	5655
35	38	5656
27	35	5660
35	37	5661
35	66	5661
8	35	5668
35	46	5668
35	87	5674
15	35	5680
35	98	5680
35	93	5680
0	95	5684
35	92	5685
0	35	5687
35	73	5687
9	25	5689
35	97	5692
38	74	5695
27	37	5700
35	53	5706
35	70	5715
23	99	5716
35	50	5722
35	43	5722
35	52	5723
77	79	5723
21	35	5725
21	79	5725
35	56	5725
33	35	5727
0	35	5728
23	49	5728
35	70	5732
23	35	5735
35	99	5735
27	35	5736
35	44	5736
27	45	5740
35	58	5745
6	35	5748
10	35	5749
21	35	5750
35	98	5753
35	38	5759
5	49	5768
15	30	5770
21	30	5773
35	54	5774
65	98	5774
35	80	5775
84	88	5776
23	28	5782
35	66	5783
27	35	5785
35	93	5785
38	61	5785
35	70	5788
0	24	5789
35	38	5792
35	49	5793
33	49	5798
35	54	5803
55	98	5804
35	66	5805
21	80	5814
35	62	5816
23	37	5818
0	35	5826
23	35	5832
35	38	5834
35	38	5835
21	35	5837
50	63	5837
11	35	5838
23	27	5838
35	52	5838
17	35	5842
35	96	5843
27	35	5846
35	83	5848
27	35	5849
21	35	5860
10	35	5862
21	35	5862
21	35	5863
35	48	5870
16	35	5872
32	33	5874
35	60	5875
35	91	5877
21	35	5879
35	49	5881
35	48	5887
35	50	5889
35	52	5890
21	35	5894
35	70	5896
39	93	5897
32	35	5899
24	35	5900
10	35	5902
35	49	5903
36	92	5909
35	46	5911
35	73	5913
26	49	5914
35	47	5915
35	38	5917
35	91	5920
35	47	5922
0	97	5925
15	35	5926
18	35	5926
35	49	5927
35	87	5928
27	35	5929
35	52	5930
15	35	5933
35	78	5933
38	49	5941
6	35	5942
35	49	5942
35	75	5942
9	67	5950
35	60	5950
1	35	5951
35	50	5951
27	82	5953
35	50	5955
14	35	5956
32	35	5957
51	73	5958
27	35	5961
35	73	5962
35	36	5962
35	64	5962
35	86	5963
27	35	5964
35	93	5964
35	53	5964
35	73	5965
21	35	5966
9	35	5967
27	35	5969
35	49	5969
35	38	5974
35	76	5974
27	35	5976
35	37	5978
35	48	5989
35	49	5993
1	35	5996
2	35	5996
29	52	6004
27	35	6005
24	35	6011
35	97	6012
29	32	6013
35	73	6013
35	43	6020
35	38	6024
21	35	6027
35	89	6029
21	67	6033
21	35	6034
35	47	6034
35	67	6038
26	35	6042
10	35	6045
0	35	6047
35	73	6051
21	35	6052
35	46	6053
35	82	6057
9	35	6058
10	35	6061
35	90	6064
35	87	6064
35	70	6065
18	35	6069
11	35	6070
27	35	6070
35	98	6075
35	49	6077
35	91	6077
21	35	6080
15	38	6082
27	35	6084
35	71	6084
4	91	6085
23	35	6088
35	49	6089
35	54	6092
21	43	6096
21	45	6096
35	49	6096
35	38	6096
35	47	6097
21	98	6098
21	52	6098
27	44	6098
27	73	6099
35	50	6101
27	29	6109
38	47	6109
35	65	6113
35	81	6114
35	66	6116
27	80	6120
48	49	6125
8	24	6126
35	70	6126
36	94	6128
35	87	6133
21	35	6135
9	35	6138
35	99	6140
41	98	6141
49	73	6141
27	35	6146
35	88	6148
55	71	6148
49	76	6150
35	61	6152
21	35	6153
35	61	6153
35	38	6155
35	86	6155
68	73	6157
32	35	6162
35	60	6165
35	49	6168
35	38	6170
35	47	6173
21	35	6175
5	35	6176
32	35	6176
34	35	6176
35	73	6180
21	35	6186
27	65	6186
6	35	6188
35	38	6189
35	67	6191
12	35	6194
15	84	6196
27	35	6196
35	56	6198
35	37	6202
30	51	6203
35	91	6203
35	93	6206
35	47	6210
35	93	6210
35	77	6210
27	35	6212
35	65	6212
35	56	6213
23	35	6215
27	35	6215
35	44	6215
35	82	6215
35	94	6218
35	49	6222
24	35	6225
2	35	6226
22	35	6228
23	35	6230
31	37	6232
35	51	6234
23	69	6246
35	87	6247
35	47	6249
35	49	6251
21	81	6256
35	61	6257
35	90	6259
21	49	6261
11	35	6269
35	39	6272
15	35	6273
21	35	6277
35	38	6278
27	35	6281
21	35	6284
18	90	6290
35	66	6291
16	32	6295
35	98	6297
35	49	6303
15	77	6304
22	73	6304
35	51	6306
23	35	6307
27	35	6311
21	35	6315
21	35	6316
23	35	6317
35	98	6319
35	78	6320
14	35	6324
21	35	6324
35	38	6324
27	35	6337
27	38	6338
49	65	6338
35	70	6340
27	35	6344
32	35	6347
18	35	6351
70	98	6354
27	35	6356
21	26	6359
35	94	6363
21	35	6364
1	35	6366
35	91	6366
22	35	6367
35	54	6367
35	73	6369
27	35	6371
12	35	6378
32	35	6378
35	47	6381
23	87	6383
27	35	6388
9	35	6390
35	50	6390
35	40	6390
21	35	6397
23	35	6397
35	50	6397
27	35	6398
35	56	6398
14	35	6400
35	89	6401
35	87	6405
35	98	6406
15	35	6407
35	60	6407
35	90	6416
23	49	6419
35	84	6419
35	90	6423
10	35	6424
27	35	6424
0	35	6425
5	35	6426
23	35	6426
35	38	6426
35	80	6433
43	47	6434
23	52	6435
35	38	6437
18	35	6439
35	70	6442
21	35	6447
32	35	6450
21	87	6452
23	35	6453
27	35	6453
35	73	6455
5	35	6459
32	35	6462
35	52	6462
27	35	6463
35	91	6463
35	86	6464
21	35	6465
23	35	6466
35	89	6469
21	35	6472
23	35	6473
35	70	6476
23	35	6478
49	73	6480
24	35	6483
27	98	6484
35	81	6494
4	35	6495
52	82	6496
35	63	6499
35	97	6501
35	59	6505
21	49	6506
4	35	6508
3	35	6518
15	36	6519
35	49	6519
35	36	6519
35	43	6521
35	89	6525
21	35	6526
35	51	6526
27	60	6529
35	38	6530
35	97	6532
20	48	6536
35	41	6538
21	35	6540
35	72	6545
35	99	6546
2	35	6547
35	92	6547
35	87	6548
27	35	6549
35	73	6557
35	73	6561
19	27	6562
27	35	6562
21	35	6568
23	35	6568
33	35	6571
18	35	6575
11	93	6578
21	60	6578
11	35	6579
27	73	6581
27	35	6587
35	67	6591
35	38	6592
3	49	6593
2	47	6595
48	80	6596
35	94	6598
35	98	6599
23	35	6600
27	35	6601
35	98	6603
35	57	6603
35	38	6604
21	35	6606
21	35	6612
35	73	6612
24	35	6614
5	35	6616
35	73	6616
35	54	6620
35	90	6621
16	35	6624
35	79	6624
35	63	6629
7	35	6633
20	21	6640
35	52	6643
35	49	6646
46	91	6650
35	65	6651
34	35	6652
35	74	6654
35	73	6655
35	46	6655
35	82	6656
35	56	6657
27	35	6659
47	82	6661
35	92	6662
35	47	6664
6	35	6669
27	35	6669
35	50	6670
4	35	6675
35	65	6679
35	66	6682
23	63	6684
35	47	6684
35	49	6685
35	71	6685
35	96	6686
27	35	6687
35	37	6688
35	43	6690
32	52	6691
35	94	6693
35	61	6694
23	35	6695
8	35	6697
35	52	6701
44	51	6701
70	94	6702
27	35	6712
27	35	6721
27	96	6721
35	54	6726
21	79	6728
8	35	6729
10	32	6729
26	35	6732
73	87	6738
25	35	6739
27	29	6741
35	44	6741
35	57	6745
35	46	6752
35	78	6755
35	38	6756
73	98	6756
35	87	6757
27	35	6758
21	35	6759
32	35	6760
35	89	6762
35	73	6764
35	93	6764
13	35	6767
35	83	6771
21	35	6773
35	51	6774
8	90	6775
15	35	6775
21	35	6776
35	93	6778
35	44	6778
20	35	6781
4	71	6782
38	73	6783
21	35	6784
35	73	6786
35	43	6787
23	27	6790
27	89	6797
27	35	6801
35	73	6802
35	73	6803
24	35	6805
35	36	6810
35	89	6811
23	35	6813
27	35	6816
23	35	6818
35	99	6818
49	62	6824
35	70	6826
35	49	6830
35	48	6836
35	44	6836
21	35	6837
34	35	6838
27	35	6840
35	46	6842
35	69	6844
35	73	6846
35	50	6846
35	46	6854
18	23	6856
35	71	6865
35	93	6866
19	35	6867
35	52	6867
35	37	6867
35	93	6871
21	35	6882
35	66	6885
35	47	6891
35	46	6897
49	91	6898
9	21	6899
2	82	6900
24	35	6910
27	35	6912
27	35	6913
0	35	6914
21	35	6914
35	90	6915
35	49	6919
35	96	6921
21	35	6922
35	53	6927
35	73	6929
32	91	6933
27	32	6935
35	62	6938
35	63	6939
35	49	6943
70	92	6947
35	80	6951
17	35	6952
28	35	6957
35	41	6962
35	37	6963
35	37	6972
70	89	6972
35	49	6973
35	38	6973
35	47	6984
35	38	6986
29	35	6989
35	91	6989
35	36	6991
64	68	6996
35	61	6999
4	35	7000
35	38	7005
5	35	7006
21	70	7006
23	35	7006
33	35	7008
10	35	7010
21	35	7010
35	75	7010
16	35	7011
23	35	7011
35	90	7014
35	42	7017
35	92	7019
37	43	7019
35	95	7022
44	98	7026
35	70	7027
19	35	7028
32	98	7028
35	52	7030
35	98	7033
35	91	7035
21	35	7036
27	35	7038
35	98	7038
18	35	7039
35	98	7044
35	47	7046
1	50	7047
23	89	7047
35	40	7053
27	35	7057
27	85	7057
21	35	7058
35	71	7058
35	84	7061
27	35	7063
35	62	7063
21	35	7065
21	23	7065
35	38	7074
18	35	7076
35	47	7077
35	87	7077
35	78	7077
7	92	7080
35	58	7080
10	35	7083
35	99	7083
0	27	7086
35	65	7090
23	47	7095
33	35	7097
35	73	7105
21	35	7110
35	85	7112
27	73	7114
35	36	7114
47	67	7115
35	38	7118
13	35	7119
35	59	7119
17	33	7121
35	49	7121
32	35	7122
35	46	7122
35	43	7123
35	50	7125
27	35	7127
27	35	7132
35	65	7132
23	45	7133
35	50	7142
35	56	7144
22	35	7146
35	90	7147
27	35	7155
27	35	7156
35	73	7157
24	35	7160
28	47	7160
35	48	7171
15	59	7173
35	99	7175
23	35	7176
27	35	7178
35	51	7178
35	76	7179
35	66	7182
35	73	7184
27	35	7185
0	35	7193
35	48	7194
35	57	7195
4	91	7197
21	35	7200
65	90	7202
35	49	7204
0	72	7205
21	35	7210
0	35	7211
21	91	7214
35	49	7235
21	35	7239
27	35	7239
26	35	7240
35	98	7240
19	35	7241
35	55	7241
15	23	7244
35	73	7245
3	21	7250
21	35	7254
3	35	7257
21	35	7262
35	98	7262
35	52	7263
21	30	7265
35	47	7265
32	35	7266
46	60	7276
81	91	7278
21	35	7280
32	35	7281
35	38	7283
35	68	7287
48	49	7287
35	89	7290
35	54	7291
18	21	7295
35	73	7297
35	72	7297
35	98	7300
23	35	7302
35	89	7302
27	73	7303
25	35	7305
35	68	7318
35	45	7318
35	38	7319
21	35	7320
35	47	7326
23	53	7333
35	49	7341
35	83	7344
35	72	7345
35	56	7348
35	47	7352
27	35	7355
52	80	7358
0	35	7360
70	88	7371
35	77	7372
35	49	7373
35	38	7381
29	35	7382
35	40	7388
6	35	7390
35	70	7394
35	65	7394
75	93	7395
15	35	7398
4	98	7399
35	50	7399
28	35	7401
35	44	7401
27	35	7403
29	36	7405
78	92	7407
52	64	7413
35	93	7417
46	94	7417
27	84	7418
27	35	7419
35	38	7419
35	89	7419
0	35	7422
35	81	7423
35	36	7428
26	35	7433
21	35	7434
35	90	7440
35	48	7440
35	96	7440
35	49	7442
21	23	7444
61	65	7447
34	35	7448
27	35	7449
9	35	7451
35	70	7452
7	35	7455
21	35	7456
3	35	7459
27	35	7460
35	61	7467
35	48	7468
7	35	7472
21	66	7473
33	70	7474
21	35	7476
21	47	7477
35	73	7477
35	48	7478
35	49	7481
35	41	7483
35	91	7484
21	35	7485
23	35	7487
49	73	7487
0	21	7491
52	82	7495
24	37	7497
35	96	7497
35	93	7499
21	22	7500
46	50	7500
21	51	7501
32	35	7505
35	73	7509
5	47	7513
22	26	7513
35	40	7513
21	35	7516
35	40	7516
35	72	7519
35	38	7529
35	77	7530
35	73	7532
11	91	7535
21	35	7535
3	9	7537
35	70	7537
27	35	7538
35	49	7547
35	89	7550
35	85	7554
35	53	7555
21	35	7561
18	35	7562
87	90	7565
27	35	7571
37	98	7575
18	35	7580
35	50	7582
35	51	7582
32	35	7583
0	35	7584
11	35	7587
35	83	7587
21	35	7596
10	35	7601
21	42	7601
35	65	7602
15	35	7603
21	35	7603
5	35	7609
35	38	7609
21	35	7620
33	35	7620
36	76	7621
27	47	7634
35	38	7637
35	61	7638
35	91	7639
10	21	7640
23	35	7641
35	98	7642
35	87	7642
20	93	7644
35	81	7644
21	35	7645
35	89	7646
21	35	7651
35	38	7654
35	76	7655
21	35	7657
20	35	7660
33	35	7660
35	39	7660
35	88	7660
27	35	7662
13	35	7671
33	35	7675
35	86	7676
35	49	7677
35	97	7679
20	35	7680
35	49	7684
10	35	7685
32	35	7685
39	47	7685
21	35	7690
35	90	7690
35	73	7694
35	75	7694
10	35	7705
35	73	7706
35	73	7708
35	38	7708
21	35	7709
27	35	7709
27	35	7715
35	95	7717
35	98	7729
35	59	7730
35	70	7732
21	43	7736
35	82	7738
35	49	7740
35	71	7741
23	34	7742
27	35	7745
5	35	7751
27	67	7753
35	70	7754
47	90	7754
20	21	7756
18	47	7759
61	92	7759
35	96	7761
35	49	7763
15	35	7767
27	35	7776
35	71	7781
35	49	7784
9	35	7785
13	35	7787
29	35	7791
35	91	7791
35	96	7793
15	35	7798
30	73	7799
35	70	7799
11	35	7811
33	35	7814
35	46	7815
9	35	7816
35	50	7819
27	35	7820
21	42	7821
27	35	7824
23	35	7827
35	55	7827
21	35	7828
35	49	7828
35	49	7833
35	82	7833
20	35	7834
27	35	7839
18	35	7840
9	35	7841
32	35	7852
18	35	7856
21	35	7860
35	93	7862
35	94	7862
35	50	7863
35	49	7868
35	62	7871
35	75	7871
35	77	7876
35	88	7876
35	68	7881
27	35	7883
19	35	7885
21	83	7896
35	49	7897
35	47	7898
35	93	7900
49	90	7905
9	35	7912
24	35	7913
21	60	7920
35	97	7921
35	38	7924
35	96	7926
35	98	7931
35	68	7935
35	37	7938
21	35	7941
21	35	7942
35	73	7949
20	35	7952
35	93	7954
13	53	7957
27	35	7961
35	94	7967
11	35	7968
21	92	7970
35	38	7974
35	47	7976
8	35	7979
23	35	7980
35	38	7982
35	52	7982
35	91	7984
35	38	7988
27	35	7989
33	35	7990
21	35	7991
21	35	7994
29	35	7995
28	35	7997
23	35	7999
23	35	8004
35	66	8004
35	57	8006
27	35	8010
35	98	8012
21	35	8013
35	94	8013
57	61	8013
2	35	8014
10	35	8016
18	61	8016
50	58	8016
23	35	8018
51	68	8018
35	38	8020
1	35	8021
35	91	8023
35	64	8023
23	49	8026
7	35	8027
35	98	8027
9	48	8029
24	55	8031
27	35	8035
17	92	8037
35	88	8039
4	35	8042
18	79	8056
35	47	8057
20	35	8058
27	35	8066
40	71	8067
2	35	8068
21	35	8068
21	35	8069
35	44	8070
27	35	8072
35	84	8073
35	73	8074
27	38	8077
21	35	8081
23	35	8081
35	73	8081
35	40	8081
35	90	8086
8	47	8087
22	93	8087
35	73	8089
21	35	8091
32	35	8091
24	35	8096
21	49	8097
27	33	8097
35	72	8099
20	35	8103
35	91	8103
21	35	8104
38	47	8104
35	36	8113
35	55	8114
21	96	8116
35	86	8117
35	72	8118
35	80	8122
21	35	8127
31	35	8127
35	61	8134
27	35	8135
35	89	8135
2	89	8138
23	30	8145
35	47	8146
24	35	8147
35	68	8149
17	27	8153
9	35	8159
0	35	8165
35	90	8165
27	35	8170
35	98	8170
32	35	8171
35	91	8171
35	81	8173
29	35	8179
35	93	8179
23	35	8183
27	35	8183
35	73	8183
35	73	8189
35	92	8193
35	38	8200
23	35	8205
32	35	8213
2	73	8216
59	74	8222
32	35	8223
35	68	8223
35	41	8224
93	99	8224
14	35	8226
35	70	8228
7	35	8229
30	35	8230
35	73	8231
21	35	8233
32	35	8233
35	73	8236
27	35	8239
23	35	8243
30	35	8248
16	73	8250
27	35	8252
35	49	8254
43	47	8261
2	98	8271
5	35	8271
23	35	8272
35	36	8274
19	35	8276
35	52	8276
35	44	8281
35	55	8282
36	80	8283
35	47	8284
21	35	8290
35	84	8290
26	35	8291
23	27	8292
27	35	8302
41	72	8303
35	46	8305
21	35	8306
35	47	8306
47	87	8308
35	75	8310
27	35	8311
40	63	8317
35	95	8318
88	98	8319
35	95	8322
24	73	8323
11	27	8327
21	35	8329
35	47	8330
21	49	8334
35	73	8334
10	52	8336
35	77	8339
27	38	8340
35	41	8340
35	80	8340
27	35	8343
6	98	8344
49	86	8344
61	91	8348
35	70	8349
35	75	8352
70	96	8352
35	96	8353
35	57	8356
35	63	8360
24	35	8362
73	90	8364
35	73	8368
35	91	8371
27	98	8373
21	35	8374
35	91	8375
35	49	8376
21	35	8385
27	38	8391
35	98	8391
35	36	8391
28	35	8392
35	47	8393
21	35	8405
27	35	8405
35	47	8409
35	86	8410
21	27	8412
21	72	8412
32	35	8413
35	81	8413
35	38	8415
65	73	8415
10	35	8416
35	97	8421
21	35	8423
27	35	8424
27	35	8430
35	57	8431
0	35	8432
29	35	8432
35	48	8435
5	35	8437
35	49	8441
21	35	8445
35	49	8446
35	38	8450
23	35	8451
35	38	8451
35	43	8453
0	35	8455
27	52	8456
35	73	8459
35	38	8464
27	42	8475
7	35	8482
21	90	8482
21	35	8495
21	35	8500
35	49	8502
35	37	8503
35	89	8510
27	39	8518
23	35	8520
35	61	8522
0	52	8529
35	75	8529
27	35	8531
23	35	8535
38	70	8535
35	68	8536
17	35	8543
35	93	8545
35	91	8547
21	35	8548
35	95	8549
43	87	8549
21	61	8551
27	75	8557
35	48	8557
35	51	8560
35	83	8562
35	50	8563
0	35	8567
20	35	8569
4	35	8571
35	38	8572
35	72	8574
52	70	8587
35	58	8595
35	64	8595
0	83	8596
35	83	8596
35	73	8603
35	38	8603
35	38	8617
19	35	8621
17	35	8622
35	70	8627
35	91	8629
27	35	8630
35	91	8634
35	49	8635
35	49	8639
35	55	8639
49	98	8639
35	49	8641
35	39	8644
35	65	8650
35	44	8659
3	27	8660
21	35	8663
23	35	8665
27	35	8665
35	90	8665
32	38	8669
35	88	8669
6	92	8676
12	47	8676
35	57	8676
27	35	8677
18	72	8682
12	47	8683
35	70	8683
7	35	8687
28	35	8687
10	35	8690
35	67	8692
32	35	8693
35	73	8693
35	59	8695
35	62	8695
45	93	8696
26	73	8698
35	85	8699
86	89	8699
58	60	8700
21	27	8702
18	35	8707
21	35	8711
27	35	8711
23	73	8713
25	35	8715
28	35	8715
10	35	8716
10	17	8716
35	49	8717
63	93	8717
35	96	8718
35	48	8722
35	66	8725
35	50	8727
21	35	8729
5	35	8731
35	73	8732
35	68	8733
35	59	8734
35	73	8736
24	35	8738
27	32	8739
35	49	8740
35	77	8743
1	49	8745
47	73	8745
5	35	8750
21	42	8752
27	70	8758
27	35	8760
10	43	8762
48	73	8765
35	51	8766
32	35	8769
35	87	8769
27	35	8771
10	35	8776
35	70	8787
35	73	8790
35	62	8791
35	78	8792
10	35	8798
21	89	8801
24	44	8803
27	35	8803
11	35	8805
35	78	8806
21	35	8807
35	77	8809
20	35	8811
59	92	8811
49	58	8814
27	35	8815
35	73	8824
20	75	8829
10	21	8830
34	96	8833
35	42	8834
35	72	8836
35	47	8840
2	35	8844
35	88	8846
35	98	8850
35	70	8850
35	46	8853
25	35	8855
23	35	8856
0	35	8858
35	47	8858
38	86	8864
8	27	8871
21	35	8871
56	92	8873
32	35	8874
27	35	8875
35	56	8876
27	38	8878
35	89	8882
21	35	8884
35	70	8884
35	91	8885
21	35	8887
35	75	8888
13	21	8889
35	87	8897
10	35	8907
35	91	8908
90	91	8910
21	35	8912
17	28	8917
26	35	8917
35	49	8917
30	35	8920
13	35	8925
35	91	8926
27	35	8927
10	23	8929
23	35	8929
35	70	8932
20	37	8940
35	91	8941
27	38	8942
21	37	8943
27	35	8945
35	98	8949
35	50	8949
35	55	8949
38	97	8949
20	35	8951
21	35	8952
35	75	8953
10	65	8954
27	35	8961
35	90	8962
35	47	8963
47	54	8966
35	98	8968
35	87	8971
35	57	8975
21	35	8978
9	35	8981
28	35	8982
20	35	8987
35	62	8989
27	35	8991
35	39	8993
35	49	8994
20	36	8997
61	73	8997
27	80	8999
35	67	9008
35	38	9011
35	42	9011
35	83	9019
35	97	9020
21	35	9028
29	57	9031
28	35	9033
35	37	9034
35	56	9038
29	96	9046
35	61	9046
2	21	9054
63	67	9054
1	35	9058
9	36	9059
35	89	9062
35	60	9064
43	52	9065
35	92	9067
21	58	9071
28	35	9071
35	91	9071
27	98	9073
35	48	9076
35	89	9076
35	94	9077
15	35	9084
32	38	9085
47	98	9087
31	35	9088
10	35	9090
15	35	9092
24	35	9097
35	52	9098
21	38	9103
35	83	9105
7	35	9111
32	35	9115
35	54	9118
35	92	9119
35	49	9120
23	35	9121
35	55	9128
35	61	9133
35	73	9136
27	35	9137
35	91	9141
18	35	9146
21	73	9151
35	49	9154
35	96	9155
29	73	9160
35	97	9160
3	58	9161
35	82	9172
21	47	9173
35	70	9174
27	56	9179
35	68	9181
35	96	9182
27	35	9184
35	96	9188
27	73	9190
35	47	9190
35	65	9193
35	98	9194
21	74	9196
21	52	9198
35	46	9199
35	47	9200
35	36	9200
90	93	9202
35	90	9204
23	35	9207
35	98	9207
1	35	9208
2	35	9208
21	35	9214
6	35	9219
4	80	9221
35	73	9226
6	35	9227
35	92	9228
27	35	9231
35	37	9243
27	35	9249
35	52	9257
47	98	9257
21	35	9258
35	87	9259
35	72	9265
35	73	9272
23	35	9274
0	35	9278
52	73	9278
35	59	9279
35	78	9281
35	89	9282
35	38	9283
24	35	9286
35	70	9286
27	35	9291
21	35	9292
46	70	9295
30	35	9297
35	98	9299
35	59	9299
50	90	9299
23	48	9300
8	35	9302
22	27	9302
35	47	9308
35	38	9309
35	46	9312
35	98	9314
35	83	9317
21	35	9322
27	77	9323
21	35	9324
35	86	9324
15	35	9325
35	36	9325
35	70	9327
35	73	9328
21	35	9330
7	17	9331
10	21	9331
35	38	9335
23	35	9340
35	36	9344
35	47	9345
10	84	9349
21	35	9350
35	70	9353
8	35	9355
21	70	9355
35	66	9357
35	38	9358
35	67	9358
35	83	9364
38	73	9370
35	73	9372
42	54	9372
35	86	9373
35	91	9374
35	49	9375
35	47	9375
43	89	9381
28	49	9382
35	84	9382
35	74	9383
27	35	9384
35	59	9388
35	74	9389
27	35	9394
35	36	9404
27	35	9409
35	98	9414
17	35	9416
35	92	9420
35	62	9422
35	47	9429
35	70	9429
35	38	9433
35	47	9435
6	70	9441
27	35	9443
27	80	9445
27	35	9447
70	84	9460
17	35	9461
27	35	9461
35	47	9461
5	49	9465
47	73	9470
27	35	9471
24	35	9473
5	35	9475
23	35	9475
21	73	9476
35	89	9476
57	68	9481
21	35	9483
27	35	9484
35	63	9485
21	61	9492
23	35	9492
0	23	9493
27	35	9496
35	73	9497
21	35	9500
33	49	9504
35	73	9504
35	96	9504
68	82	9504
10	35	9505
23	73	9507
35	50	9509
35	88	9509
0	35	9512
35	47	9517
16	35	9518
6	59	9519
24	35	9520
35	91	9529
27	35	9531
35	50	9536
35	36	9546
21	35	9548
27	35	9549
35	96	9552
0	35	9558
15	35	9563
35	62	9563
27	35	9575
35	83	9579
35	83	9583
21	47	9587
11	23	9591
35	62	9592
29	35	9593
21	49	9597
35	73	9600
35	92	9601
21	35	9602
35	73	9602
35	53	9603
35	93	9605
20	49	9607
23	35	9607
35	38	9620
35	44	9620
47	49	9620
35	83	9621
23	35	9623
35	73	9628
21	35	9633
90	91	9635
35	95	9639
27	35	9640
30	35	9641
7	35	9650
35	81	9650
49	52	9653
32	35	9664
35	49	9668
35	67	9668
73	96	9670
8	35	9674
27	38	9674
49	51	9676
35	90	9678
35	63	9678
27	35	9680
50	98	9680
21	35	9682
35	73	9683
35	73	9684
30	35	9685
35	67	9692
35	96	9696
35	38	9698
35	83	9698
21	35	9699
35	47	9703
35	78	9703
32	35	9706
35	49	9714
27	35	9727
70	98	9727
1	35	9734
35	98	9740
21	59	9741
35	38	9741
1	35	9743
35	73	9744
24	37	9750
10	35	9754
21	47	9756
35	89	9757
35	93	9765
35	71	9768
35	57	9769
49	96	9773
21	35	9774
35	83	9777
21	32	9779
0	27	9780
23	35	9780
18	21	9782
13	35	9789
35	92	9792
18	89	9795
35	90	9795
40	93	9797
35	89	9798
35	61	9798
35	49	9804
35	54	9809
35	61	9810
5	35	9818
35	36	9825
35	92	9826
23	35	9829
35	41	9830
35	49	9834
52	70	9834
35	48	9835
15	35	9838
35	96	9840
35	44	9848
35	58	9849
35	81	9850
35	94	9863
29	35	9864
35	47	9869
35	87	9869
35	73	9870
35	47	9873
35	84	9873
35	97	9878
27	35	9879
27	35	9883
27	35	9887
35	74	9887
32	35	9889
35	87	9891
35	70	9893
35	77	9894
35	49	9896
67	98	9896
21	35	9907
35	65	9909
35	44	9910
34	36	9913
35	49	9919
35	76	9920
21	35	9921
35	39	9921
15	35	9924
45	87	9925
35	90	9926
30	60	9930
5	35	9935
35	56	9938
35	78	9938
29	47	9940
23	27	9943
17	21	9947
15	35	9948
35	51	9948
28	35	9952
35	48	9954
35	36	9954
15	35	9955
30	35	9959
35	73	9960
18	35	9961
15	35	9970
35	95	9972
35	61	9973
35	71	9975
21	35	9977
35	38	9980
47	67	9981
35	49	9983
21	27	9985
35	38	9985
35	46	9986
14	35	9987
35	47	9993
10	35	9998
49	91	10000
35	73	10004
35	73	10006
35	47	10007
35	93	10009
35	83	10010
8	91	10020
27	35	10024
0	35	10028
23	38	10028
35	70	10031
10	73	10033
49	50	10034
35	70	10043
38	73	10044
35	98	10045
1	35	10049
35	99	10052
21	35	10057
27	35	10061
35	85	10064
30	47	10066
35	65	10067
21	35	10068
73	97	10068
1	35	10069
16	35	10070
58	92	10073
21	37	10076
35	91	10077
35	37	10089
23	49	10090
20	38	10091
35	38	10096
35	80	10096
35	50	10102
35	54	10106
21	35	10112
90	98	10114
12	51	10115
27	49	10116
27	35	10119
35	49	10119
27	35	10120
23	35	10121
35	87	10121
23	90	10124
27	86	10125
29	35	10126
35	98	10126
35	47	10129
67	81	10135
14	35	10136
21	35	10137
35	38	10141
35	57	10145
27	35	10146
59	93	10146
35	65	10149
35	56	10153
35	98	10154
45	73	10154
27	35	10158
35	98	10162
35	86	10162
35	47	10163
35	77	10167
35	72	10167
35	86	10169
17	35	10170
21	47	10170
4	22	10172
35	45	10176
27	35	10178
35	73	10178
18	35	10182
21	35	10182
35	82	10184
9	35	10186
35	36	10187
35	47	10190
10	35	10194
35	90	10194
35	87	10201
21	35	10203
35	49	10207
35	66	10210
23	35	10212
11	35	10214
35	94	10214
35	71	10215
21	27	10218
35	93	10218
35	77	10218
35	47	10220
5	35	10223
41	73	10229
35	73	10231
35	65	10235
21	35	10239
35	80	10239
10	35	10240
0	35	10241
21	76	10242
35	86	10243
35	48	10245
35	49	10250
27	35	10253
24	35	10257
27	35	10258
35	93	10259
23	35	10262
49	73	10267
35	47	10268
35	98	10274
35	38	10281
35	99	10284
35	38	10286
27	35	10290
21	35	10295
35	70	10301
21	38	10302
32	50	10306
21	35	10309
35	49	10310
35	41	10312
22	35	10314
27	35	10317
34	99	10318
35	49	10321
20	38	10323
80	98	10324
35	83	10329
35	61	10330
24	97	10332
35	38	10334
35	70	10334
35	47	10335
35	42	10342
30	35	10345
35	71	10348
35	88	10348
35	49	10354
27	35	10355
21	35	10358
35	58	10358
69	86	10362
10	35	10365
35	47	10366
5	48	10367
35	58	10369
35	98	10370
35	93	10383
21	35	10385
35	41	10386
17	35	10391
35	46	10394
5	35	10400
35	99	10400
35	98	10402
21	50	10406
2	35	10410
44	91	10413
35	90	10415
21	35	10416
35	65	10416
35	70	10419
35	40	10420
21	35	10422
35	58	10422
49	86	10423
35	38	10424
24	91	10430
15	35	10431
0	35	10435
35	73	10437
33	67	10440
18	82	10444
21	35	10448
18	87	10449
35	70	10450
21	35	10452
35	93	10455
42	65	10455
33	35	10457
35	38	10460
27	64	10463
19	35	10464
31	35	10464
21	67	10465
35	49	10468
29	35	10469
35	89	10473
35	98	10475
11	35	10478
35	97	10478
10	35	10480
35	63	10480
35	98	10481
15	35	10485
21	35	10485
29	35	10486
20	35	10487
35	43	10490
35	86	10491
38	67	10491
35	59	10496
0	70	10498
35	48	10498
35	43	10499
35	40	10501
35	48	10504
35	47	10507
20	35	10511
34	35	10511
23	35	10513
27	35	10514
11	56	10515
0	35	10516
13	35	10516
21	70	10521
27	35	10526
23	35	10529
35	47	10531
23	35	10532
35	83	10538
27	35	10546
35	62	10546
35	56	10552
50	81	10555
0	35	10556
32	35	10557
35	81	10557
27	35	10558
11	35	10562
18	35	10562
21	35	10564
21	35	10566
23	35	10574
35	65	10576
34	35	10578
51	62	10581
35	48	10587
21	35	10589
21	35	10590
73	90	10591
35	61	10593
70	73	10594
36	72	10598
73	93	10602
21	35	10609
35	86	10609
1	60	10611
35	38	10613
35	52	10620
15	21	10621
22	49	10622
6	27	10623
27	35	10623
35	56	10626
10	35	10627
35	53	10633
35	65	10637
15	43	10640
18	35	10642
27	35	10642
27	35	10643
35	81	10644
32	35	10647
35	49	10647
35	70	10648
35	47	10649
23	27	10650
27	35	10650
17	35	10651
35	49	10657
6	35	10658
35	38	10658
35	90	10658
35	44	10659
23	35	10660
27	35	10662
27	49	10664
35	61	10675
7	35	10677
35	36	10678
31	35	10682
30	35	10683
35	87	10685
21	35	10690
35	77	10692
35	98	10705
35	49	10714
30	35	10715
49	79	10715
18	73	10716
38	73	10716
21	35	10717
27	35	10717
27	35	10721
23	47	10724
35	67	10724
35	70	10725
26	46	10726
21	46	10728
23	35	10729
35	36	10731
35	90	10737
35	36	10741
6	35	10745
35	37	10746
3	35	10747
21	35	10748
10	31	10751
68	70	10751
15	35	10757
29	35	10760
29	35	10763
21	35	10764
35	47	10767
1	54	10769
21	35	10770
5	23	10772
35	99	10774
21	35	10775
35	91	10778
23	35	10783
21	35	10787
23	35	10788
3	50	10789
47	73	10790
27	59	10792
21	90	10799
35	40	10805
23	73	10810
35	95	10813
35	75	10820
10	35	10821
0	31	10822
23	35	10823
21	35	10828
73	93	10829
35	89	10831
21	35	10836
27	35	10837
35	49	10839
1	9	10842
30	35	10844
35	91	10848
35	61	10851
35	46	10851
35	70	10854
49	65	10857
35	62	10864
35	57	10875
27	38	10877
35	36	10877
35	49	10882
35	92	10884
35	93	10885
35	80	10885
39	73	10889
27	52	10891
21	31	10895
35	65	10898
35	65	10900
35	61	10900
35	67	10901
23	35	10906
68	83	10909
19	35	10910
35	45	10921
35	69	10922
35	82	10923
15	41	10939
9	35	10942
35	89	10950
27	35	10957
23	35	10960
0	35	10962
35	48	10964
26	81	10966
35	98	10966
8	91	10970
9	24	10970
27	35	10971
27	35	10972
21	35	10976
29	35	10976
35	90	10976
27	35	10977
35	74	10981
35	98	10982
21	70	10985
35	86	10987
60	74	10987
35	75	10989
35	48	10992
35	46	10994
23	50	10995
35	47	10995
35	90	10999
21	35	11003
35	47	11003
73	83	11006
21	35	11007
35	36	11008
27	38	11009
21	35	11011
35	90	11013
11	35	11014
28	35	11014
35	75	11015
21	35	11017
35	70	11020
52	80	11020
35	59	11025
0	27	11026
35	90	11027
21	48	11039
35	38	11043
35	67	11043
35	85	11054
14	21	11056
0	35	11058
35	69	11060
35	47	11065
27	35	11067
1	35	11071
21	35	11073
16	35	11078
27	35	11079
35	81	11080
35	41	11084
21	35	11085
21	83	11087
49	93	11089
35	76	11091
35	90	11093
35	98	11094
35	47	11098
35	72	11098
35	37	11102
35	88	11104
16	93	11105
27	73	11105
11	27	11107
35	98	11113
13	35	11116
2	35	11117
23	70	11117
35	98	11117
35	64	11119
35	38	11120
35	98	11120
51	91	11121
35	73	11124
38	83	11124
32	35	11126
35	90	11127
35	57	11131
35	71	11134
27	35	11138
78	80	11140
35	49	11143
35	70	11144
17	35	11146
35	99	11149
35	93	11150
27	35	11151
35	90	11152
21	35	11153
35	43	11155
27	35	11157
35	90	11163
27	35	11164
33	35	11165
15	90	11173
18	35	11174
23	46	11174
1	35	11175
35	46	11175
10	35	11180
35	90	11183
35	70	11188
83	94	11189
35	83	11190
2	35	11193
35	63	11202
15	21	11203
27	35	11203
35	86	11203
35	37	11206
44	96	11207
17	35	11215
23	35	11216
38	47	11224
31	35	11225
27	73	11229
35	49	11229
21	23	11231
61	73	11231
10	35	11236
35	63	11237
21	56	11242
35	95	11242
35	40	11246
35	51	11252
24	35	11256
27	35	11256
10	35	11257
35	82	11260
27	35	11262
21	64	11264
4	70	11272
21	27	11273
18	35	11277
35	36	11277
35	49	11281
5	35	11287
8	35	11290
5	15	11291
35	83	11299
35	86	11299
35	70	11300
35	79	11302
35	38	11303
27	35	11304
23	35	11308
27	35	11309
12	58	11310
35	73	11311
35	95	11313
35	90	11314
0	35	11319
35	52	11322
35	37	11325
35	68	11327
35	51	11328
35	56	11333
21	35	11334
35	72	11336
36	98	11337
3	35	11339
21	35	11339
1	35	11340
32	35	11345
35	91	11346
23	35	11347
27	35	11354
35	96	11354
35	39	11358
73	94	11359
27	65	11361
27	35	11364
25	35	11365
0	20	11369
24	50	11370
35	78	11371
17	70	11377
35	47	11377
52	86	11377
35	37	11381
35	38	11384
35	95	11384
59	83	11386
27	35	11393
35	86	11394
35	65	11395
21	35	11400
35	40	11401
35	49	11404
35	92	11405
10	35	11407
4	35	11409
27	35	11409
35	49	11409
13	35	11414
24	35	11414
35	36	11418
47	54	11418
23	35	11419
35	57	11424
35	99	11424
18	35	11429
35	38	11429
50	54	11443
9	35	11444
35	75	11444
17	35	11445
35	70	11449
21	35	11452
35	66	11461
35	59	11462
35	71	11462
14	35	11466
35	47	11469
21	85	11475
27	35	11475
27	35	11477
27	35	11481
35	70	11482
27	35	11483
35	46	11487
35	57	11489
21	49	11490
35	65	11490
21	35	11492
35	98	11492
51	80	11492
35	91	11499
35	73	11500
35	90	11501
27	35	11503
35	99	11505
23	35	11507
35	49	11508
35	96	11508
35	73	11509
23	35	11518
27	49	11519
27	35	11521
27	43	11521
23	35	11525
35	47	11527
9	35	11534
35	38	11538
35	38	11542
27	35	11546
35	98	11552
27	87	11554
35	73	11554
35	67	11555
35	79	11555
35	59	11557
21	44	11558
35	46	11562
47	98	11566
21	35	11570
35	74	11572
21	35	11578
49	58	11579
35	98	11583
27	47	11588
26	35	11591
27	67	11592
73	82	11592
21	35	11593
35	71	11599
36	38	11599
35	67	11600
23	35	11604
35	91	11605
21	35	11607
35	90	11607
49	97	11609
35	38	11614
35	36	11618
35	38	11620
35	98	11620
35	90	11623
35	65	11625
21	35	11626
35	56	11627
21	27	11635
35	70	11638
13	35	11639
23	35	11640
85	95	11640
35	46	11642
35	36	11646
21	35	11650
32	72	11652
10	35	11653
21	35	11655
35	38	11657
32	71	11658
23	60	11663
35	52	11663
35	40	11663
4	96	11666
35	49	11666
21	35	11667
21	35	11670
57	70	11674
35	58	11676
35	45	11676
6	49	11678
35	86	11678
21	97	11679
27	35	11680
34	48	11682
14	21	11692
33	95	11692
35	80	11692
27	35	11694
16	35	11698
27	35	11700
21	35	11702
35	70	11703
23	35	11704
35	72	11710
21	35	11711
35	98	11712
35	95	11715
27	35	11720
9	35	11721
21	35	11721
14	35	11722
15	32	11722
21	35	11726
2	21	11729
18	27	11730
35	38	11738
49	96	11738
9	23	11740
59	93	11747
27	47	11750
32	35	11750
35	54	11750
35	37	11751
23	38	11752
35	73	11753
28	35	11755
35	49	11757
0	90	11760
27	98	11766
19	35	11767
35	97	11771
35	98	11775
35	89	11775
35	46	11777
21	35	11780
35	73	11780
21	60	11781
35	73	11783
35	46	11783
35	93	11785
35	48	11786
35	73	11788
27	35	11791
8	35	11792
35	77	11792
21	23	11806
1	35	11808
0	35	11809
73	98	11812
35	95	11822
35	39	11825
35	59	11827
35	38	11829
35	45	11832
35	86	11833
35	91	11839
29	38	11844
32	35	11845
35	70	11845
2	35	11846
27	35	11847
1	35	11864
27	35	11865
35	73	11868
35	73	11871
23	35	11874
21	35	11875
35	98	11880
51	55	11882
27	35	11883
21	35	11884
5	68	11887
73	98	11888
29	35	11890
25	35	11892
35	49	11892
35	62	11899
27	98	11904
35	77	11905
35	47	11909
21	35	11913
35	54	11915
9	73	11916
35	61	11917
94	98	11923
35	74	11928
10	91	11931
35	75	11932
27	35	11934
32	38	11935
35	38	11935
35	75	11935
1	35	11936
10	73	11940
35	98	11942
27	35	11944
35	47	11946
35	48	11948
35	49	11950
35	98	11950
35	48	11952
21	35	11953
23	35	11953
24	35	11953
23	65	11962
35	82	11963
27	93	11964
2	21	11966
1	35	11973
27	65	11975
32	95	11975
21	27	11976
21	35	11978
35	86	11978
35	73	11979
35	82	11980
20	35	11984
35	38	11989
8	35	11990
6	35	11995
35	49	11996
35	39	11997
23	35	12001
27	76	12003
23	35	12008
25	35	12009
3	35	12014
8	35	12017
21	35	12017
27	35	12020
21	35	12021
28	78	12022
35	48	12022
66	70	12023
35	61	12024
27	73	12028
35	75	12029
35	38	12033
35	61	12033
22	35	12034
0	35	12035
47	72	12035
35	69	12038
0	35	12045
21	24	12046
35	70	12049
35	90	12050
27	35	12051
35	47	12052
10	35	12055
0	49	12058
23	35	12058
35	43	12060
23	35	12061
65	78	12065
49	56	12072
27	35	12077
47	49	12077
35	41	12089
35	52	12090
35	65	12092
35	50	12095
21	35	12097
35	68	12097
21	35	12101
27	73	12101
27	35	12102
35	60	12102
35	87	12105
35	45	12106
35	93	12110
27	35	12114
35	57	12117
35	37	12120
23	35	12123
35	47	12132
27	29	12134
35	49	12140
35	72	12140
35	91	12142
35	73	12147
27	95	12150
27	35	12160
49	98	12164
35	87	12169
23	38	12170
20	35	12171
23	49	12175
27	89	12175
35	97	12176
35	73	12177
7	94	12179
27	35	12181
35	96	12181
35	87	12184
35	47	12185
35	59	12197
3	35	12204
35	65	12205
14	35	12209
35	73	12211
35	49	12211
35	54	12212
27	35	12214
35	48	12216
21	35	12217
23	48	12222
35	98	12222
35	73	12231
35	91	12232
4	12	12233
35	38	12235
35	93	12237
27	35	12241
35	72	12241
35	90	12242
23	35	12245
73	77	12247
27	35	12248
46	92	12251
35	68	12252
25	35	12253
32	35	12255
35	47	12255
35	54	12255
35	52	12258
35	63	12260
21	35	12262
35	38	12264
35	70	12264
21	35	12265
35	36	12265
14	86	12266
35	67	12266
27	35	12272
35	98	12274
16	35	12275
35	47	12275
35	82	12278
21	47	12279
22	37	12279
35	37	12283
21	49	12287
35	97	12287
35	96	12290
35	57	12291
35	61	12292
10	35	12293
33	37	12295
27	35	12296
87	90	12296
35	55	12298
73	82	12299
35	70	12300
39	51	12302
21	27	12304
25	35	12307
14	27	12309
27	35	12309
2	35	12311
35	73	12311
35	73	12313
35	38	12314
35	90	12323
32	35	12324
35	63	12326
49	93	12328
27	35	12330
35	47	12330
35	51	12332
21	35	12334
35	38	12340
35	91	12340
35	66	12343
35	48	12347
9	35	12350
21	35	12351
35	51	12357
35	81	12367
35	47	12368
35	98	12370
21	35	12373
21	93	12379
35	49	12379
27	35	12390
35	38	12394
35	87	12396
75	90	12399
21	35	12401
35	47	12402
35	95	12403
13	70	12406
21	35	12406
35	46	12409
35	47	12410
37	69	12410
21	59	12415
21	35	12416
25	35	12417
27	35	12418
35	98	12418
35	74	12420
21	35	12424
35	76	12425
82	98	12427
27	35	12433
35	61	12433
26	70	12434
35	90	12434
18	35	12435
23	35	12438
35	74	12443
43	59	12443
35	73	12444
21	35	12446
21	35	12447
34	35	12454
49	83	12455
34	35	12456
18	27	12467
35	39	12468
35	65	12470
35	54	12470
3	12	12471
21	35	12475
47	87	12476
35	73	12477
21	35	12478
35	98	12481
35	70	12484
4	35	12485
21	35	12486
4	35	12488
32	35	12488
35	49	12491
35	98	12493
35	53	12499
21	35	12501
27	35	12505
35	89	12508
35	73	12512
3	35	12513
35	89	12513
35	53	12516
2	35	12518
21	35	12521
35	73	12522
35	90	12522
35	62	12522
23	83	12523
35	87	12523
12	35	12524
73	91	12525
35	98	12531
38	87	12531
10	71	12532
35	73	12535
35	89	12542
21	35	12544
35	52	12546
36	44	12547
35	49	12549
33	35	12551
35	37	12551
27	42	12553
35	52	12553
35	59	12555
27	38	12561
35	69	12561
28	35	12563
35	86	12570
35	93	12571
72	91	12571
35	70	12572
22	35	12574
35	67	12575
27	35	12578
35	90	12578
0	27	12580
35	89	12580
8	35	12581
6	90	12582
35	61	12584
48	82	12586
35	51	12587
35	70	12590
33	35	12593
35	89	12593
10	35	12595
35	73	12597
12	35	12599
35	49	12603
6	35	12604
35	48	12605
35	51	12610
35	79	12613
47	90	12613
35	91	12614
35	42	12614
35	91	12615
35	92	12616
35	73	12619
35	38	12620
35	38	12622
35	68	12622
35	47	12627
35	89	12627
21	35	12633
7	35	12637
8	35	12639
21	81	12642
0	35	12644
10	49	12648
8	59	12650
21	35	12655
49	73	12656
18	35	12657
35	67	12659
18	35	12662
27	35	12662
35	49	12662
35	55	12666
35	87	12671
35	65	12679
19	35	12690
35	93	12691
35	87	12691
5	35	12693
27	35	12693
6	35	12694
23	97	12694
23	28	12694
35	88	12705
7	82	12707
35	93	12708
97	98	12711
23	35	12712
35	87	12715
35	80	12715
35	65	12716
35	71	12718
35	59	12720
15	27	12722
35	89	12722
43	62	12724
14	35	12727
31	52	12734
35	52	12739
35	48	12739
35	65	12740
35	73	12742
35	56	12743
35	63	12747
35	95	12747
35	78	12748
39	91	12749
21	35	12754
49	91	12754
35	73	12757
35	85	12760
35	73	12761
35	47	12762
53	73	12766
35	52	12775
35	38	12778
21	35	12779
22	35	12779
21	35	12780
65	89	12789
21	35	12792
29	35	12798
35	70	12801
23	68	12814
34	35	12815
18	35	12817
35	96	12817
23	35	12820
27	49	12823
47	70	12824
26	41	12825
21	37	12834
21	35	12835
35	82	12835
10	35	12841
9	21	12844
27	35	12844
35	38	12844
35	61	12845
35	63	12846
35	45	12848
2	49	12849
27	35	12850
9	35	12852
35	47	12854
35	52	12854
24	73	12855
35	40	12855
35	90	12856
35	61	12857
12	70	12858
35	98	12858
35	37	12863
11	35	12864
35	73	12865
12	35	12873
35	70	12873
21	35	12875
29	68	12878
35	70	12885
21	67	12886
35	49	12886
35	38	12889
35	45	12893
24	35	12905
29	35	12906
21	45	12907
35	52	12907
35	98	12908
35	38	12910
35	37	12910
35	70	12911
27	35	12922
18	35	12924
24	35	12926
21	48	12930
21	35	12933
49	89	12933
3	49	12935
21	35	12936
36	98	12937
35	52	12941
35	47	12944
35	78	12944
35	83	12945
27	35	12947
35	71	12952
35	38	12955
35	73	12957
39	49	12958
2	35	12960
35	82	12965
35	47	12966
35	49	12967
35	37	12968
35	48	12972
34	35	12973
23	97	12980
35	93	12982
9	35	13001
23	35	13002
35	47	13005
36	73	13005
35	39	13006
27	94	13008
35	86	13009
23	47	13011
35	57	13013
35	77	13016
35	91	13019
35	90	13019
35	98	13024
21	35	13030
26	35	13030
21	35	13031
35	93	13032
35	83	13033
80	93	13036
35	73	13037
84	85	13040
35	73	13044
15	35	13045
35	60	13046
33	56	13047
35	88	13051
35	54	13053
35	40	13056
14	47	13057
35	98	13057
32	35	13062
35	73	13062
21	51	13065
30	35	13065
8	35	13067
35	38	13067
10	69	13068
35	61	13070
35	71	13080
35	69	13080
27	35	13085
1	60	13087
35	94	13088
0	35	13091
35	96	13091
11	35	13092
23	35	13093
11	21	13097
35	72	13100
35	54	13104
35	49	13107
35	70	13107
10	35	13112
1	7	13115
35	93	13118
9	35	13120
21	35	13121
49	66	13123
35	73	13124
8	35	13125
35	83	13125
27	32	13127
18	21	13131
21	81	13131
27	35	13131
35	59	13132
21	86	13133
22	35	13136
49	99	13137
35	51	13139
10	35	13143
35	89	13144
21	35	13146
35	82	13148
21	35	13149
35	83	13151
0	35	13155
6	61	13156
35	48	13159
27	35	13162
47	91	13162
35	89	13166
35	96	13167
35	76	13177
35	90	13179
35	38	13181
27	35	13182
22	35	13184
35	83	13184
38	49	13185
27	35	13191
1	38	13196
27	35	13203
46	65	13203
35	47	13205
35	93	13207
15	21	13208
27	35	13210
35	97	13210
35	73	13213
27	35	13222
35	82	13223
35	44	13224
5	35	13225
35	84	13228
27	35	13231
21	38	13233
29	35	13233
35	49	13233
27	70	13234
35	71	13235
27	35	13237
35	95	13237
27	49	13239
35	48	13240
5	96	13247
35	90	13247
35	73	13248
35	67	13248
29	35	13250
35	52	13251
21	27	13253
35	90	13260
27	35	13261
27	35	13267
75	87	13267
27	35	13271
13	35	13275
8	35	13277
21	35	13277
21	35	13278
23	90	13280
1	35	13289
21	35	13294
22	35	13295
36	79	13297
35	48	13303
35	61	13304
35	59	13306
35	51	13306
21	35	13309
27	35	13309
35	36	13309
21	35	13312
21	35	13314
35	47	13314
35	36	13322
35	63	13322
35	66	13322
21	35	13323
35	38	13326
21	86	13327
73	98	13329
21	35	13330
35	41	13332
35	49	13333
46	84	13334
18	53	13337
24	35	13343
14	35	13346
30	35	13350
37	49	13350
24	49	13351
35	59	13352
38	94	13356
35	68	13357
1	23	13360
35	49	13364
35	39	13364
35	60	13365
35	73	13366
35	61	13368
62	97	13379
26	49	13385
35	81	13385
27	35	13386
35	47	13386
27	38	13388
35	98	13389
35	70	13392
35	38	13394
21	35	13395
21	68	13401
4	66	13402
8	35	13402
24	35	13402
35	73	13402
9	35	13406
27	35	13406
16	88	13410
44	64	13413
21	35	13417
27	38	13417
49	51	13417
27	35	13418
1	21	13425
35	74	13425
32	35	13428
21	35	13430
61	98	13431
35	37	13432
35	38	13433
35	38	13437
21	35	13438
35	92	13441
10	35	13442
23	83	13442
23	35	13444
24	79	13444
35	58	13453
43	91	13457
35	61	13463
42	73	13464
27	35	13470
35	89	13470
35	84	13471
32	35	13472
35	52	13473
35	80	13473
4	47	13474
85	97	13475
14	96	13478
35	49	13479
35	50	13482
27	91	13485
35	98	13485
35	90	13486
35	48	13486
27	35	13489
35	82	13489
27	35	13493
35	88	13502
34	65	13503
35	53	13505
27	35	13506
26	35	13508
4	35	13511
27	35	13512
31	91	13512
35	73	13516
21	73	13517
5	24	13518
35	70	13520
35	56	13520
32	63	13523
35	91	13524
27	35	13525
15	35	13530
35	91	13530
31	35	13533
35	38	13533
15	35	13537
28	34	13538
21	35	13540
35	89	13540
35	90	13544
20	35	13551
22	35	13556
27	35	13557
14	35	13559
35	49	13561
49	97	13561
27	35	13563
71	99	13563
59	93	13565
25	35	13568
33	35	13568
21	73	13569
35	48	13570
35	56	13582
35	70	13583
14	35	13586
35	37	13586
35	48	13587
35	38	13590
35	38	13591
21	35	13597
35	49	13599
35	87	13602
21	35	13605
27	98	13605
32	35	13609
55	92	13611
35	50	13613
35	80	13613
35	89	13616
20	35	13621
6	49	13622
35	86	13622
10	35	13623
35	60	13624
35	49	13625
0	35	13626
18	35	13629
35	58	13629
35	47	13635
49	79	13635
35	40	13639
4	21	13641
35	98	13646
27	38	13648
35	61	13648
35	49	13655
4	35	13660
27	35	13672
26	35	13679
35	87	13681
35	38	13682
35	49	13683
5	35	13684
20	47	13684
35	71	13686
32	35	13691
35	47	13694
96	98	13695
10	65	13696
35	57	13700
35	47	13703
35	87	13703
21	35	13704
23	73	13704
30	35	13705
35	73	13706
27	35	13707
43	77	13707
0	35	13708
35	38	13708
43	94	13708
35	78	13709
31	61	13711
32	35	13711
35	43	13712
18	22	13717
35	53	13717
35	53	13724
21	49	13728
35	60	13729
0	99	13732
35	60	13736
27	91	13740
50	73	13741
35	38	13744
35	99	13746
15	27	13748
35	46	13748
23	35	13749
35	38	13753
35	93	13755
23	26	13757
32	35	13759
35	38	13761
19	27	13762
35	47	13762
55	73	13762
35	74	13764
35	38	13770
35	97	13775
29	35	13777
35	73	13778
0	65	13779
27	35	13782
35	85	13786
21	73	13790
35	87	13790
35	36	13791
27	35	13792
35	98	13797
96	98	13798
21	35	13799
27	35	13802
35	87	13805
35	67	13805
35	38	13807
35	52	13807
35	64	13807
0	47	13809
14	62	13809
35	83	13811
35	88	13811
35	79	13811
35	65	13817
27	35	13821
35	92	13821
19	35	13822
35	47	13824
1	70	13825
35	50	13826
35	77	13826
35	40	13826
27	35	13828
29	73	13833
23	35	13834
38	52	13835
35	36	13836
35	73	13837
43	65	13839
29	35	13841
23	35	13850
35	99	13850
21	35	13854
35	71	13858
38	79	13858
19	72	13859
22	24	13860
21	35	13861
28	90	13861
35	92	13866
35	68	13868
78	98	13870
21	29	13872
35	73	13873
35	79	13875
30	35	13881
27	35	13882
35	62	13892
10	35	13893
35	60	13894
46	98	13896
13	53	13900
21	35	13900
35	47	13901
1	35	13905
35	49	13911
35	37	13913
35	65	13917
11	65	13921
23	35	13921
35	91	13921
34	35	13926
35	87	13926
4	35	13929
20	36	13929
14	35	13932
14	35	13934
35	79	13936
35	58	13940
21	35	13949
27	35	13951
18	35	13956
35	49	13958
35	56	13968
27	35	13969
49	65	13975
21	35	13981
24	35	13983
35	73	13993
35	38	13993
4	35	13996
15	18	14000
23	37	14001
33	35	14002
35	69	14004
30	38	14007
35	97	14007
21	90	14018
15	98	14019
35	73	14019
10	35	14023
35	52	14030
35	72	14030
8	35	14038
35	73	14041
35	58	14047
22	35	14050
35	84	14056
23	35	14065
0	35	14070
10	27	14072
38	80	14072
21	35	14073
35	58	14073
15	35	14074
27	35	14074
35	66	14075
27	49	14076
35	91	14076
35	36	14076
27	35	14077
6	42	14082
5	35	14088
21	35	14088
5	35	14089
12	35	14104
8	35	14110
35	87	14111
35	82	14111
21	35	14115
85	98	14117
35	90	14121
24	35	14125
25	35	14125
27	98	14127
35	48	14129
21	35	14131
27	35	14133
14	35	14134
35	49	14139
0	35	14141
27	35	14147
27	35	14148
35	91	14151
24	35	14157
35	58	14157
2	35	14159
35	71	14160
35	91	14162
35	77	14162
21	35	14163
7	35	14164
35	84	14165
35	64	14166
73	90	14166
35	49	14167
35	38	14168
35	59	14169
18	66	14172
35	37	14172
35	49	14176
35	71	14190
35	38	14191
21	35	14192
29	35	14192
27	35	14194
35	65	14194
49	61	14195
35	67	14197
21	35	14201
35	49	14201
6	23	14202
18	27	14211
35	43	14211
23	35	14212
52	61	14212
35	91	14213
14	17	14217
19	35	14218
11	35	14221
11	50	14221
27	35	14221
27	35	14230
27	36	14230
83	93	14230
14	34	14231
35	61	14242
35	98	14249
27	35	14250
35	47	14250
41	71	14250
35	98	14251
58	74	14251
32	35	14252
21	35	14255
35	99	14255
21	61	14257
27	35	14259
10	35	14263
38	49	14263
23	35	14266
24	35	14266
27	35	14267
12	35	14268
35	48	14268
27	35	14269
27	90	14269
35	81	14269
35	77	14272
35	49	14275
35	76	14275
35	88	14277
38	93	14277
35	73	14280
35	47	14284
21	80	14285
23	35	14288
27	79	14288
10	21	14289
20	35	14306
21	98	14307
18	35	14313
35	48	14313
62	87	14313
35	59	14314
47	98	14317
35	49	14319
35	66	14323
35	42	14325
35	93	14329
35	65	14332
35	97	14338
61	86	14340
14	35	14346
21	35	14347
35	58	14347
35	51	14351
21	35	14352
23	96	14365
35	39	14365
27	35	14367
19	98	14368
35	91	14368
33	35	14370
49	70	14371
35	83	14373
65	98	14373
15	91	14375
35	83	14375
27	93	14377
35	52	14380
33	35	14383
5	35	14389
27	35	14389
22	90	14391
27	35	14403
21	35	14404
11	35	14408
35	38	14414
35	97	14416
35	47	14417
27	35	14419
27	71	14420
35	46	14420
22	35	14421
29	35	14421
21	35	14424
63	86	14427
19	35	14428
21	35	14429
27	97	14431
35	73	14435
35	91	14439
21	27	14441
35	73	14443
35	38	14443
6	49	14449
4	35	14450
3	35	14451
35	90	14454
0	35	14456
35	48	14457
35	50	14462
35	73	14466
35	89	14466
35	75	14466
34	35	14475
27	48	14476
27	35	14478
35	58	14485
35	88	14485
35	61	14487
27	35	14494
61	88	14494
1	35	14495
35	61	14498
35	50	14498
35	92	14498
21	35	14499
35	44	14500
27	35	14513
1	35	14515
11	97	14515
32	35	14515
5	35	14516
10	82	14517
35	98	14520
16	35	14524
25	73	14524
35	37	14528
35	90	14529
35	93	14531
35	85	14533
21	35	14534
35	84	14535
21	75	14536
28	35	14536
35	48	14538
35	73	14540
35	73	14547
54	97	14548
56	77	14548
38	74	14549
35	40	14559
35	75	14561
18	30	14565
23	35	14569
52	84	14570
35	62	14572
21	35	14577
0	35	14582
27	35	14582
23	35	14583
32	35	14583
43	84	14586
24	35	14588
24	35	14592
35	91	14592
7	67	14593
27	35	14600
35	38	14600
35	38	14602
24	89	14603
25	47	14603
23	35	14605
35	73	14605
23	35	14606
35	88	14607
35	47	14608
13	35	14610
35	45	14611
30	35	14613
35	49	14617
35	47	14618
21	35	14619
23	27	14624
30	35	14624
21	35	14627
31	35	14629
0	87	14633
35	93	14635
35	83	14635
35	73	14639
35	70	14641
35	50	14641
35	73	14642
33	35	14646
35	73	14647
35	72	14648
4	35	14652
5	35	14654
35	38	14656
30	35	14660
35	87	14663
35	98	14664
0	35	14667
24	90	14669
35	65	14669
49	55	14670
91	98	14670
29	52	14673
30	35	14675
35	40	14675
27	35	14676
35	49	14683
27	35	14685
35	53	14689
22	35	14694
28	35	14695
18	23	14698
19	35	14698
30	35	14698
15	35	14699
9	35	14702
9	70	14706
21	35	14716
27	35	14717
35	72	14718
35	38	14719
35	36	14720
35	67	14727
1	23	14739
35	57	14746
21	44	14748
33	35	14749
35	86	14751
35	59	14754
10	35	14755
68	81	14757
21	35	14765
0	35	14766
27	35	14768
27	35	14770
35	77	14771
35	59	14774
35	98	14779
35	68	14779
21	35	14781
27	69	14784
21	29	14785
35	98	14785
62	64	14790
35	47	14792
26	27	14793
35	77	14793
11	27	14796
65	87	14796
21	49	14797
15	35	14799
23	35	14802
27	35	14803
52	65	14805
27	75	14810
27	35	14813
35	97	14813
35	47	14814
22	73	14815
35	37	14815
35	87	14817
27	35	14821
34	36	14825
27	35	14828
21	35	14830
2	22	14833
84	93	14833
27	35	14841
27	35	14842
35	37	14842
21	35	14844
27	64	14847
35	73	14849
35	40	14851
27	35	14852
35	58	14854
35	55	14855
21	34	14856
21	35	14857
35	73	14858
49	80	14858
18	76	14860
67	76	14860
35	65	14864
35	41	14865
21	35	14870
0	85	14872
0	35	14874
0	35	14878
27	35	14878
35	82	14878
35	51	14890
21	35	14901
35	81	14901
34	35	14903
35	83	14903
35	49	14916
35	58	14918
35	51	14923
35	89	14926
23	35	14927
32	37	14927
11	35	14929
18	35	14929
32	35	14929
35	58	14930
21	35	14931
35	83	14935
13	35	14938
35	73	14939
37	68	14944
71	98	14946
35	50	14948
13	51	14951
50	98	14951
35	88	14956
27	35	14957
27	35	14959
21	78	14964
35	73	14965
35	82	14966
0	35	14971
3	35	14976
8	72	14983
35	46	14983
8	35	14984
23	35	14986
35	98	14986
27	35	14988
5	35	14990
35	73	14992
21	56	14993
35	47	14994
35	60	14998
35	49	14999
4	35	15001
27	35	15002
25	35	15003
35	96	15009
10	56	15010
97	98	15011
29	66	15013
32	35	15019
15	40	15023
35	44	15024
27	76	15027
32	35	15030
35	38	15030
35	38	15032
35	72	15032
0	35	15036
84	95	15038
35	38	15039
35	91	15039
24	35	15040
35	58	15042
27	35	15045
14	24	15047
27	35	15048
35	87	15054
3	24	15055
27	44	15055
14	35	15057
56	92	15057
21	35	15064
35	40	15069
20	21	15077
21	35	15082
34	35	15085
35	98	15085
27	35	15089
13	35	15093
35	76	15093
38	90	15095
35	98	15099
21	47	15101
27	35	15103
31	35	15104
25	35	15105
35	73	15106
73	90	15110
35	49	15124
35	83	15125
35	37	15128
23	35	15129
35	73	15134
35	64	15134
35	88	15134
21	35	15135
7	54	15138
21	35	15139
23	35	15145
21	35	15148
15	35	15154
24	35	15157
30	35	15161
24	35	15167
35	96	15177
35	83	15179
27	35	15182
35	47	15186
35	61	15186
21	35	15187
21	35	15188
20	21	15189
6	35	15190
27	35	15190
20	81	15191
51	98	15194
20	35	15196
21	73	15197
35	89	15197
15	35	15200
35	91	15201
21	78	15202
23	70	15202
35	86	15204
3	35	15205
35	70	15206
35	47	15220
21	87	15227
35	47	15229
27	47	15232
35	58	15238
27	35	15240
34	35	15241
35	45	15241
2	35	15253
35	38	15257
35	73	15258
1	35	15259
17	35	15259
27	35	15260
21	52	15262
35	47	15262
35	52	15262
34	35	15266
27	35	15269
35	71	15278
36	38	15291
0	35	15293
47	49	15293
35	70	15296
35	55	15297
21	35	15299
35	49	15299
24	90	15308
35	93	15310
30	35	15313
35	98	15317
21	35	15318
35	70	15320
21	35	15323
5	35	15324
92	95	15328
35	66	15329
23	86	15330
4	35	15332
10	35	15332
21	35	15332
35	49	15333
21	28	15340
35	38	15343
27	42	15344
35	61	15344
26	35	15347
35	94	15347
35	74	15349
35	49	15351
35	47	15354
35	73	15357
35	41	15362
21	73	15365
21	70	15369
35	91	15370
35	52	15370
35	49	15375
35	38	15387
35	91	15388
35	36	15394
17	58	15395
35	91	15395
21	90	15398
35	75	15398
35	93	15400
35	52	15403
53	93	15405
31	35	15407
35	64	15409
27	35	15411
35	49	15411
86	93	15415
35	70	15418
25	35	15419
35	96	15423
35	38	15434
35	51	15434
10	35	15435
21	35	15435
35	52	15436
27	35	15450
0	63	15461
1	35	15464
35	47	15464
35	69	15465
35	73	15470
70	98	15472
27	35	15473
47	48	15476
1	35	15477
47	97	15477
35	58	15480
35	65	15485
21	35	15488
27	49	15488
27	35	15492
21	52	15493
35	78	15493
5	35	15496
35	56	15496
35	59	15500
4	35	15502
35	99	15504
0	35	15506
35	98	15519
29	35	15522
23	35	15525
35	49	15527
0	49	15531
35	49	15531
1	35	15533
35	67	15534
35	40	15534
32	49	15535
21	35	15536
35	42	15536
33	93	15539
35	50	15539
35	73	15544
35	85	15548
27	35	15549
32	35	15553
35	90	15553
23	35	15554
17	35	15555
17	87	15555
21	35	15558
2	98	15559
35	98	15560
21	35	15564
35	76	15568
35	95	15569
35	94	15571
17	35	15572
35	49	15572
32	35	15574
35	98	15578
35	80	15582
21	35	15585
7	35	15590
35	87	15591
35	93	15592
1	35	15593
27	35	15593
21	35	15597
35	47	15599
35	86	15600
0	35	15602
18	19	15602
35	84	15602
70	71	15602
62	70	15607
10	35	15609
27	60	15609
24	35	15610
35	45	15613
23	35	15614
35	38	15624
41	52	15626
2	35	15632
35	61	15632
35	89	15633
21	35	15637
25	35	15643
23	35	15647
35	47	15648
35	38	15650
22	35	15656
35	60	15661
73	93	15661
35	73	15666
23	89	15673
35	41	15673
35	48	15676
23	73	15679
15	35	15681
35	66	15699
21	35	15700
35	91	15700
35	48	15701
35	70	15702
27	35	15706
35	62	15707
35	79	15707
3	61	15709
35	60	15709
27	35	15713
35	98	15713
35	68	15719
35	98	15726
35	93	15726
49	88	15726
35	47	15728
35	44	15728
27	35	15729
35	82	15729
9	35	15732
11	82	15738
21	35	15739
35	49	15746
20	35	15749
35	71	15752
15	35	15754
35	87	15761
11	35	15764
23	35	15764
21	35	15765
20	27	15766
21	35	15766
35	37	15766
27	35	15767
35	76	15768
35	65	15770
61	77	15777
35	65	15779
35	49	15780
33	35	15786
12	35	15787
35	90	15787
21	37	15789
27	47	15790
35	69	15792
4	38	15793
35	98	15802
35	47	15807
22	35	15811
35	98	15819
21	35	15820
35	37	15820
20	23	15823
35	92	15823
35	74	15825
49	84	15830
35	71	15838
35	45	15838
42	67	15839
23	35	15840
31	87	15844
35	97	15846
37	38	15848
21	23	15851
62	73	15855
27	59	15856
29	35	15864
61	69	15865
43	97	15866
73	77	15867
21	35	15868
27	32	15868
17	92	15873
35	82	15873
14	35	15875
16	91	15876
23	49	15878
36	68	15878
32	35	15881
8	35	15888
32	35	15893
35	90	15894
35	82	15894
35	88	15894
38	49	15898
10	19	15900
21	35	15902
35	91	15903
43	82	15903
35	83	15904
4	35	15906
21	35	15906
0	57	15907
27	35	15909
23	35	15913
35	98	15919
0	35	15925
21	35	15925
35	97	15926
25	35	15933
31	47	15934
29	72	15936
35	54	15936
35	98	15939
35	90	15939
35	70	15941
58	90	15942
23	35	15944
11	35	15948
35	52	15949
21	47	15950
21	52	15953
19	35	15954
27	35	15956
35	96	15957
10	35	15963
0	38	15964
21	35	15965
35	65	15970
35	55	15971
27	61	15974
35	99	15976
35	49	15979
27	35	15980
35	69	15980
27	35	15983
35	81	15987
35	91	15990
21	48	15991
35	91	15996
38	80	15999
35	73	16001
91	98	16001
35	97	16013
16	35	16014
0	21	16016
35	49	16018
27	35	16019
35	98	16019
10	35	16021
35	91	16022
21	23	16025
21	35	16026
23	98	16026
27	55	16026
17	35	16031
0	33	16034
27	35	16037
58	89	16047
27	62	16049
7	35	16050
6	92	16058
27	91	16058
35	87	16063
35	41	16066
32	35	16067
35	59	16067
34	91	16068
35	57	16076
0	35	16079
35	91	16082
35	57	16088
35	86	16094
35	87	16095
35	84	16095
13	35	16097
35	47	16097
21	35	16099
27	35	16100
35	50	16101
35	80	16110
10	35	16111
35	70	16112
21	30	16115
35	56	16116
35	78	16116
35	49	16117
21	35	16118
35	73	16118
35	93	16119
3	65	16120
35	73	16123
8	89	16125
35	38	16127
21	47	16129
23	35	16129
21	35	16130
27	35	16131
35	48	16132
12	35	16134
6	16	16136
35	87	16137
35	49	16138
21	35	16140
1	35	16141
27	35	16141
35	47	16142
1	52	16143
35	38	16149
23	35	16151
21	35	16153
35	46	16153
35	49	16154
23	35	16155
24	35	16159
35	73	16160
27	91	16165
33	35	16165
35	57	16166
0	38	16167
2	35	16167
35	80	16167
35	39	16171
24	35	16174
4	35	16176
21	47	16178
73	91	16178
23	35	16179
24	35	16179
15	35	16181
27	35	16184
27	36	16184
27	81	16187
35	64	16192
86	97	16194
21	27	16197
27	38	16198
23	35	16200
35	71	16204
27	35	16205
15	35	16206
35	55	16207
32	35	16214
48	77	16216
23	35	16220
35	46	16220
5	35	16221
35	73	16224
35	38	16224
35	49	16225
35	97	16229
35	77	16234
21	35	16237
27	35	16237
35	47	16241
35	84	16242
35	96	16246
15	54	16247
23	35	16257
21	32	16260
23	35	16261
35	38	16263
35	63	16263
4	35	16266
35	49	16268
35	91	16269
35	65	16270
35	37	16274
0	78	16280
9	35	16282
70	87	16282
7	35	16285
21	35	16286
35	69	16286
35	97	16287
23	77	16289
35	73	16290
23	35	16292
35	69	16296
9	35	16297
35	73	16300
10	35	16301
26	99	16302
27	35	16303
10	35	16304
21	35	16304
47	84	16304
35	39	16306
35	99	16307
35	36	16310
35	42	16312
35	96	16321
21	35	16323
35	91	16326
49	67	16327
35	49	16328
35	44	16329
47	49	16331
35	98	16337
1	98	16340
35	90	16349
35	53	16350
22	35	16353
4	35	16354
35	49	16355
21	35	16356
59	70	16359
35	38	16363
52	62	16364
49	99	16369
26	35	16372
27	38	16372
27	98	16372
32	35	16372
35	75	16375
27	35	16378
21	35	16381
35	70	16385
21	44	16387
27	76	16388
35	71	16388
49	86	16388
36	71	16390
35	75	16391
35	91	16399
35	71	16402
10	35	16405
13	97	16405
35	78	16409
35	77	16411
21	70	16417
35	38	16419
35	47	16422
3	35	16425
27	35	16425
35	82	16425
35	76	16426
35	97	16428
35	73	16430
20	35	16431
35	91	16431
35	70	16433
35	56	16434
35	73	16437
35	47	16438
49	93	16439
35	37	16440
35	49	16443
35	58	16443
35	49	16453
35	82	16454
9	35	16455
35	91	16465
35	87	16466
21	26	16467
35	49	16471
35	96	16472
21	35	16478
18	35	16479
35	38	16483
21	65	16489
35	38	16490
73	96	16491
27	35	16492
35	73	16493
35	56	16499
49	90	16508
14	35	16509
35	73	16509
22	35	16511
35	70	16512
35	47	16517
23	35	16518
21	35	16519
23	34	16522
10	35	16525
35	73	16525
35	98	16525
20	35	16533
73	96	16534
30	73	16536
21	35	16538
35	85	16539
4	35	16540
35	74	16545
35	47	16546
27	35	16548
35	76	16550
21	35	16553
35	69	16553
27	35	16555
15	46	16558
35	47	16559
35	73	16560
21	35	16562
35	73	16562
35	61	16564
15	29	16565
10	35	16567
35	92	16568
34	35	16569
35	82	16569
35	86	16570
35	90	16573
42	43	16573
35	57	16578
23	35	16581
35	47	16585
35	91	16589
35	73	16591
35	98	16593
35	90	16596
21	27	16597
35	76	16600
23	35	16601
35	84	16602
27	35	16606
27	35	16607
35	37	16607
50	88	16609
27	35	16610
62	81	16612
86	97	16613
35	38	16618
73	83	16622
21	38	16627
26	35	16627
35	92	16629
34	35	16631
35	55	16632
21	35	16635
27	35	16636
35	61	16638
35	65	16639
24	35	16646
7	35	16652
6	35	16654
35	38	16659
35	43	16668
35	70	16671
35	97	16680
35	65	16681
0	23	16683
35	89	16683
61	91	16684
14	35	16687
35	96	16688
35	96	16689
35	93	16690
27	35	16692
35	86	16692
21	96	16695
27	35	16695
15	35	16701
35	73	16706
38	95	16706
35	50	16707
35	96	16710
23	35	16715
35	70	16715
28	35	16718
0	27	16720
35	65	16721
27	35	16722
29	35	16724
4	35	16730
30	35	16730
35	49	16731
18	64	16735
35	38	16735
35	38	16737
27	34	16739
27	35	16740
35	37	16740
35	99	16744
49	67	16745
18	35	16748
35	70	16748
10	35	16749
24	35	16752
21	35	16755
21	35	16756
27	35	16757
35	38	16757
35	57	16757
8	90	16767
49	58	16770
21	35	16775
35	90	16775
27	61	16777
35	97	16781
25	35	16783
27	51	16791
35	98	16793
35	70	16795
21	35	16796
35	74	16797
35	98	16800
6	35	16802
0	35	16803
27	35	16805
21	35	16808
35	74	16808
21	35	16810
35	96	16813
27	60	16814
33	35	16814
21	41	16820
24	35	16824
0	35	16828
27	35	16830
47	49	16833
27	49	16837
21	35	16840
44	73	16841
35	93	16842
5	35	16848
27	35	16853
35	73	16854
35	73	16856
27	35	16857
35	42	16858
35	90	16859
35	73	16867
21	35	16873
27	35	16873
14	27	16875
35	90	16875
27	73	16876
34	49	16878
35	73	16893
0	35	16898
27	35	16898
35	87	16898
23	35	16909
35	87	16910
35	67	16910
27	35	16911
32	64	16911
6	35	16913
18	35	16917
21	35	16917
35	59	16918
35	70	16919
51	87	16920
35	73	16922
21	72	16923
35	36	16927
35	42	16927
35	88	16927
53	82	16929
15	18	16930
27	35	16930
35	73	16931
35	77	16934
35	87	16935
22	35	16936
35	91	16937
21	35	16943
10	35	16945
21	35	16946
1	35	16953
35	52	16955
35	50	16957
22	35	16963
35	65	16964
28	47	16967
31	35	16968
35	49	16969
21	35	16971
35	93	16971
12	35	16972
35	49	16973
35	36	16974
35	49	16976
27	35	16977
35	98	16982
6	35	16985
35	48	16985
27	35	16991
21	73	16994
26	35	16996
35	43	16999
35	50	17000
35	59	17002
21	35	17005
35	96	17005
35	37	17007
35	73	17009
49	99	17009
35	65	17010
35	61	17011
35	62	17011
67	83	17014
35	51	17015
35	50	17016
32	35	17018
50	65	17024
47	48	17026
49	87	17026
35	43	17027
35	69	17029
35	64	17029
0	35	17030
27	98	17035
35	49	17035
27	35	17041
18	25	17043
27	35	17046
12	35	17047
35	52	17048
35	50	17048
27	35	17057
35	54	17062
10	52	17069
27	58	17074
18	35	17079
27	35	17079
35	91	17089
35	93	17090
35	69	17092
35	93	17095
35	82	17095
32	35	17098
14	35	17100
27	35	17100
35	62	17100
8	35	17101
32	35	17101
35	87	17102
35	37	17104
27	35	17105
35	47	17107
27	48	17110
35	76	17110
29	80	17111
35	73	17117
35	50	17119
35	97	17120
2	35	17122
21	35	17127
23	99	17129
35	89	17130
10	35	17131
8	27	17132
35	73	17132
27	29	17133
35	72	17136
35	38	17137
35	38	17139
35	70	17144
21	40	17149
12	50	17150
35	97	17153
35	68	17155
35	90	17157
18	56	17158
21	35	17158
35	73	17158
35	73	17160
27	35	17166
27	35	17172
12	35	17173
21	78	17174
35	87	17180
35	43	17181
27	99	17182
31	35	17188
35	91	17189
5	35	17190
21	35	17190
51	74	17191
27	28	17194
35	51	17200
35	38	17205
35	90	17206
35	83	17211
10	16	17213
35	70	17214
21	35	17215
27	35	17218
35	82	17220
35	49	17226
35	81	17226
35	98	17229
28	35	17231
9	35	17234
27	35	17242
35	65	17243
21	92	17246
35	91	17248
21	35	17249
35	98	17251
92	98	17251
15	35	17253
33	35	17254
35	91	17256
31	76	17257
35	73	17257
18	35	17258
35	98	17261
27	35	17262
35	97	17266
7	58	17269
35	70	17269
21	35	17271
27	86	17271
67	98	17272
24	35	17274
35	89	17276
35	47	17278
35	96	17282
35	98	17283
35	47	17284
35	38	17286
35	61	17286
46	65	17287
35	38	17288
3	35	17292
21	35	17296
35	47	17296
35	51	17296
35	73	17297
35	68	17300
0	35	17304
35	73	17310
35	49	17311
27	78	17323
23	35	17324
15	35	17325
35	49	17335
47	65	17335
12	35	17338
21	35	17338
35	98	17338
35	47	17341
35	70	17343
35	49	17348
35	98	17356
5	76	17357
7	92	17357
3	35	17358
35	89	17360
21	35	17361
27	35	17362
18	35	17364
23	35	17364
0	47	17368
21	35	17368
21	35	17372
21	35	17373
35	82	17374
10	35	17375
12	35	17376
27	35	17376
23	35	17378
27	35	17379
15	35	17385
8	27	17386
21	35	17390
21	35	17392
32	35	17399
21	35	17401
40	46	17402
32	42	17420
15	49	17422
21	70	17423
27	35	17423
13	35	17424
21	35	17424
55	73	17431
35	93	17434
35	49	17438
35	38	17440
15	35	17442
35	79	17446
35	38	17447
35	74	17448
35	37	17451
1	35	17456
35	53	17457
35	61	17458
16	35	17459
1	35	17461
2	73	17461
27	35	17465
35	53	17468
35	43	17469
22	91	17470
6	35	17472
27	59	17475
25	35	17480
35	82	17483
35	96	17485
10	35	17486
15	35	17488
21	63	17491
35	85	17491
21	81	17492
35	98	17497
27	35	17498
35	79	17498
35	42	17504
35	49	17506
35	38	17520
18	35	17524
49	90	17524
28	55	17525
35	47	17525
35	70	17535
30	35	17537
30	35	17538
35	73	17538
35	47	17544
70	93	17549
35	49	17551
35	58	17551
35	70	17552
10	69	17559
20	35	17560
35	46	17563
21	35	17564
35	52	17565
21	89	17571
35	69	17573
35	73	17575
35	70	17578
38	91	17578
35	77	17583
35	73	17584
35	73	17586
21	35	17587
22	35	17588
35	88	17589
35	98	17594
35	46	17594
35	98	17597
8	36	17600
35	91	17601
21	35	17602
35	76	17602
0	23	17607
8	54	17609
21	35	17610
60	87	17611
24	35	17612
35	37	17613
23	35	17614
21	82	17615
35	94	17616
35	98	17617
47	83	17623
25	35	17624
27	35	17626
14	94	17629
27	35	17634
28	35	17634
34	35	17635
21	90	17636
26	72	17640
18	35	17646
35	49	17647
35	38	17649
35	51	17649
35	51	17654
27	35	17655
23	35	17658
35	56	17660
2	35	17661
21	78	17661
26	81	17662
16	18	17663
21	35	17664
35	61	17664
15	91	17666
40	47	17672
8	12	17673
35	73	17677
38	59	17678
27	50	17680
27	81	17681
35	83	17681
35	73	17688
21	35	17697
35	73	17698
35	98	17702
35	43	17702
35	64	17703
27	35	17704
35	47	17704
35	56	17706
27	35	17713
23	35	17717
32	35	17718
35	47	17718
35	61	17725
27	35	17727
35	99	17727
35	61	17731
0	35	17732
6	37	17732
0	35	17733
35	39	17734
35	53	17735
31	37	17737
32	35	17740
35	66	17743
21	35	17744
35	77	17744
45	79	17744
65	73	17754
35	38	17757
7	35	17758
22	35	17761
27	35	17770
35	90	17777
32	35	17779
35	38	17783
23	35	17788
25	35	17793
27	35	17797
35	53	17805
21	35	17813
35	39	17817
35	98	17821
35	61	17821
72	95	17821
39	59	17824
35	78	17827
29	38	17828
29	35	17830
21	35	17831
35	71	17832
32	35	17833
35	49	17835
35	81	17839
35	93	17841
35	98	17842
35	61	17842
61	98	17842
35	47	17844
35	59	17846
35	87	17847
21	35	17849
18	23	17851
1	35	17858
27	35	17860
35	70	17865
0	35	17866
35	99	17867
27	35	17868
35	64	17869
3	35	17871
18	49	17871
35	92	17871
21	35	17872
45	98	17873
35	49	17877
1	35	17878
31	35	17883
35	56	17885
35	71	17888
21	35	17890
27	35	17890
35	82	17890
35	46	17893
49	68	17893
10	35	17897
18	35	17899
12	77	17907
35	79	17915
21	35	17919
35	93	17919
35	47	17923
27	35	17926
21	35	17929
23	29	17930
21	35	17934
35	37	17936
25	59	17946
35	78	17946
6	35	17950
35	73	17950
35	82	17951
27	76	17952
21	35	17953
28	35	17956
35	88	17960
35	52	17963
30	70	17966
35	36	17966
27	35	17969
5	21	17973
35	70	17975
37	38	17975
11	35	17978
16	76	17985
8	35	17994
44	73	17994
35	98	17995
21	35	18002
28	30	18002
3	35	18004
15	68	18006
35	78	18006
21	73	18008
23	35	18009
35	47	18009
21	91	18012
35	38	18014
64	93	18014
35	62	18017
35	73	18018
4	35	18019
35	48	18019
35	70	18022
35	47	18029
35	40	18032
15	35	18034
35	90	18038
15	35	18042
35	38	18042
35	59	18042
23	32	18044
27	35	18044
19	35	18049
18	35	18050
24	51	18054
35	42	18055
0	35	18057
35	77	18057
35	70	18063
35	91	18073
18	35	18075
42	91	18082
35	51	18085
27	35	18086
35	85	18089
11	13	18091
21	35	18093
35	73	18093
23	47	18095
35	98	18097
35	38	18099
27	38	18100
70	98	18101
26	35	18104
21	35	18108
27	35	18108
70	72	18108
27	92	18111
35	87	18111
15	35	18114
18	97	18114
13	27	18115
35	81	18116
35	67	18117
23	35	18120
0	35	18123
27	35	18124
35	50	18126
23	35	18131
35	43	18134
35	47	18136
26	35	18141
35	92	18142
35	96	18151
35	71	18151
21	35	18154
35	49	18155
35	86	18155
73	90	18156
27	35	18158
34	35	18158
35	85	18161
5	27	18162
20	35	18165
27	35	18168
35	48	18172
4	35	18173
27	35	18176
35	94	18176
0	35	18179
35	46	18180
19	35	18182
21	35	18185
27	80	18185
27	35	18186
35	52	18187
23	35	18189
27	35	18189
21	69	18190
28	35	18191
35	49	18192
18	35	18195
21	45	18195
35	92	18195
49	88	18196
35	49	18197
2	35	18200
35	97	18201
71	97	18201
35	91	18202
35	47	18203
41	73	18209
21	35	18211
35	38	18211
10	73	18213
35	49	18214
35	97	18215
35	36	18217
18	35	18221
35	38	18222
35	73	18224
21	35	18225
35	65	18225
29	35	18226
35	91	18227
35	67	18229
4	35	18231
7	35	18231
35	73	18234
35	76	18235
21	35	18237
35	98	18237
35	85	18237
21	35	18239
27	86	18239
52	73	18239
21	57	18242
23	93	18243
35	93	18248
49	88	18251
35	55	18256
28	74	18264
35	61	18269
35	47	18270
21	23	18272
35	62	18274
35	91	18276
35	57	18279
36	38	18286
35	86	18287
50	73	18289
35	47	18291
46	52	18292
35	89	18298
4	35	18299
35	38	18299
35	93	18300
35	61	18306
35	53	18306
93	96	18306
54	65	18308
35	49	18318
21	35	18319
35	96	18319
35	93	18320
35	73	18324
65	77	18331
27	35	18333
35	60	18333
35	36	18334
28	35	18338
46	50	18338
23	35	18339
35	73	18345
27	35	18346
24	35	18350
27	35	18351
35	53	18355
35	66	18355
35	59	18358
21	65	18359
27	73	18361
35	73	18361
35	73	18362
47	98	18363
21	59	18369
21	27	18370
5	35	18371
6	35	18371
18	35	18377
10	35	18380
35	73	18380
35	98	18388
32	35	18393
35	52	18395
35	38	18398
35	93	18399
35	43	18414
12	35	18420
10	51	18425
27	73	18427
21	35	18430
32	35	18430
35	49	18431
35	98	18435
2	35	18436
21	33	18437
35	38	18437
27	35	18440
27	35	18442
35	49	18443
29	35	18444
35	79	18444
35	73	18447
35	55	18454
7	35	18456
73	85	18457
35	70	18461
25	35	18467
35	41	18468
23	35	18469
35	49	18470
35	93	18471
23	87	18474
5	35	18476
20	35	18476
35	40	18479
48	65	18480
27	35	18483
35	49	18483
0	21	18485
3	35	18491
27	35	18492
49	99	18496
11	27	18501
27	35	18503
27	37	18503
21	35	18505
23	84	18505
27	35	18509
21	35	18511
18	35	18517
21	35	18525
23	27	18528
35	39	18528
35	65	18531
35	69	18531
21	90	18532
35	73	18538
23	35	18540
35	45	18540
35	37	18543
35	39	18548
21	35	18552
35	49	18552
35	38	18552
27	35	18554
35	43	18554
35	98	18556
2	35	18557
38	87	18558
35	91	18559
36	50	18560
21	35	18561
32	49	18562
35	65	18562
35	58	18564
14	35	18573
23	38	18573
8	43	18574
44	53	18575
29	35	18576
35	89	18577
38	78	18578
33	35	18584
23	35	18588
35	66	18588
48	86	18588
23	49	18589
35	90	18589
35	38	18592
35	75	18592
35	38	18593
35	72	18593
27	35	18594
35	38	18595
4	35	18597
27	35	18598
35	51	18600
35	79	18601
40	90	18603
35	60	18609
35	49	18610
27	58	18611
10	35	18612
35	70	18612
35	98	18615
35	93	18615
35	41	18621
1	36	18626
35	75	18631
25	35	18633
35	98	18635
35	78	18638
35	73	18639
54	67	18641
35	38	18648
7	35	18656
35	87	18662
35	73	18669
35	47	18670
25	35	18671
35	76	18672
35	48	18677
6	35	18678
35	54	18679
31	35	18681
1	51	18683
35	37	18684
78	87	18685
64	94	18686
35	53	18688
35	98	18689
35	68	18690
44	73	18690
35	49	18697
35	44	18699
85	93	18701
1	91	18707
21	35	18710
11	91	18715
53	73	18715
27	64	18717
21	35	18719
21	27	18722
22	35	18723
35	64	18727
21	35	18731
8	23	18732
21	35	18733
24	35	18734
94	95	18736
3	35	18743
27	35	18745
27	35	18746
35	42	18747
29	35	18748
21	35	18749
35	73	18755
35	43	18757
35	64	18761
23	35	18762
27	35	18765
21	35	18766
35	91	18768
35	49	18770
35	41	18770
35	47	18771
21	35	18772
0	27	18773
32	35	18773
35	36	18774
9	35	18775
21	35	18776
35	91	18776
8	35	18779
35	73	18780
35	60	18780
9	35	18785
35	56	18785
47	49	18786
1	35	18788
35	49	18790
35	38	18790
35	98	18790
27	35	18800
35	90	18800
14	35	18803
35	58	18807
18	35	18811
35	44	18811
27	35	18812
21	36	18815
23	35	18819
35	89	18819
35	83	18819
10	35	18821
23	35	18821
6	35	18823
1	91	18824
35	81	18824
35	39	18825
52	86	18825
35	38	18830
8	83	18831
35	72	18831
18	35	18833
21	35	18834
21	40	18839
35	81	18841
23	73	18846
35	38	18847
35	56	18854
35	66	18854
11	25	18855
24	35	18856
4	96	18858
35	73	18859
35	61	18860
35	59	18862
10	35	18872
1	35	18881
21	35	18881
35	59	18882
14	35	18883
21	35	18885
21	98	18885
32	35	18886
27	35	18893
21	47	18894
15	27	18897
35	84	18898
35	58	18901
23	68	18903
27	35	18904
22	35	18905
35	88	18909
35	38	18915
35	42	18918
27	35	18921
35	47	18923
35	47	18930
35	49	18934
24	38	18936
35	64	18938
14	21	18945
35	78	18945
21	35	18955
35	91	18956
10	35	18957
35	47	18959
27	71	18964
35	49	18973
8	35	18975
44	49	18977
27	35	18978
27	35	18979
35	49	18982
35	45	18982
35	63	18983
35	47	18985
27	35	18986
21	23	18987
38	76	18987
35	61	18996
35	36	19007
41	61	19007
21	35	19008
3	35	19018
27	35	19018
35	90	19027
35	38	19030
24	35	19033
23	35	19038
35	38	19038
23	35	19039
35	98	19040
27	35	19042
12	35	19050
21	35	19051
38	87	19056
15	93	19068
27	35	19068
35	91	19071
23	73	19072
21	35	19073
35	73	19076
23	35	19078
35	49	19079
21	35	19081
23	35	19083
24	35	19083
55	97	19084
35	98	19085
35	58	19087
35	49	19094
23	35	19097
35	40	19098
29	89	19101
43	44	19106
24	90	19107
35	92	19109
27	35	19114
23	35	19121
27	35	19122
35	98	19133
35	73	19134
6	43	19138
69	92	19139
21	35	19140
28	35	19141
35	51	19142
35	87	19146
4	35	19147
0	70	19151
47	56	19153
34	83	19154
35	70	19156
70	90	19156
15	23	19157
35	98	19159
34	35	19164
24	35	19168
14	35	19169
27	97	19171
35	86	19173
35	68	19174
35	49	19176
48	90	19181
35	97	19185
35	47	19187
35	62	19187
21	58	19192
9	35	19193
27	35	19193
35	90	19193
35	98	19195
23	35	19197
27	35	19206
30	35	19208
35	47	19208
0	28	19210
35	50	19210
0	27	19212
21	35	19212
0	21	19220
15	35	19220
35	73	19222
70	73	19226
35	49	19227
35	57	19227
35	38	19229
35	40	19234
35	38	19235
35	80	19236
7	35	19237
16	35	19238
32	35	19240
35	73	19240
35	93	19240
35	89	19240
35	73	19242
35	38	19243
35	59	19248
49	90	19249
17	35	19251
35	82	19252
60	92	19252
35	96	19255
27	35	19259
15	21	19260
27	35	19264
35	38	19269
23	27	19271
35	73	19278
0	35	19282
19	35	19285
35	86	19288
0	21	19290
35	65	19290
27	35	19295
35	95	19298
35	90	19300
28	35	19301
35	92	19301
73	95	19304
23	35	19306
35	43	19308
32	35	19309
20	35	19311
21	23	19315
29	35	19315
35	53	19316
27	35	19318
35	82	19319
56	65	19322
35	90	19323
23	38	19328
90	91	19328
28	35	19329
35	91	19331
2	35	19333
5	35	19333
20	85	19342
35	67	19342
35	39	19342
35	98	19344
7	83	19347
15	29	19348
26	51	19350
35	87	19355
35	49	19357
2	35	19369
19	35	19372
21	98	19372
26	52	19376
35	60	19380
23	35	19389
21	35	19391
35	39	19395
35	38	19397
35	47	19402
15	35	19404
35	65	19405
23	35	19406
35	49	19408
83	85	19410
27	35	19419
9	30	19422
35	49	19422
35	50	19424
35	38	19425
63	65	19426
35	97	19427
27	35	19438
27	35	19441
48	76	19443
21	35	19445
35	98	19445
35	98	19446
35	73	19448
40	53	19451
27	35	19453
11	23	19454
17	23	19454
35	93	19456
35	93	19459
46	77	19464
4	35	19465
35	73	19465
35	46	19469
35	91	19473
35	41	19475
21	35	19480
32	98	19480
9	35	19481
21	73	19490
2	35	19495
21	35	19497
21	70	19501
15	47	19502
35	49	19504
3	73	19505
31	35	19506
8	35	19514
35	97	19515
35	49	19516
35	90	19516
35	95	19518
58	70	19518
35	70	19519
35	98	19520
18	35	19522
35	89	19523
35	71	19527
21	35	19528
35	65	19529
27	62	19533
10	35	19538
35	53	19539
35	61	19542
8	35	19546
92	98	19546
35	43	19548
15	21	19555
35	49	19559
21	35	19563
35	68	19564
35	65	19566
35	73	19567
27	35	19575
32	35	19576
21	35	19577
35	47	19580
35	58	19586
21	35	19587
27	35	19587
35	88	19588
21	73	19591
27	35	19592
27	35	19598
18	35	19602
35	91	19603
25	41	19609
16	35	19614
35	38	19614
2	70	19616
32	35	19616
35	90	19616
35	80	19616
21	27	19623
35	86	19623
35	50	19626
68	96	19629
33	46	19631
27	35	19634
9	35	19637
23	35	19638
35	47	19639
18	96	19641
35	90	19642
50	97	19642
65	87	19643
21	35	19644
27	35	19647
35	97	19647
21	31	19659
23	35	19659
4	35	19672
35	56	19674
21	35	19683
35	81	19685
35	40	19690
35	91	19691
51	97	19695
13	35	19696
41	96	19696
3	35	19710
21	35	19712
10	35	19715
35	98	19723
35	93	19726
60	97	19726
4	61	19728
30	35	19729
21	27	19730
35	40	19730
35	96	19733
35	83	19740
21	35	19741
21	54	19741
37	51	19741
35	73	19746
36	73	19747
35	54	19748
49	98	19748
35	38	19750
35	93	19751
22	35	19752
35	51	19752
27	38	19757
35	38	19759
27	35	19760
5	35	19762
31	35	19762
35	95	19763
27	35	19768
35	98	19771
27	73	19776
35	73	19778
10	35	19790
58	85	19791
35	78	19796
35	49	19798
23	35	19801
35	96	19803
4	35	19808
35	67	19808
9	35	19810
27	35	19810
35	47	19816
21	73	19817
21	35	19819
34	35	19819
35	46	19819
35	51	19823
35	46	19825
35	63	19832
35	65	19836
47	73	19837
29	35	19844
35	89	19844
27	35	19846
27	35	19848
35	92	19849
26	35	19850
19	91	19851
35	70	19860
35	73	19861
35	47	19866
23	27	19868
15	27	19874
35	47	19876
21	35	19882
36	37	19886
0	35	19889
35	58	19889
29	35	19890
34	35	19892
35	90	19901
35	73	19902
21	35	19904
31	98	19910
35	76	19913
35	45	19913
29	56	19914
35	83	19918
35	79	19918
20	73	19921
34	35	19925
35	54	19927
27	35	19930
23	75	19937
35	49	19939
27	83	19942
35	38	19942
23	35	19943
27	35	19946
35	69	19946
35	73	19949
27	74	19950
35	99	19958
35	49	19961
4	35	19963
32	38	19965
35	87	19965
41	49	19967
35	92	19968
1	35	19971
18	35	19972
35	62	19974
21	35	19980
35	38	19982
7	10	19984
8	36	19984
29	35	19984
35	49	19987
4	35	19988
2	35	19990
35	89	19991
35	44	19991
15	23	19993
35	97	19995
18	98	19996
27	44	19998
35	78	19998
31	79	20000
