6	17	1
4	74	9
42	90	19
29	76	23
32	47	26
0	36	30
0	30	33
4	52	33
3	63	38
46	47	38
36	63	51
2	46	53
7	91	54
12	70	67
54	57	67
54	81	76
30	54	79
38	58	85
9	34	89
28	30	89
30	52	92
4	96	96
3	14	97
30	43	99
24	30	107
13	34	110
2	95	113
28	87	119
34	97	120
50	91	132
48	76	147
29	49	149
24	54	156
17	54	160
4	54	166
34	86	167
15	81	168
22	54	171
23	54	177
47	50	179
7	32	193
4	13	199
3	83	203
41	67	207
4	54	208
12	99	216
48	86	216
54	63	229
8	86	249
14	86	257
67	82	259
14	23	266
36	76	271
54	80	272
54	72	273
13	37	275
35	76	283
29	96	293
22	52	297
87	92	305
49	74	309
4	94	314
54	95	315
52	66	316
58	70	335
4	20	337
23	83	337
12	45	342
10	54	347
73	80	347
56	63	352
54	76	354
4	27	359
20	51	367
9	43	376
16	35	376
41	61	378
4	63	382
14	22	385
36	96	386
76	80	386
19	86	388
4	9	394
54	96	399
10	55	400
34	89	403
52	73	413
34	54	414
55	70	416
92	96	422
33	52	423
4	58	424
37	55	424
3	4	427
29	83	428
52	63	437
5	60	447
18	86	448
4	72	451
91	93	456
4	20	469
2	52	471
16	54	471
38	64	474
19	23	475
52	54	477
27	64	478
2	38	480
4	48	485
0	12	486
4	49	486
9	57	489
52	74	502
54	61	502
12	36	510
32	52	511
53	92	511
24	54	513
34	77	522
30	57	534
51	86	537
72	89	540
4	14	552
9	68	563
64	69	576
9	74	584
47	78	592
4	58	599
4	26	601
4	54	603
27	68	604
54	67	614
52	75	615
83	97	620
24	46	623
60	88	624
36	42	634
54	58	650
42	70	654
15	52	660
51	52	668
13	56	676
4	85	686
21	82	687
30	96	691
12	25	696
4	63	698
16	54	704
29	63	711
29	52	727
18	45	736
23	54	740
23	25	741
4	9	753
28	36	757
52	99	757
54	65	760
34	57	761
60	61	762
5	40	765
36	55	771
46	58	776
54	84	781
34	58	790
15	90	801
30	31	803
72	79	810
73	85	810
25	54	819
46	63	833
4	49	836
4	37	837
23	32	837
64	68	837
4	37	844
40	72	847
87	96	849
24	61	851
36	61	854
0	22	857
3	36	860
16	63	865
4	52	870
47	66	884
5	19	886
9	63	886
38	72	892
56	72	895
34	91	901
30	98	904
54	70	909
32	96	911
4	54	920
12	65	920
34	63	933
54	74	933
37	51	947
25	26	949
43	61	950
23	26	956
32	63	956
85	95	958
35	81	971
0	35	974
45	58	976
4	19	979
20	84	982
80	84	985
2	36	987
18	50	996
2	25	1002
2	67	1002
49	83	1021
1	83	1029
41	56	1032
12	57	1041
63	79	1044
92	95	1056
43	49	1057
32	96	1071
22	73	1072
0	34	1077
17	56	1083
30	33	1085
26	63	1087
2	12	1097
4	60	1104
18	34	1114
42	84	1122
9	42	1126
9	78	1131
22	31	1139
54	55	1139
46	52	1142
54	62	1145
2	84	1151
9	49	1155
4	30	1157
37	45	1165
4	63	1173
54	63	1186
48	52	1187
10	21	1189
0	54	1190
10	65	1195
3	56	1206
48	54	1220
11	36	1222
38	64	1222
16	90	1223
0	14	1231
31	68	1231
75	93	1240
34	41	1241
4	36	1244
4	50	1245
34	54	1248
52	96	1248
0	63	1265
14	93	1270
77	83	1280
42	54	1286
52	55	1289
8	49	1296
52	58	1296
54	78	1296
23	73	1297
37	48	1302
52	61	1304
4	81	1314
18	28	1315
21	38	1317
4	32	1318
21	81	1319
13	86	1322
15	61	1324
46	63	1326
12	21	1328
54	68	1335
4	48	1339
25	98	1346
32	36	1349
2	10	1367
6	88	1374
27	54	1374
12	54	1380
49	83	1381
43	88	1384
2	61	1385
12	53	1386
26	58	1394
30	85	1404
63	82	1411
81	96	1425
54	78	1427
4	73	1434
63	87	1438
56	93	1440
4	54	1444
18	96	1451
21	74	1451
4	73	1457
4	34	1460
28	52	1462
52	58	1466
59	63	1475
0	70	1480
54	74	1481
52	56	1485
36	71	1502
31	37	1503
41	96	1505
4	54	1515
51	56	1517
52	97	1519
44	58	1524
9	28	1527
20	32	1529
26	32	1533
61	81	1533
30	65	1539
52	94	1543
57	95	1543
34	54	1547
53	61	1550
4	48	1567
31	54	1567
14	23	1572
27	34	1575
30	50	1579
4	28	1585
12	14	1588
54	63	1590
31	36	1595
5	96	1597
24	59	1598
42	52	1598
67	72	1599
30	54	1607
58	61	1615
15	31	1626
67	91	1636
4	38	1640
14	75	1643
4	93	1645
19	54	1645
25	59	1650
46	54	1657
54	96	1657
16	26	1661
4	54	1663
39	93	1668
42	74	1670
0	9	1681
30	34	1692
54	90	1694
0	29	1696
5	11	1703
33	54	1706
30	93	1708
29	81	1712
15	96	1714
4	85	1716
14	90	1717
19	24	1718
9	37	1719
84	94	1719
0	96	1723
12	44	1728
0	20	1729
34	52	1730
65	69	1737
38	87	1738
27	30	1748
17	72	1755
12	61	1756
39	81	1756
4	50	1766
17	49	1768
54	76	1771
2	76	1775
16	32	1778
7	30	1781
2	90	1811
36	52	1814
54	63	1822
64	92	1823
38	64	1826
0	32	1835
9	29	1836
0	44	1847
56	99	1848
83	95	1851
4	69	1859
79	91	1861
42	99	1867
17	97	1873
2	27	1879
3	47	1898
15	49	1898
8	89	1910
22	88	1910
4	37	1913
13	53	1920
30	35	1943
36	77	1951
0	20	1963
38	92	1967
36	56	1989
13	46	1994
30	54	2000
20	34	2011
2	54	2017
46	54	2020
31	47	2039
58	87	2047
18	50	2053
4	93	2056
30	54	2058
90	94	2059
12	85	2061
15	37	2081
4	42	2084
40	55	2088
4	57	2093
13	39	2101
54	86	2105
19	86	2107
0	30	2110
4	46	2116
30	50	2133
4	39	2141
40	61	2143
4	90	2145
4	85	2146
83	98	2152
27	54	2168
9	23	2175
4	54	2179
36	54	2180
15	94	2181
36	66	2181
31	63	2186
8	91	2197
9	63	2201
32	72	2201
2	74	2202
32	60	2216
4	96	2220
21	84	2229
4	30	2235
15	22	2239
41	98	2241
46	63	2279
45	70	2281
32	99	2293
39	81	2297
4	62	2308
9	85	2308
37	54	2308
52	81	2310
0	36	2321
50	63	2324
32	54	2342
72	86	2349
72	85	2350
54	60	2356
43	49	2361
45	75	2368
42	64	2371
78	99	2377
60	82	2389
4	37	2395
32	39	2398
13	36	2404
8	98	2410
98	99	2412
86	95	2415
20	27	2419
22	26	2422
33	87	2425
33	37	2430
49	68	2430
0	69	2433
4	52	2433
4	69	2443
4	57	2444
2	18	2449
25	61	2451
34	36	2451
30	46	2452
2	39	2457
5	83	2458
4	67	2463
2	34	2467
19	44	2469
34	53	2470
32	33	2471
34	87	2474
33	90	2475
4	14	2480
18	48	2485
2	82	2492
48	63	2494
32	48	2501
61	77	2501
46	77	2510
23	39	2519
37	58	2528
5	58	2530
33	42	2531
22	73	2535
21	54	2539
41	74	2541
54	97	2541
8	84	2544
23	34	2549
37	75	2563
4	12	2570
30	45	2576
40	85	2579
34	96	2581
54	58	2605
49	70	2610
4	36	2618
2	12	2625
38	63	2635
4	95	2638
1	54	2640
48	67	2641
30	34	2645
17	84	2650
3	54	2651
4	36	2662
4	37	2665
30	54	2668
35	98	2670
15	68	2678
22	95	2678
85	89	2681
14	36	2686
96	99	2691
4	25	2692
11	58	2702
78	84	2704
54	75	2706
35	53	2714
9	48	2731
52	54	2734
52	83	2758
68	75	2772
4	9	2776
54	99	2779
2	58	2781
30	55	2781
41	52	2784
54	59	2785
3	84	2802
4	88	2811
2	81	2812
2	51	2820
2	66	2824
44	55	2830
72	73	2835
4	28	2845
3	37	2846
30	94	2850
39	54	2850
7	81	2854
12	60	2854
84	92	2858
36	38	2860
4	66	2870
46	47	2875
19	37	2884
11	53	2890
17	19	2890
37	99	2892
9	36	2899
5	32	2906
58	85	2915
30	35	2923
38	93	2925
54	82	2944
0	85	2948
2	49	2954
0	22	2958
19	48	2962
16	36	2964
4	77	2969
45	54	2980
37	82	2983
38	42	2991
26	71	2992
7	28	2993
0	74	2996
30	42	3001
34	61	3002
14	29	3005
9	15	3011
60	88	3012
62	65	3012
41	54	3038
9	34	3046
12	54	3064
52	67	3064
83	84	3073
31	54	3075
60	77	3080
0	34	3082
72	95	3095
54	67	3098
56	82	3099
34	46	3100
22	54	3103
44	72	3105
13	42	3108
92	97	3114
90	91	3118
35	63	3119
52	54	3128
34	77	3134
42	90	3142
18	72	3144
54	58	3147
30	49	3150
15	25	3151
17	49	3155
4	24	3160
4	53	3161
84	95	3165
42	95	3167
2	63	3171
42	46	3179
4	53	3191
58	87	3198
2	57	3200
9	85	3204
34	81	3211
9	57	3233
19	96	3234
9	95	3239
36	37	3246
4	97	3251
15	54	3252
53	56	3262
52	80	3264
54	65	3264
24	46	3274
3	10	3275
42	52	3281
73	76	3298
33	58	3322
57	92	3333
54	92	3336
30	54	3339
45	99	3340
38	67	3342
66	86	3364
0	4	3376
11	38	3386
13	68	3391
52	81	3395
38	61	3401
39	98	3404
6	44	3411
9	85	3416
30	36	3417
32	34	3418
53	63	3422
4	22	3427
4	47	3432
18	77	3436
17	54	3448
4	9	3452
1	80	3454
32	84	3456
5	25	3459
45	64	3467
12	23	3470
54	55	3472
53	58	3480
50	60	3483
10	30	3490
30	34	3496
32	48	3512
54	65	3517
11	90	3518
34	81	3518
11	70	3521
54	85	3524
8	61	3529
54	84	3531
12	83	3537
44	72	3555
58	89	3555
46	97	3558
44	65	3560
41	52	3564
0	32	3569
2	12	3577
58	93	3580
4	85	3590
46	95	3596
4	25	3603
81	94	3604
0	12	3605
42	65	3606
37	89	3615
17	30	3617
31	95	3622
9	33	3625
85	89	3626
4	33	3628
53	84	3628
4	32	3629
54	79	3642
90	93	3644
34	88	3659
21	30	3665
36	89	3669
9	63	3670
56	73	3670
40	63	3671
25	34	3672
12	42	3674
3	54	3675
7	19	3684
14	84	3691
5	25	3699
18	56	3700
25	42	3715
55	86	3717
54	60	3731
2	69	3738
15	38	3739
9	68	3748
38	74	3752
27	36	3754
41	97	3764
37	54	3766
1	82	3769
34	36	3771
4	7	3777
25	61	3789
26	93	3791
3	9	3794
17	54	3794
44	66	3795
1	93	3798
12	28	3801
0	46	3803
0	95	3805
27	54	3808
4	54	3815
9	63	3817
4	53	3819
9	63	3819
17	56	3821
32	58	3826
4	26	3844
36	99	3854
32	38	3857
78	88	3865
21	26	3868
16	83	3870
8	29	3872
0	56	3876
12	34	3881
28	58	3883
9	33	3884
65	93	3897
29	54	3901
60	97	3902
54	65	3914
11	52	3915
22	34	3917
9	54	3920
50	73	3929
0	45	3935
4	85	3947
34	39	3949
4	63	3950
4	54	3952
4	29	3959
7	23	3969
38	48	3977
12	55	3981
8	68	3983
29	63	3983
28	99	3998
32	84	4005
7	67	4007
19	63	4007
34	35	4009
61	87	4016
7	52	4017
6	54	4025
43	61	4030
4	54	4038
25	32	4038
42	45	4044
25	54	4060
61	67	4071
5	44	4078
4	44	4083
12	53	4083
36	54	4086
15	36	4090
13	19	4092
78	94	4092
18	37	4102
13	66	4115
29	70	4115
4	46	4123
54	86	4136
68	69	4136
4	8	4144
5	88	4146
82	93	4154
54	78	4155
55	60	4155
41	58	4164
4	53	4165
20	94	4181
8	34	4183
4	70	4185
4	48	4187
5	99	4187
28	33	4192
41	66	4201
0	63	4204
54	62	4209
0	14	4215
19	30	4217
13	60	4220
36	52	4222
5	42	4231
2	61	4242
37	86	4243
4	54	4262
72	81	4263
2	50	4264
72	73	4265
38	67	4275
47	54	4275
48	60	4281
58	95	4285
34	51	4287
9	81	4288
43	91	4291
32	70	4311
41	58	4320
19	60	4331
56	64	4332
12	95	4339
43	65	4340
36	76	4341
54	85	4345
30	54	4346
35	48	4355
23	95	4367
67	98	4367
54	81	4375
9	70	4384
36	56	4384
2	54	4401
37	58	4403
6	63	4405
72	85	4409
16	34	4414
62	75	4417
2	61	4419
7	19	4420
7	53	4421
54	56	4428
34	46	4432
15	54	4435
54	84	4443
27	42	4445
32	94	4447
73	76	4457
9	42	4459
4	9	4473
20	52	4474
44	54	4479
37	54	4482
13	52	4486
16	30	4487
23	54	4497
49	71	4497
37	75	4526
4	49	4534
4	94	4543
34	46	4552
5	52	4553
4	37	4554
82	93	4558
54	89	4562
12	43	4565
24	63	4567
9	63	4571
25	41	4589
4	35	4599
67	86	4602
0	56	4607
37	54	4613
9	60	4617
32	73	4617
54	91	4617
42	76	4618
52	63	4626
12	25	4638
15	34	4638
17	35	4644
37	52	4647
83	86	4649
5	91	4650
31	58	4651
1	63	4653
3	67	4666
19	54	4673
52	88	4681
46	82	4682
29	97	4696
32	37	4700
0	85	4701
71	81	4701
28	31	4705
9	96	4708
4	97	4712
9	40	4714
2	52	4726
12	66	4728
4	50	4729
9	79	4732
29	75	4733
34	73	4740
48	74	4744
32	66	4745
6	22	4758
9	32	4760
36	46	4760
19	88	4761
67	88	4765
67	95	4767
29	55	4769
29	31	4778
2	70	4789
30	53	4799
4	58	4801
28	46	4803
17	43	4808
30	54	4816
9	54	4818
24	54	4827
5	54	4832
36	41	4833
70	95	4838
34	89	4841
22	91	4842
3	42	4845
54	57	4863
38	65	4879
44	58	4888
55	95	4889
54	80	4897
2	54	4904
34	39	4912
88	96	4916
2	46	4925
36	54	4926
32	34	4928
40	69	4935
16	42	4937
25	34	4940
31	47	4943
32	52	4947
32	59	4947
18	48	4953
28	39	4968
0	1	4980
90	93	4984
13	74	4993
4	52	4998
41	75	5004
28	73	5007
52	54	5021
48	70	5022
0	46	5026
9	54	5035
4	15	5036
49	52	5036
51	64	5037
8	56	5039
20	47	5043
39	54	5047
32	54	5054
46	61	5054
26	67	5065
9	79	5066
34	62	5067
60	67	5072
2	46	5073
4	36	5093
58	82	5104
3	7	5105
34	86	5109
28	61	5121
61	83	5123
25	74	5137
81	99	5140
0	25	5141
25	29	5148
30	63	5151
4	54	5160
4	25	5164
70	80	5166
11	27	5174
86	97	5174
25	51	5175
34	39	5179
7	57	5182
21	37	5182
18	36	5191
4	84	5192
96	97	5194
60	69	5198
18	48	5199
54	82	5214
15	78	5218
36	71	5222
34	80	5231
30	52	5239
6	17	5242
49	73	5243
52	63	5253
9	31	5257
4	85	5261
12	55	5268
42	57	5278
34	37	5280
43	50	5290
13	40	5296
19	95	5296
37	52	5297
25	28	5298
4	19	5303
17	95	5309
4	98	5315
20	87	5317
54	75	5324
8	92	5333
61	73	5334
47	58	5335
46	61	5354
22	23	5359
4	34	5362
25	54	5364
25	47	5366
22	54	5371
36	88	5390
54	97	5398
43	47	5399
4	52	5407
60	96	5407
37	86	5418
43	53	5420
54	73	5425
12	53	5427
13	21	5429
36	96	5432
7	54	5444
36	63	5457
49	77	5460
54	97	5463
12	60	5469
4	54	5481
42	80	5481
23	52	5484
1	13	5516
32	84	5522
30	95	5523
46	63	5547
6	12	5552
12	97	5552
0	52	5557
25	58	5558
54	63	5560
50	52	5564
75	88	5566
4	93	5575
5	53	5581
8	12	5583
13	80	5587
64	96	5594
0	9	5598
18	34	5604
33	46	5613
39	78	5618
30	51	5625
16	92	5629
43	60	5636
26	56	5639
20	56	5647
13	54	5649
28	93	5650
77	85	5658
52	71	5659
27	56	5664
63	94	5666
4	17	5671
36	79	5698
4	54	5703
52	78	5706
7	74	5710
48	64	5714
35	73	5721
15	28	5732
4	96	5735
9	90	5741
19	86	5745
46	56	5748
0	57	5749
0	29	5755
21	70	5760
57	73	5769
4	58	5774
4	73	5775
44	47	5784
4	93	5788
46	89	5789
25	54	5794
17	68	5795
41	91	5806
18	66	5810
70	88	5812
14	25	5814
63	69	5816
4	81	5817
6	47	5835
17	54	5838
61	97	5839
29	32	5850
2	25	5856
20	85	5857
67	81	5861
37	59	5863
63	92	5871
30	63	5893
35	96	5894
32	85	5899
54	86	5900
32	74	5909
0	95	5916
19	20	5931
19	79	5933
25	85	5946
27	88	5948
96	98	5948
29	97	5952
4	32	5954
2	41	5966
20	78	5967
0	58	5978
30	38	5978
88	94	5987
30	72	5993
31	54	5995
42	54	5999
22	54	6001
57	99	6009
31	35	6015
28	30	6019
15	95	6028
44	72	6034
57	99	6035
30	72	6039
31	53	6040
22	51	6043
9	54	6045
57	65	6047
78	82	6048
23	44	6056
4	52	6059
9	88	6059
25	88	6063
43	54	6067
25	35	6070
54	58	6070
1	42	6077
34	39	6080
5	49	6085
25	47	6086
34	42	6104
4	17	6108
0	93	6129
34	86	6130
30	50	6135
97	99	6139
52	54	6140
0	4	6143
12	13	6151
22	66	6156
18	30	6157
12	42	6158
4	49	6159
4	25	6161
9	30	6166
19	42	6166
0	71	6176
14	70	6180
4	41	6188
34	41	6188
9	54	6192
11	27	6211
4	90	6212
3	67	6218
48	54	6226
9	46	6231
17	30	6238
68	86	6239
41	54	6242
4	38	6254
54	96	6273
54	74	6273
43	86	6279
49	63	6285
10	34	6287
4	54	6291
31	69	6304
42	43	6304
54	73	6310
9	96	6315
34	70	6318
9	34	6326
12	13	6336
20	54	6338
36	54	6342
63	73	6343
17	52	6344
37	90	6353
65	80	6360
33	86	6363
37	77	6363
16	38	6365
40	84	6366
12	99	6390
17	96	6392
30	92	6396
12	59	6398
33	54	6406
55	91	6415
37	84	6417
4	52	6421
13	48	6434
4	54	6436
14	32	6447
58	59	6448
4	26	6454
4	24	6455
52	62	6457
55	61	6465
79	80	6471
30	64	6475
4	36	6483
46	81	6483
38	67	6490
57	93	6491
32	54	6493
4	46	6496
32	42	6503
4	74	6507
54	62	6508
19	54	6514
58	84	6515
4	85	6519
27	54	6526
25	39	6531
14	29	6544
9	34	6545
42	54	6546
4	83	6547
18	91	6547
63	93	6548
52	59	6551
0	34	6569
9	61	6579
32	85	6579
2	83	6581
5	82	6584
14	56	6592
49	83	6596
66	84	6602
53	61	6604
70	83	6611
43	54	6612
30	68	6617
34	36	6618
34	38	6625
4	34	6631
42	71	6631
31	84	6636
53	62	6641
9	59	6643
4	34	6648
4	8	6655
31	98	6665
41	74	6665
10	12	6668
36	65	6669
9	60	6671
4	65	6682
35	93	6682
4	93	6689
12	92	6693
38	46	6696
56	79	6698
9	40	6705
34	52	6716
29	89	6718
32	83	6731
39	88	6737
34	95	6739
36	54	6740
11	54	6743
54	70	6747
20	29	6752
2	53	6759
33	41	6762
9	63	6765
31	33	6771
8	30	6773
8	66	6774
4	92	6806
25	54	6824
59	85	6825
54	58	6829
29	30	6837
54	55	6837
58	71	6844
17	49	6853
4	77	6865
20	78	6865
9	81	6871
3	21	6874
23	34	6875
22	50	6879
70	79	6891
4	9	6894
5	69	6898
9	17	6899
58	73	6900
36	43	6908
4	55	6919
4	49	6926
42	46	6934
52	54	6935
0	99	6941
2	42	6948
13	89	6948
4	56	6952
8	41	6952
5	65	6953
69	73	6954
16	95	6961
0	45	6963
17	70	6972
2	5	6981
54	96	6985
32	61	6986
27	49	6990
43	68	6990
45	56	6990
0	95	6993
4	54	6993
22	91	6994
34	58	7015
4	87	7025
19	34	7029
4	90	7033
42	78	7033
29	34	7035
27	38	7073
88	94	7073
22	27	7076
29	93	7076
8	90	7077
79	81	7081
13	38	7083
54	67	7083
52	91	7102
56	96	7105
36	47	7113
5	37	7115
24	39	7117
82	91	7117
7	30	7120
9	85	7122
38	41	7123
4	32	7127
12	36	7139
77	86	7139
83	90	7145
58	80	7154
23	63	7157
54	63	7176
54	85	7176
54	61	7179
0	34	7183
4	30	7191
0	71	7195
4	13	7195
16	49	7206
3	67	7212
4	32	7213
14	70	7216
2	77	7220
4	20	7237
84	91	7237
18	60	7243
52	56	7243
4	44	7252
30	67	7253
5	88	7256
56	61	7260
78	92	7270
54	89	7272
32	46	7276
36	51	7277
52	94	7278
25	54	7286
54	96	7292
9	94	7313
4	52	7317
17	62	7318
4	95	7322
53	54	7325
63	69	7339
25	54	7344
63	93	7349
6	27	7367
38	67	7367
10	56	7380
46	86	7390
58	68	7390
86	94	7393
34	49	7395
4	86	7397
21	31	7399
44	54	7399
4	13	7401
9	10	7415
11	17	7415
4	34	7416
4	58	7417
19	36	7422
20	58	7422
9	58	7427
4	53	7428
42	75	7428
5	66	7443
3	9	7444
49	99	7445
23	34	7453
54	84	7457
68	93	7462
17	61	7467
38	79	7472
65	77	7473
29	82	7475
13	35	7480
12	52	7482
22	31	7498
34	70	7516
19	54	7522
4	53	7525
32	73	7525
24	67	7529
6	99	7544
69	84	7558
5	72	7561
36	84	7562
13	37	7565
3	66	7568
97	99	7569
5	15	7583
12	78	7587
17	54	7595
56	99	7596
4	59	7604
23	42	7611
38	87	7617
9	32	7621
54	99	7621
59	78	7626
30	52	7629
4	38	7635
30	54	7635
7	25	7636
19	28	7641
54	96	7642
18	80	7647
32	54	7647
12	13	7671
14	54	7671
47	72	7671
61	79	7673
32	63	7675
42	44	7691
25	81	7695
10	12	7707
25	92	7724
36	95	7729
84	93	7738
14	52	7740
7	57	7743
28	72	7746
32	34	7749
1	36	7758
36	49	7758
33	74	7759
4	30	7762
12	86	7762
42	84	7763
4	46	7765
38	77	7776
4	80	7778
20	32	7781
13	96	7788
34	36	7788
5	44	7810
0	16	7811
50	76	7815
4	38	7823
21	72	7826
31	35	7830
8	78	7837
44	47	7858
47	91	7859
4	73	7861
90	99	7863
36	54	7870
40	77	7876
13	95	7877
20	54	7897
37	63	7899
91	99	7914
2	39	7933
58	66	7935
72	84	7940
44	63	7944
39	54	7954
56	57	7958
9	54	7959
37	63	7973
54	90	7973
29	80	7979
0	63	7980
56	84	7983
30	92	7992
67	97	7993
19	89	8003
50	53	8004
61	62	8011
49	53	8015
22	97	8020
23	42	8028
4	39	8029
54	58	8031
3	33	8036
63	76	8036
13	75	8037
89	96	8037
4	49	8042
17	34	8047
4	71	8052
36	54	8062
21	85	8063
0	54	8064
76	93	8066
27	57	8095
50	77	8095
4	9	8100
4	56	8116
54	55	8121
42	54	8124
58	99	8125
9	36	8126
0	16	8128
10	63	8129
4	60	8131
54	64	8131
47	54	8133
89	98	8145
54	61	8148
47	54	8156
92	96	8160
4	71	8161
16	92	8163
4	91	8164
66	74	8167
57	73	8169
49	58	8176
42	92	8177
31	85	8179
55	86	8179
32	83	8181
63	90	8189
0	30	8196
17	21	8202
16	38	8208
8	65	8209
2	4	8212
37	89	8213
4	90	8214
36	77	8230
24	78	8235
47	54	8235
2	39	8239
35	80	8242
32	97	8246
34	54	8253
36	78	8260
34	52	8285
2	63	8288
4	12	8290
54	94	8292
2	13	8314
32	72	8314
31	73	8323
10	45	8324
71	93	8329
2	35	8333
58	83	8350
10	13	8351
46	95	8367
69	84	8375
9	22	8381
29	59	8384
30	61	8390
50	53	8396
37	58	8400
24	56	8409
49	70	8409
68	84	8422
32	48	8432
34	47	8448
19	32	8449
7	30	8463
28	30	8470
18	24	8478
42	46	8478
39	82	8480
4	12	8483
30	70	8483
2	60	8485
24	36	8496
11	42	8508
4	12	8512
7	47	8512
4	26	8517
10	52	8522
21	32	8524
4	30	8541
10	62	8541
30	88	8542
57	84	8544
17	40	8546
38	73	8557
18	36	8558
4	34	8563
4	36	8565
16	30	8565
13	35	8567
73	75	8567
14	38	8572
36	72	8576
2	7	8577
24	42	8579
73	95	8592
9	36	8609
4	36	8620
4	9	8638
5	59	8639
54	72	8639
55	75	8642
4	29	8644
54	63	8650
28	89	8652
9	32	8654
4	45	8655
9	35	8663
17	30	8664
8	11	8667
31	89	8671
13	19	8679
37	80	8687
37	49	8698
83	86	8700
9	54	8703
63	71	8713
36	54	8718
36	41	8736
19	58	8740
25	69	8745
18	37	8747
51	65	8750
33	61	8770
4	57	8777
50	52	8783
77	94	8785
86	95	8797
13	95	8803
36	48	8803
12	58	8804
3	86	8813
37	88	8815
56	85	8816
52	82	8821
25	42	8825
19	35	8833
9	25	8839
2	25	8844
48	51	8848
43	50	8858
41	95	8862
16	59	8865
54	75	8876
24	53	8884
42	54	8888
9	63	8895
56	77	8899
4	58	8900
8	72	8902
10	58	8903
34	37	8903
54	55	8904
6	53	8909
71	73	8912
43	53	8931
32	84	8933
25	63	8934
6	34	8935
30	72	8945
52	69	8949
46	52	8951
23	49	8955
4	54	8965
17	37	8965
13	55	8968
43	54	8979
21	28	8981
40	99	8993
30	64	9001
8	30	9018
2	54	9019
34	75	9022
37	58	9022
13	83	9023
48	74	9024
4	53	9030
54	82	9033
4	49	9035
27	54	9037
30	92	9038
0	32	9043
4	48	9058
34	47	9060
54	67	9060
34	97	9068
4	16	9074
13	19	9078
61	66	9079
8	23	9083
20	46	9083
9	34	9084
7	8	9098
9	19	9101
25	97	9106
19	40	9107
54	61	9112
16	36	9123
53	96	9131
31	38	9134
9	13	9140
19	75	9142
55	85	9144
26	28	9152
40	95	9162
31	71	9165
78	91	9184
30	90	9185
3	49	9187
58	67	9189
53	58	9190
4	18	9196
9	49	9199
11	38	9199
18	92	9207
16	53	9209
9	44	9219
4	41	9220
9	28	9220
54	81	9220
15	61	9224
18	82	9229
28	72	9230
32	93	9237
0	4	9238
16	34	9243
40	95	9252
29	85	9269
4	73	9285
52	61	9288
9	56	9293
4	90	9299
27	42	9300
42	90	9302
4	47	9311
54	79	9311
4	12	9314
9	67	9315
4	54	9319
28	80	9320
9	58	9323
9	97	9328
54	81	9330
86	89	9332
30	43	9334
1	75	9336
31	34	9345
37	54	9349
54	77	9356
8	30	9360
41	85	9362
11	54	9363
32	38	9364
6	45	9366
51	54	9369
4	54	9370
4	58	9370
19	34	9378
4	62	9386
0	15	9405
38	50	9406
35	61	9408
54	67	9409
41	79	9414
52	54	9416
2	10	9420
44	65	9421
52	86	9426
2	4	9434
2	55	9443
32	68	9451
2	19	9457
43	44	9460
54	82	9460
34	54	9470
58	67	9472
9	96	9475
54	69	9475
52	54	9476
63	69	9480
12	67	9483
54	88	9487
43	58	9491
48	78	9492
4	54	9496
32	69	9502
2	4	9504
18	80	9510
38	39	9510
42	52	9510
30	89	9515
6	12	9518
30	92	9520
30	56	9529
6	15	9533
6	67	9534
4	76	9540
9	77	9543
52	58	9544
47	58	9547
18	42	9550
0	4	9557
25	86	9557
29	54	9560
19	34	9576
63	85	9577
0	30	9587
13	21	9589
14	89	9593
22	58	9607
16	99	9612
44	48	9614
4	48	9622
30	39	9626
4	31	9635
49	82	9643
0	49	9646
19	89	9651
19	70	9655
26	88	9659
34	96	9660
19	51	9661
4	15	9662
50	74	9662
2	32	9665
68	76	9668
32	69	9676
60	84	9678
36	39	9682
62	83	9682
42	54	9683
32	54	9684
9	38	9694
30	50	9694
54	70	9709
49	86	9710
5	36	9719
14	39	9724
12	74	9737
4	72	9739
34	56	9746
46	64	9757
25	79	9768
56	94	9771
10	60	9775
1	47	9776
12	54	9789
54	99	9792
8	47	9807
19	54	9807
4	22	9809
19	39	9833
14	19	9840
28	35	9847
32	36	9850
49	58	9850
9	96	9852
13	54	9862
4	22	9871
20	34	9875
38	69	9884
8	54	9899
36	67	9910
39	48	9915
6	30	9921
54	62	9928
47	74	9931
2	63	9935
2	11	9935
28	54	9935
8	54	9937
31	67	9938
52	54	9949
9	73	9954
5	35	9956
77	95	9958
46	87	9962
9	97	9967
4	39	9969
32	66	9972
12	63	9975
13	37	9976
2	9	9979
4	51	9986
14	52	9986
42	43	9987
32	37	9997
54	60	9998
63	78	9998
66	95	9998
4	15	10000
10	50	10004
54	94	10005
33	54	10016
20	77	10018
4	79	10020
3	9	10021
0	70	10023
1	57	10027
22	81	10031
54	65	10048
1	52	10051
5	82	10065
30	38	10065
42	79	10071
67	90	10076
16	54	10077
21	57	10077
2	22	10092
6	54	10092
8	44	10095
49	86	10098
30	54	10102
18	54	10114
64	85	10118
43	91	10125
6	28	10130
4	54	10135
1	91	10137
16	99	10137
66	93	10137
16	50	10147
0	96	10151
15	49	10151
58	66	10152
10	54	10159
21	54	10159
42	93	10160
6	32	10163
11	47	10167
14	46	10174
70	81	10178
9	76	10180
30	76	10181
0	80	10183
20	95	10183
25	98	10187
32	54	10188
27	73	10193
17	99	10200
4	12	10203
6	43	10217
13	78	10229
20	58	10235
10	54	10239
10	17	10252
50	96	10257
41	90	10258
7	32	10260
35	54	10262
4	69	10263
30	54	10264
54	75	10265
9	45	10270
4	54	10271
9	99	10279
85	95	10281
34	79	10283
18	36	10286
33	82	10286
0	4	10296
29	98	10304
0	36	10305
4	34	10305
40	52	10311
30	87	10313
7	47	10315
2	54	10317
24	34	10317
9	21	10327
43	54	10329
14	49	10331
28	86	10331
36	54	10336
11	63	10339
63	72	10350
52	72	10351
29	89	10365
20	54	10367
22	33	10367
19	29	10371
48	54	10379
46	63	10388
4	52	10389
41	61	10390
7	28	10391
5	36	10395
30	54	10395
13	31	10398
4	47	10408
8	63	10409
36	43	10410
37	66	10410
37	99	10411
20	87	10419
2	4	10425
14	46	10428
9	13	10431
18	95	10436
0	80	10437
13	22	10443
20	45	10450
27	34	10454
36	58	10464
4	54	10470
0	64	10475
32	80	10481
51	56	10485
1	53	10493
54	70	10495
4	54	10509
36	52	10514
9	43	10516
44	50	10524
4	97	10526
13	32	10527
54	91	10529
0	60	10530
7	44	10533
53	54	10533
2	11	10536
4	57	10537
25	53	10538
36	52	10543
28	46	10552
19	27	10554
30	66	10555
6	49	10558
22	61	10559
57	58	10562
23	35	10566
46	54	10581
0	1	10584
49	58	10586
30	54	10594
54	93	10608
83	89	10611
4	99	10616
54	61	10616
63	68	10616
46	47	10631
28	49	10639
79	99	10643
24	91	10649
42	52	10650
2	96	10651
4	30	10659
29	47	10660
54	58	10661
33	63	10663
63	82	10667
54	75	10674
43	63	10687
4	63	10694
4	60	10703
34	37	10703
49	50	10706
4	99	10719
22	80	10725
9	96	10727
40	97	10727
16	54	10729
33	34	10735
5	32	10736
54	84	10736
36	60	10741
54	96	10741
2	28	10749
54	76	10749
18	43	10761
47	88	10761
24	37	10764
18	63	10766
36	73	10774
28	31	10778
2	4	10780
7	32	10785
49	52	10788
17	26	10793
30	54	10797
14	27	10799
4	69	10800
4	78	10802
37	54	10803
58	70	10804
13	42	10813
31	37	10813
15	98	10816
37	65	10818
21	23	10824
36	81	10839
4	70	10846
9	57	10846
25	84	10847
4	77	10848
67	77	10856
4	19	10878
47	54	10891
27	54	10900
30	54	10910
52	58	10921
54	66	10923
4	30	10929
66	97	10933
51	70	10947
9	33	10959
27	76	10960
13	54	10979
0	54	10986
9	50	10998
11	19	11001
37	54	11001
39	67	11016
44	77	11019
55	80	11019
63	77	11028
4	78	11031
34	45	11031
0	22	11033
36	74	11036
10	54	11037
15	62	11038
48	73	11040
4	68	11042
4	96	11043
36	54	11050
34	36	11053
28	54	11055
4	34	11061
10	48	11062
4	19	11070
6	52	11075
4	84	11076
16	34	11081
4	36	11087
56	97	11098
65	92	11099
83	85	11100
9	68	11107
14	32	11109
78	88	11125
4	49	11141
22	34	11141
23	54	11156
28	46	11157
30	74	11158
10	63	11159
30	68	11159
21	30	11160
3	9	11162
33	58	11171
12	34	11188
27	53	11189
36	54	11189
54	68	11190
47	78	11201
4	86	11210
4	30	11214
22	46	11220
36	85	11228
34	67	11231
54	85	11240
1	69	11252
17	54	11259
30	77	11260
34	64	11272
48	96	11284
4	17	11287
36	70	11287
9	54	11290
30	53	11303
31	54	11305
44	63	11307
42	74	11309
40	54	11316
61	90	11318
9	19	11320
4	6	11328
24	30	11328
0	91	11330
39	98	11336
54	65	11337
54	72	11345
0	18	11348
74	75	11348
0	54	11359
37	82	11362
60	68	11365
5	44	11366
33	52	11378
2	79	11381
54	78	11382
11	92	11403
19	75	11406
4	47	11407
58	66	11410
54	94	11414
30	66	11423
4	58	11426
93	97	11434
4	87	11435
52	54	11443
34	70	11454
35	40	11454
9	73	11456
32	36	11459
27	54	11463
32	91	11478
49	73	11491
21	46	11494
54	58	11502
58	91	11504
2	90	11506
54	87	11510
4	6	11513
52	67	11516
4	54	11521
54	61	11527
43	54	11529
5	13	11530
25	54	11534
58	59	11535
36	54	11540
66	82	11545
9	54	11548
9	10	11555
52	69	11557
12	76	11573
4	38	11600
0	61	11602
13	95	11603
4	41	11604
2	51	11605
11	61	11607
32	63	11613
7	32	11618
4	77	11619
34	66	11624
37	78	11624
11	30	11625
10	30	11631
9	97	11632
12	81	11633
19	84	11636
54	61	11636
34	54	11637
58	94	11637
33	36	11644
42	83	11648
4	61	11658
30	37	11660
19	34	11673
33	54	11673
53	54	11674
51	91	11678
16	54	11686
2	54	11705
6	34	11705
1	55	11706
49	77	11706
34	54	11714
64	83	11715
40	42	11717
24	43	11720
54	93	11725
63	65	11725
34	96	11728
46	52	11730
67	78	11730
20	65	11731
30	47	11738
10	52	11740
34	67	11745
4	96	11747
16	96	11750
31	35	11753
20	24	11755
25	89	11761
30	86	11771
30	65	11775
40	81	11775
51	72	11777
63	80	11780
21	28	11800
34	85	11800
15	42	11801
58	66	11807
28	78	11814
33	41	11818
9	91	11822
4	48	11824
34	76	11824
16	27	11825
4	54	11827
32	40	11831
26	39	11835
47	54	11845
58	74	11857
32	54	11861
61	68	11864
4	44	11867
30	54	11868
25	32	11869
85	91	11872
4	94	11873
30	78	11887
61	62	11887
18	54	11890
22	34	11890
68	84	11905
0	58	11906
10	21	11913
36	96	11923
14	60	11930
9	32	11938
4	60	11942
4	28	11945
57	65	11948
4	97	11949
4	13	11962
4	38	11964
4	46	11965
7	89	11966
4	54	11970
32	36	11974
9	43	11977
4	14	11981
6	32	11982
36	73	11985
52	54	11996
88	95	12007
40	54	12008
35	84	12035
56	60	12046
12	76	12053
4	20	12054
2	52	12058
14	30	12059
8	54	12062
46	85	12065
2	46	12068
77	92	12068
2	30	12099
5	61	12099
5	32	12107
40	89	12109
62	83	12109
2	89	12111
43	71	12115
50	52	12118
31	37	12121
34	91	12131
15	48	12134
1	4	12137
7	19	12137
62	77	12141
0	2	12148
24	80	12154
25	34	12154
4	63	12156
9	22	12161
34	63	12166
4	54	12167
17	84	12170
19	97	12171
38	98	12191
13	82	12194
38	55	12195
4	54	12196
4	40	12197
36	56	12207
23	34	12209
36	56	12210
54	71	12218
11	31	12219
61	90	12220
23	40	12225
2	48	12227
53	93	12234
36	84	12239
4	80	12243
21	54	12243
22	40	12250
13	39	12254
95	98	12261
2	4	12262
11	24	12262
4	54	12271
35	96	12276
24	54	12289
54	77	12292
47	93	12295
90	95	12296
30	42	12304
23	66	12305
32	58	12312
4	52	12335
67	86	12346
4	43	12357
5	41	12367
56	63	12369
0	61	12370
52	78	12373
0	4	12375
54	55	12376
18	63	12381
4	25	12383
30	33	12383
31	59	12383
0	58	12387
76	89	12390
52	84	12391
34	97	12395
46	88	12408
4	54	12425
54	91	12430
0	75	12434
31	42	12446
3	90	12451
30	37	12451
42	60	12454
72	82	12475
54	87	12485
0	41	12486
63	91	12489
19	56	12493
32	42	12500
9	54	12502
41	94	12503
57	63	12512
26	29	12514
39	66	12515
34	47	12521
72	85	12531
7	72	12533
4	21	12539
63	93	12549
8	69	12551
17	73	12551
1	44	12553
4	20	12557
56	64	12560
14	34	12565
52	76	12566
48	79	12572
5	62	12579
9	36	12586
4	66	12587
25	30	12588
0	4	12597
26	99	12599
4	5	12601
38	63	12603
34	95	12604
32	56	12605
4	14	12614
58	63	12614
52	63	12617
54	71	12618
35	46	12626
9	14	12629
26	63	12629
1	69	12630
9	28	12633
0	12	12636
2	28	12640
30	51	12648
4	95	12653
31	54	12659
28	30	12666
20	46	12667
34	74	12667
12	75	12669
28	84	12674
60	71	12674
9	96	12678
54	90	12682
4	56	12683
4	54	12687
87	93	12691
5	81	12695
4	49	12699
5	37	12703
4	32	12709
9	73	12721
47	91	12724
8	71	12725
4	62	12731
49	54	12733
4	72	12739
52	56	12741
4	10	12747
4	13	12765
19	37	12770
52	97	12777
4	43	12779
30	95	12779
49	52	12787
12	52	12800
28	54	12801
4	51	12814
70	97	12817
38	57	12826
61	70	12826
14	42	12828
54	82	12832
30	37	12842
43	54	12846
14	18	12854
19	31	12854
70	79	12888
48	62	12890
6	94	12893
32	69	12911
56	72	12924
1	53	12925
0	4	12927
2	92	12953
2	67	12955
32	37	12965
18	61	12975
31	46	12982
4	77	12990
91	98	12994
9	97	12996
13	43	13004
46	63	13004
21	64	13006
2	63	13011
4	9	13012
52	58	13020
26	55	13027
41	54	13029
4	12	13037
13	32	13038
4	7	13042
4	27	13044
48	63	13048
6	18	13051
50	63	13057
10	91	13061
9	22	13068
4	63	13078
63	86	13080
4	39	13089
42	57	13097
6	95	13098
0	34	13103
24	38	13110
26	42	13116
44	54	13120
54	76	13132
13	52	13138
4	67	13139
22	96	13149
51	58	13149
6	50	13159
3	54	13161
18	54	13161
34	54	13162
9	54	13169
52	72	13176
21	83	13179
46	86	13186
52	67	13201
4	99	13206
39	68	13207
9	10	13210
41	70	13212
61	67	13228
0	26	13235
52	67	13235
54	96	13235
35	74	13241
8	34	13243
25	54	13244
4	63	13248
47	93	13251
58	85	13256
33	41	13258
13	91	13264
21	24	13265
21	84	13267
4	42	13272
13	30	13280
2	54	13288
40	95	13289
0	30	13298
37	39	13305
9	42	13310
4	65	13313
52	94	13323
9	12	13324
13	95	13325
61	67	13328
57	58	13331
5	93	13332
15	29	13334
2	54	13340
32	34	13353
34	35	13353
54	63	13354
25	54	13355
16	80	13368
34	76	13370
70	93	13370
4	36	13377
0	47	13384
16	80	13384
37	53	13390
19	77	13396
27	34	13397
54	56	13398
54	97	13400
0	42	13403
34	52	13405
4	49	13412
18	45	13425
0	32	13429
27	41	13435
36	78	13439
4	64	13440
4	74	13443
0	38	13446
22	79	13447
4	91	13456
5	80	13465
63	80	13474
13	54	13477
28	85	13479
30	52	13498
36	46	13503
37	66	13503
50	61	13503
20	31	13513
31	99	13516
54	61	13517
36	53	13520
54	73	13520
70	84	13526
5	36	13538
29	58	13556
39	52	13567
6	42	13569
4	29	13570
28	81	13570
4	62	13573
67	69	13576
31	45	13577
52	53	13577
10	83	13578
30	54	13590
10	19	13592
9	30	13593
63	79	13601
63	72	13605
9	63	13610
12	81	13612
33	66	13616
54	97	13617
54	63	13625
14	54	13630
29	72	13630
22	78	13635
47	63	13636
4	46	13642
0	27	13648
11	29	13649
14	34	13650
46	82	13662
32	41	13663
25	81	13666
50	64	13668
51	54	13671
39	73	13674
22	67	13679
37	42	13679
9	29	13690
54	58	13695
80	94	13696
29	35	13700
4	54	13702
4	70	13703
4	53	13707
14	97	13720
1	9	13722
29	86	13723
33	96	13730
67	69	13734
31	92	13736
30	54	13737
36	53	13738
48	54	13750
23	36	13755
12	26	13758
30	93	13758
58	63	13758
34	84	13760
9	11	13764
46	75	13766
19	58	13772
55	61	13787
35	70	13790
30	34	13791
16	95	13811
11	22	13812
54	66	13813
28	36	13817
25	54	13820
4	19	13827
56	63	13832
30	40	13838
14	29	13843
24	89	13845
2	19	13856
4	28	13856
11	38	13858
6	18	13859
23	32	13863
54	97	13887
42	54	13889
21	37	13890
18	28	13891
9	31	13900
4	79	13901
40	70	13901
13	54	13902
39	92	13909
23	38	13920
38	86	13920
36	95	13921
43	91	13922
0	51	13929
30	60	13929
4	31	13936
49	67	13936
34	42	13945
23	78	13946
25	80	13946
16	73	13960
36	54	13962
32	54	13965
5	81	13977
54	92	13978
5	30	13981
10	85	13981
65	71	14010
18	96	14014
42	54	14014
54	78	14019
75	84	14021
38	98	14022
10	54	14023
19	25	14026
13	68	14040
0	35	14042
12	25	14050
30	88	14060
54	60	14071
51	78	14072
2	5	14080
19	54	14084
52	58	14100
51	77	14111
9	53	14118
4	58	14126
17	29	14126
32	97	14142
9	15	14143
54	84	14144
9	19	14147
31	34	14154
47	99	14161
52	63	14162
2	99	14172
27	52	14172
32	49	14178
13	64	14181
46	58	14185
32	34	14194
36	54	14215
29	84	14228
0	87	14236
13	67	14239
42	63	14241
32	58	14243
30	33	14259
32	34	14259
4	20	14273
34	39	14274
1	4	14290
2	60	14290
37	81	14298
53	54	14311
4	17	14312
34	76	14312
4	63	14318
36	88	14318
15	45	14322
4	55	14337
4	19	14338
80	91	14341
4	18	14344
32	54	14346
0	42	14348
5	77	14351
4	56	14353
39	44	14357
1	7	14359
58	95	14366
4	63	14368
69	79	14386
9	91	14395
28	54	14398
20	35	14402
52	96	14410
14	84	14415
4	91	14424
21	48	14430
2	77	14439
27	63	14439
15	33	14446
9	39	14447
41	45	14458
22	87	14460
64	73	14460
34	41	14464
9	74	14466
54	59	14468
23	30	14474
16	52	14476
13	69	14485
14	54	14486
4	47	14490
48	81	14491
4	55	14496
20	52	14499
32	77	14508
54	60	14509
19	81	14512
24	41	14515
28	63	14523
54	58	14526
28	91	14529
34	67	14529
31	44	14530
42	48	14533
50	54	14545
30	92	14549
19	31	14551
4	54	14555
5	32	14564
30	34	14588
34	54	14589
5	17	14591
0	74	14592
11	31	14592
4	29	14599
34	41	14606
4	63	14614
13	41	14622
19	35	14629
4	75	14635
0	20	14637
20	54	14637
81	91	14647
75	96	14651
22	42	14661
2	54	14662
31	60	14665
63	97	14667
84	86	14704
26	48	14709
4	12	14718
13	70	14718
53	83	14719
44	49	14736
2	52	14739
4	46	14750
63	85	14750
7	77	14756
4	21	14762
0	56	14763
46	57	14771
73	99	14784
10	97	14786
13	25	14787
46	63	14787
48	90	14798
2	4	14803
19	95	14803
12	25	14820
47	91	14827
2	48	14840
6	97	14844
54	80	14847
4	47	14854
63	92	14854
3	63	14856
11	73	14858
62	79	14860
41	74	14863
36	49	14880
58	96	14882
17	34	14886
9	19	14894
41	97	14906
10	38	14911
27	36	14911
39	42	14915
4	54	14922
4	25	14936
65	76	14937
4	58	14940
34	77	14942
37	78	14942
0	44	14951
12	95	14963
4	75	14974
56	80	14978
18	44	14991
4	54	14994
57	90	15001
34	75	15004
40	54	15007
32	42	15010
23	63	15016
17	54	15027
49	66	15030
4	81	15034
4	76	15036
30	71	15043
97	99	15047
22	24	15049
2	34	15050
3	48	15055
51	63	15086
9	13	15091
24	46	15094
41	72	15097
0	95	15099
63	80	15099
71	85	15100
4	87	15101
0	31	15104
2	24	15104
2	75	15107
30	32	15108
74	87	15109
34	39	15113
6	68	15114
35	58	15124
9	63	15145
1	94	15147
54	83	15159
50	75	15161
9	92	15163
28	51	15163
54	95	15164
5	35	15168
40	64	15175
24	56	15178
4	60	15179
16	97	15191
54	87	15191
45	86	15192
30	38	15193
9	13	15194
35	52	15195
54	99	15202
32	61	15214
4	89	15216
54	73	15235
13	88	15237
13	32	15241
6	14	15244
54	68	15245
4	68	15247
19	80	15247
4	80	15252
34	52	15252
2	54	15265
34	97	15266
34	56	15275
34	37	15278
70	86	15281
28	62	15288
20	54	15298
7	54	15301
27	77	15306
60	90	15314
38	46	15320
34	36	15327
4	78	15359
4	56	15363
54	98	15366
63	72	15367
5	54	15368
46	60	15370
54	75	15370
11	95	15391
62	98	15395
2	65	15400
55	58	15412
76	97	15415
30	37	15416
47	54	15427
4	12	15445
2	4	15447
4	75	15447
8	12	15449
54	78	15449
0	51	15466
4	61	15469
23	34	15472
24	81	15473
52	58	15477
54	91	15479
34	86	15481
54	91	15484
4	85	15488
25	54	15488
36	70	15490
73	79	15491
67	80	15492
16	29	15495
32	37	15497
4	59	15501
0	55	15508
71	85	15518
46	52	15521
4	79	15524
4	85	15525
53	58	15527
54	91	15531
37	54	15536
4	58	15538
35	71	15547
4	92	15560
12	32	15560
62	95	15561
18	85	15564
9	57	15565
1	13	15567
54	73	15567
40	51	15569
32	96	15575
83	97	15586
30	34	15594
4	54	15596
4	25	15597
32	34	15608
4	54	15624
4	54	15639
34	48	15639
2	57	15640
13	15	15649
29	66	15664
52	85	15669
5	92	15672
9	42	15677
9	25	15680
10	16	15687
30	63	15689
49	52	15689
4	39	15690
36	40	15693
86	88	15694
6	36	15696
4	19	15713
4	57	15713
36	86	15722
58	69	15723
32	95	15725
8	16	15729
9	99	15734
0	63	15739
4	23	15746
9	35	15749
33	46	15755
34	39	15755
4	46	15767
9	58	15779
39	72	15779
36	93	15797
5	32	15802
10	30	15802
28	29	15808
32	82	15812
19	60	15813
33	37	15816
37	70	15816
63	80	15831
10	64	15833
7	84	15849
4	10	15851
34	54	15851
22	40	15857
0	54	15858
33	79	15864
38	54	15870
35	99	15882
3	76	15896
29	32	15912
54	85	15916
44	95	15917
9	58	15919
54	77	15919
9	88	15926
15	64	15931
32	61	15934
54	84	15934
51	54	15949
38	40	15953
4	54	15956
26	54	15956
52	56	15958
7	38	15963
19	83	15967
0	43	15973
4	10	15979
46	54	15982
34	66	15995
67	96	15995
25	41	16005
31	78	16005
41	55	16012
19	73	16019
36	54	16024
45	96	16028
0	10	16034
80	84	16040
0	96	16056
19	71	16062
25	84	16065
39	54	16065
32	58	16068
56	74	16069
2	21	16071
56	67	16073
32	54	16077
53	67	16078
20	85	16086
24	38	16098
10	57	16112
54	94	16121
46	51	16125
2	32	16126
37	70	16130
9	39	16131
4	56	16136
4	89	16138
18	29	16138
0	32	16141
54	82	16142
30	52	16144
4	94	16152
39	54	16152
48	64	16159
54	58	16164
30	80	16169
97	99	16173
34	54	16185
46	51	16191
32	92	16193
3	92	16197
4	33	16201
0	30	16204
32	84	16204
36	53	16204
54	94	16214
63	90	16217
43	58	16223
0	67	16229
19	77	16229
36	64	16239
41	61	16240
54	70	16240
30	54	16246
36	63	16250
10	80	16261
54	63	16266
21	46	16283
42	77	16284
29	78	16287
14	42	16289
58	89	16293
34	85	16299
84	94	16299
54	62	16300
8	74	16308
25	32	16308
31	66	16311
5	67	16312
13	54	16315
0	92	16323
2	8	16327
53	86	16328
13	61	16330
2	4	16331
34	61	16340
36	91	16344
52	54	16350
71	86	16355
47	63	16356
36	46	16357
37	66	16358
4	8	16364
4	52	16365
4	21	16367
46	54	16371
21	36	16372
31	75	16379
0	46	16380
11	54	16382
46	54	16385
27	67	16388
5	54	16394
40	80	16396
1	68	16401
14	82	16402
47	87	16402
40	49	16406
28	38	16416
4	9	16421
4	30	16425
23	83	16426
30	56	16430
31	95	16447
27	47	16453
5	43	16457
4	18	16462
19	80	16464
37	54	16464
54	92	16464
32	54	16467
9	87	16480
4	63	16489
9	72	16491
27	46	16491
20	40	16505
10	54	16510
36	79	16516
34	54	16527
4	63	16533
6	54	16542
13	54	16544
39	82	16546
54	93	16553
4	87	16554
49	73	16555
9	74	16556
9	47	16565
66	96	16571
12	52	16573
34	54	16592
4	66	16597
22	30	16600
30	92	16606
38	76	16616
85	93	16620
20	47	16623
12	19	16626
54	55	16635
34	42	16640
35	69	16640
8	54	16648
5	96	16653
34	54	16655
48	97	16660
4	25	16669
2	4	16677
46	81	16677
12	83	16681
54	91	16681
0	54	16700
50	52	16719
66	92	16723
9	32	16734
12	32	16738
16	75	16744
25	86	16747
38	80	16747
9	63	16763
64	78	16768
19	96	16771
2	95	16780
34	60	16782
4	34	16784
23	54	16784
29	96	16786
37	65	16795
4	32	16796
4	82	16802
53	97	16803
54	70	16810
47	64	16813
9	61	16827
49	52	16833
46	54	16834
54	56	16834
32	41	16846
0	43	16860
12	47	16863
58	91	16865
52	54	16876
3	77	16890
45	61	16894
76	84	16895
30	61	16898
1	3	16899
4	46	16910
54	65	16916
7	42	16919
11	13	16922
12	50	16932
36	83	16932
46	81	16934
36	37	16937
4	48	16938
19	49	16941
42	79	16944
56	86	16947
54	58	16949
34	63	16962
31	70	16968
34	39	16970
52	63	16972
42	50	16978
53	63	16978
54	93	16983
11	80	16984
7	50	16990
34	77	17002
7	25	17009
34	91	17012
32	34	17019
4	32	17021
56	73	17030
9	38	17032
84	86	17034
15	83	17036
4	39	17050
62	68	17054
54	72	17062
18	40	17070
1	29	17074
4	69	17078
46	52	17081
0	43	17087
37	97	17087
4	54	17091
4	37	17094
31	54	17095
54	84	17095
13	94	17099
9	67	17101
49	54	17104
25	36	17105
85	93	17106
9	34	17108
0	67	17110
2	19	17120
52	62	17121
12	58	17124
54	63	17128
46	81	17130
30	76	17132
13	38	17140
65	84	17153
28	57	17168
4	9	17176
33	39	17179
36	96	17187
2	9	17191
4	96	17191
13	55	17192
10	12	17193
4	36	17198
42	54	17199
4	26	17208
52	79	17218
0	54	17221
19	48	17224
6	46	17232
44	54	17236
10	34	17237
30	47	17239
0	44	17261
23	54	17263
38	47	17263
30	70	17264
12	79	17265
41	71	17266
19	32	17268
31	54	17272
4	36	17274
28	81	17276
30	36	17276
86	92	17278
36	97	17284
20	54	17288
54	77	17288
43	95	17290
43	55	17296
2	83	17298
22	99	17298
44	69	17304
52	84	17305
34	39	17316
13	67	17318
9	60	17321
34	54	17321
9	89	17327
53	80	17330
49	58	17332
63	64	17332
4	33	17348
4	54	17355
5	94	17357
68	82	17358
36	52	17360
7	73	17366
4	95	17378
46	52	17381
28	54	17384
32	91	17385
8	54	17390
2	47	17399
8	54	17402
30	57	17405
49	76	17407
30	73	17412
50	76	17417
2	40	17421
36	58	17427
44	95	17427
36	94	17437
47	84	17439
10	14	17443
4	8	17449
4	54	17456
9	97	17475
0	9	17483
58	65	17488
66	94	17494
4	54	17503
4	36	17505
4	77	17508
4	86	17518
2	39	17559
54	67	17565
4	58	17573
6	59	17576
4	21	17583
31	47	17585
16	65	17587
32	46	17597
0	48	17601
17	64	17602
4	92	17604
70	83	17608
39	98	17611
5	87	17617
54	77	17622
33	84	17627
16	77	17629
41	63	17630
3	32	17636
17	21	17642
4	19	17645
27	28	17646
35	56	17646
4	74	17656
63	92	17661
0	6	17663
58	63	17664
9	30	17672
34	82	17678
17	25	17680
25	30	17681
48	96	17683
0	4	17699
33	36	17701
4	54	17713
51	97	17718
4	28	17730
30	57	17749
38	46	17760
2	32	17762
29	52	17770
32	79	17776
4	45	17780
24	49	17781
54	86	17803
54	72	17803
41	58	17814
37	57	17816
19	63	17819
4	19	17821
0	54	17837
15	34	17846
4	54	17854
4	9	17854
1	44	17856
54	62	17861
4	40	17868
26	32	17871
34	39	17871
33	74	17882
4	37	17888
43	58	17894
42	82	17896
53	61	17903
48	97	17914
32	34	17925
36	63	17945
30	54	17946
4	63	17964
27	30	17968
1	50	17969
61	62	17975
27	67	17978
32	35	17981
52	56	17987
54	72	17988
26	86	17989
19	54	17990
18	21	17992
0	45	17994
13	56	17997
54	85	18004
54	74	18008
9	95	18013
12	17	18013
19	96	18014
54	58	18015
0	40	18017
4	48	18039
9	55	18042
73	96	18046
4	19	18049
30	31	18057
8	30	18058
19	33	18086
3	4	18092
4	24	18104
4	16	18121
89	97	18125
2	54	18127
33	67	18147
24	84	18164
37	96	18169
51	72	18171
73	90	18185
4	54	18186
62	83	18192
4	83	18193
0	22	18198
13	70	18198
3	16	18200
28	58	18200
29	53	18206
4	47	18214
63	66	18214
58	89	18220
4	10	18222
54	91	18223
31	97	18232
31	73	18235
25	87	18238
47	81	18247
52	61	18261
20	32	18262
27	34	18264
30	69	18271
34	93	18291
4	54	18294
19	65	18300
35	37	18301
4	56	18303
0	4	18307
54	63	18311
34	54	18312
34	58	18330
20	37	18340
52	92	18342
35	52	18347
63	77	18348
18	54	18349
10	84	18352
36	52	18372
2	63	18377
4	29	18379
37	43	18384
79	81	18385
61	74	18413
12	34	18417
1	37	18422
20	53	18423
34	50	18437
4	54	18441
61	82	18451
4	75	18460
36	45	18472
9	31	18475
4	82	18477
12	21	18481
54	96	18483
48	75	18485
4	54	18486
13	30	18488
54	96	18496
58	94	18498
4	43	18502
4	61	18503
50	70	18504
4	8	18507
38	77	18512
21	25	18515
36	78	18515
42	74	18520
54	99	18520
30	58	18521
54	77	18530
17	38	18533
38	67	18535
24	93	18538
13	14	18547
74	87	18550
86	87	18550
72	86	18557
34	46	18558
4	29	18560
17	39	18565
8	93	18566
52	66	18569
9	36	18575
46	91	18576
26	54	18584
61	63	18588
54	62	18596
1	16	18611
11	83	18612
32	68	18616
36	54	18617
25	35	18628
30	84	18628
1	39	18629
52	63	18631
3	13	18633
4	99	18634
4	93	18639
30	37	18651
14	34	18653
43	54	18663
53	80	18667
4	94	18668
36	39	18669
18	44	18673
0	54	18680
31	63	18682
4	22	18686
14	85	18686
52	74	18687
0	36	18689
4	56	18703
2	4	18704
25	66	18717
37	99	18750
26	58	18755
9	62	18759
14	57	18759
4	47	18760
65	96	18765
46	86	18770
36	83	18772
36	84	18776
58	64	18783
42	82	18790
34	45	18793
4	28	18800
7	27	18812
80	97	18812
80	86	18822
15	32	18829
52	67	18832
29	57	18835
30	54	18835
16	65	18839
12	46	18846
50	68	18860
4	14	18864
28	54	18864
68	80	18873
52	88	18881
4	63	18885
20	72	18891
19	24	18896
66	80	18897
5	77	18902
37	89	18903
5	92	18913
4	79	18914
21	34	18918
6	22	18926
29	78	18937
2	41	18943
4	16	18948
32	73	18965
22	54	18966
43	49	18967
40	42	18968
27	54	18975
32	44	18975
4	63	18976
16	57	18987
4	36	18988
26	58	18990
9	12	19003
8	97	19004
4	22	19007
25	63	19017
32	34	19025
12	32	19027
9	54	19029
54	78	19032
36	52	19034
13	78	19037
4	52	19060
56	66	19065
0	30	19068
54	63	19073
38	54	19076
53	54	19076
5	87	19093
4	17	19100
32	72	19102
0	27	19105
19	30	19118
17	50	19119
9	66	19124
52	53	19130
9	70	19156
4	92	19157
46	77	19160
6	66	19163
19	46	19163
10	52	19164
36	52	19166
20	47	19192
23	95	19199
4	52	19205
4	7	19217
15	86	19223
17	33	19223
22	54	19224
19	25	19227
12	38	19231
44	51	19236
54	85	19237
66	95	19244
63	92	19260
32	96	19261
50	73	19275
54	58	19277
48	93	19280
82	85	19287
48	87	19293
42	75	19298
60	77	19300
44	52	19303
48	94	19306
52	63	19307
1	4	19312
24	34	19317
29	63	19326
2	4	19327
91	96	19331
61	83	19336
49	67	19338
0	13	19341
12	63	19344
0	69	19357
13	98	19358
31	94	19367
36	55	19369
30	46	19375
36	47	19379
0	74	19388
2	35	19393
78	98	19393
24	94	19397
6	95	19400
10	57	19400
46	67	19401
6	28	19410
4	59	19422
9	54	19422
76	77	19435
65	91	19439
8	51	19451
21	63	19459
6	25	19466
4	63	19486
20	33	19487
32	49	19493
40	54	19493
2	54	19497
11	54	19498
35	52	19505
4	54	19506
4	70	19515
33	54	19516
45	69	19516
10	81	19519
2	54	19520
17	80	19525
0	9	19533
25	42	19533
4	41	19536
4	52	19541
19	75	19543
39	45	19551
8	72	19569
32	64	19570
49	73	19571
30	82	19573
9	36	19578
37	47	19579
32	96	19587
58	82	19588
17	18	19590
4	27	19611
4	22	19626
54	97	19626
7	30	19634
34	37	19635
25	54	19637
4	43	19653
73	80	19653
45	91	19665
16	58	19685
36	63	19699
35	74	19707
10	29	19708
54	64	19712
21	96	19718
7	73	19722
17	63	19728
32	63	19741
5	77	19750
30	60	19751
4	59	19760
3	63	19763
54	67	19767
36	46	19789
4	13	19795
42	64	19796
39	74	19803
14	41	19807
40	65	19807
54	67	19808
4	30	19809
7	54	19818
7	74	19820
30	54	19824
36	47	19824
63	94	19837
4	54	19838
30	54	19843
23	34	19845
5	26	19846
5	61	19848
38	50	19849
49	70	19852
9	53	19857
11	82	19891
63	77	19892
30	67	19899
2	13	19904
34	54	19907
50	77	19915
58	71	19917
16	36	19922
46	64	19925
4	25	19929
36	50	19931
54	83	19943
18	54	19946
9	73	19954
63	80	19956
58	71	19959
4	30	19963
54	85	19974
13	94	19979
63	74	19980
30	52	19990
25	54	19995
23	72	20000
